-2.757475192227146210e-03,-4.438678181160117253e-01,-5.476249926771438181e-01,-1.119445182082141610e-01,-4.941546791129422522e-02,-1.030007407327959978e-01,-1.667565028774233016e-01,6.409978506848441893e-02,1.519382751343918980e-01,-2.662412638597910775e-02,6.507791528304149309e-03,-6.935513374778587425e-03,1.148725875646393335e-02,3.295274463957775096e-02,2.820302840833509295e-02,6.611728210463506394e-02,-4.225227483687341717e-02,4.666166916879549431e-02,3.657553972286131660e-02,-4.329235089152227989e-02,6.261335506270579443e-02,-2.162970914990445387e-02,-1.442155911283922454e-02,-3.551666420245720018e-02,-1.738609041001028255e-02,2.409764402602034006e-02,1.115591261214783289e-02,-8.644974128226082244e-04,4.075084030667000534e-02,-6.819784875045215716e-03,3.874733907931764143e-02,1.196501006290451724e-01,-1.149863956333143852e-02,3.949713451969283362e-02,1.432181252933570348e-02,5.860722158482389171e-03,1.335728383717850465e-02,4.123497468155420953e-03,-4.480351905177810262e-02,-3.225318022850004462e-03,1.027723030081970634e-01,-3.227393958509181676e-02,-7.586781735239389590e-02,4.628502688373573037e-02,-1.479870727924957607e-03,-3.981722679806150300e-02,-3.531397997193302246e-02,-6.858758979426786417e-02,3.073874459532432990e-02,-1.950868374240380954e-01,-8.426494339194198768e-02,-2.256995176365767519e-01,2.325297375409307588e-02,-2.532688839512430012e-02,3.063088857581380137e-02,1.385677520831900544e-01,-2.592822946729023831e-02,7.798194326327015369e-02,-4.644481283257350518e-02,3.383401631502435530e-02,6.521234882328859339e-02,-1.087103489951699725e-01,1.851027391197385130e-03,-1.382303160773127974e-02,-2.400089716345879531e-02,-1.862918518853473593e-02,1.714005318655842380e-03,-8.857174183294619363e-02,-1.671403999811717223e-02,8.973204755227559559e-03,-1.063672039234154487e-01,-3.699520254944613923e-02,-5.404726023662466405e-02,-2.802666579257175744e-02,-4.914509419826983139e-02,-9.017470649602885024e-02,-6.884281194089578171e-02,-6.099424287360220853e-02,-4.634769790294330366e-03,-4.482590531852398419e-02,2.205451547097733028e-02,-1.239350625099981951e-01,-3.437815424829326894e-02,5.978789581980820111e-02,2.481472323568703620e-02,8.469066069916796058e-02,3.275382912985904185e-03,1.125145547981845906e-01,5.652983790571516898e-02,7.162072450450326921e-02,3.112866756256341128e-02,1.410316522587028165e-02,-1.002228553843685817e-02,-7.121397749891771045e-02,3.493637963906261884e-02,-3.576257475366119432e-02,-1.736092915988228236e-01,5.298039527630656054e-02,-8.171097336945408462e-02,-1.747710918137581823e-02
-1.461394276274305924e-02,-1.663141135228338729e-01,-4.023032396194101568e-04,2.843154752293371862e-02,5.793211234776955015e-02,-8.284168065659579250e-02,1.017524206780497618e-02,-1.428893668012339024e-01,6.980120340299023063e-02,-3.937552636017410679e-02,-2.208221428728741539e-02,-5.340594372781036492e-02,5.311883942806493349e-03,2.650672274279011406e-02,1.181629863561906579e-01,-1.569993708781974862e-02,-2.597674121151610088e-02,3.035470554107505201e-02,4.479296498471271003e-03,1.944941705869395951e-02,-2.302312229823487780e-02,-5.344758179366567406e-03,1.928647525326776871e-02,2.292170668870353260e-03,8.753558585214483989e-02,3.046124071869713359e-02,-2.742994965841818317e-02,-1.816498488078877385e-02,2.793049741921015475e-02,-2.607712242089179830e-02,4.550775389057319653e-02,-1.133368452250812543e-02,-1.571058276450718050e-02,3.556529123660152891e-02,-3.736121539062356445e-02,1.280190811327477918e-02,-9.813778270726061792e-03,7.761126928407163783e-03,-3.536441622342988839e-02,1.063698296901937354e-03,-9.421868953112476353e-02,-9.554662234090550987e-03,-1.326337724476740927e-02,7.244934381204916340e-02,-8.193862830674754349e-03,-5.086095273395959196e-03,-8.077091273126040666e-03,2.228203027968866240e-02,-5.149519569550880388e-02,-2.725880406520521729e-02,-1.549866178943897464e-02,-4.807529790887118265e-02,1.906072078419122559e-02,-1.034080142433146804e-01,1.434299875585818770e-02,-2.078995315889772127e-02,7.797475352491359778e-03,2.638133858954187089e-02,-1.145383939929431674e-02,-4.506477301319444101e-02,-2.513040131530783206e-02,2.946458192644502150e-02,4.166252277612152166e-02,-3.064563009132390339e-02,-6.102311026824709141e-03,-3.275903250047090126e-02,-2.775078933895243002e-02,1.752513218455927294e-02,-2.990850782653340506e-02,-2.276027935761782209e-02,-9.583743657582197151e-02,-3.596322743292739571e-02,2.536661185863200996e-02,9.899838281685009733e-03,-3.616961570087007249e-02,2.807487923319823379e-03,4.286031868271397705e-02,3.938706923547508759e-02,-3.594223458725658016e-02,1.268959945822340472e-02,6.039757257309663792e-03,-9.306101122694543371e-02,-4.108632601452206698e-03,7.796793205032434559e-02,-2.133547125531672778e-02,-7.578381000394569800e-02,-1.841675190023700504e-02,-8.459762203276696485e-04,1.137867968037479388e-02,-2.981316072458560507e-02,9.431210473371028774e-03,-2.771047284172089772e-02,2.541846178463155227e-03,-7.271553599883064274e-03,4.710823341834480260e-02,3.077155705333104591e-02,-1.524001762122304815e-01,2.839045083214946155e-02,-8.412941663772395551e-02,2.593804851512596446e-02
5.084976036585636683e-02,-1.274289553780222871e-02,-2.241810649211931905e-01,-1.563232848398444508e-01,-9.974443060755792956e-02,-4.906529166312303264e-02,-5.476814606153567432e-03,-4.201206192809434775e-02,-1.355449000797432080e-01,-9.156989491864221675e-02,1.295049934964311381e-02,1.901068338024429830e-02,-8.706698693589851046e-02,-5.868172824314035751e-02,4.394141356829976870e-03,3.586984568972112486e-02,3.327882272696439797e-02,-1.126388462673505973e-02,1.195973729981727107e-03,5.845438366179921130e-02,-5.273307134796405456e-03,2.559250002872037397e-02,-4.193499076926533731e-02,-4.016412068530389283e-03,-7.190060723051934499e-02,-2.140022249788335607e-02,3.152788748799933982e-02,6.923470270135993754e-02,-3.440583009347513571e-02,-1.633843545941745037e-02,-4.729193694984588914e-02,8.639625533937972390e-02,-1.004914589160348440e-02,-1.142355240374989811e-01,-3.045224281393411198e-02,4.094998749353274937e-04,2.092719171780904608e-02,8.845905855989613653e-03,-2.849699563552177475e-02,3.487686803416761155e-02,-2.100781051389249282e-02,-7.828777897185765222e-02,-3.248931666380753397e-02,4.240242048147415711e-03,1.795745700342537762e-02,-2.203897959931118769e-02,-3.493023920171595825e-02,-7.817460483059540666e-02,-3.095740635306477515e-02,-4.678043246438397251e-02,-2.966869604318963724e-02,-6.927648092106783798e-03,-8.811123739883562969e-03,-1.661280410066020077e-02,1.194623185468476033e-02,6.722816728833619707e-03,-6.512905105980237863e-03,-3.565226624413453393e-02,-1.635921143325053465e-02,-1.483681597054542847e-02,4.446395867645090011e-02,6.644668653619862503e-03,3.882032009877957324e-02,1.620488387998354415e-02,4.184665738169739482e-03,-2.117184332666585071e-03,-1.021669376354941983e-01,-6.525324373751924256e-02,-2.461033550629981165e-02,-8.365915406318950864e-02,7.761772103862403516e-02,1.238526523493990554e-02,-1.966611422947027801e-02,1.577820227775574360e-02,-2.945590627931126554e-02,-1.979299478686202471e-02,1.997720316598704249e-02,-9.801686200579085018e-02,3.774927047193359433e-04,-4.503587144039433027e-02,-3.819479508872522522e-02,-2.348456272139234219e-02,-1.303907900584340418e-02,-1.409070338059586758e-01,-6.084741402223617368e-02,7.300490096432385445e-02,1.921382153934450554e-02,1.076735478465723483e-02,4.931231991524411690e-02,-1.023733500569246474e-01,-3.131469058329788835e-02,5.997089526601424858e-02,1.465664118840401438e-02,-6.116731972513652759e-04,6.964347949597063381e-02,-7.260067871125679140e-02,-3.889585799461495359e-03,-3.706250018220499931e-02,5.984117632898573041e-02,-4.090621476732758319e-03
7.392197819360776800e-03,-5.350416073213654783e-02,-1.143460532801660462e-01,-8.750290138681905694e-02,-2.536053107012574415e-02,-2.265833285450582768e-01,-6.565571767347484766e-02,-6.413651105985989330e-03,4.715750406110439004e-03,1.200068698542890785e-04,2.367398534159179720e-03,1.332878252548687185e-02,-5.842618563665354786e-03,2.162156009778933453e-03,-5.449908437936296784e-02,1.915496855817432585e-03,2.145352673620400455e-03,-2.273021803686115557e-03,-3.266221740118858269e-03,-6.949465906410341037e-03,-5.563044183593900127e-03,7.372486487946326716e-03,1.999459297815567999e-02,-1.137606300260798550e-02,2.393437037554609764e-02,-5.939629903368990813e-03,-1.019767061201331745e-02,2.898237779678551271e-02,-2.340669774722896595e-03,3.399904509949904646e-02,-1.408419460506491437e-02,3.374985657625410862e-02,9.127907146202761043e-03,-8.610259434319804395e-02,8.298453801577806641e-03,-1.485405650186812608e-02,-1.799405479853345355e-02,-9.587936706410693640e-04,-4.482954250471518458e-03,1.473314881057643383e-02,6.782634431998394581e-03,-1.056967318914694455e-02,3.093695052938596687e-03,-6.986752993528380640e-02,-1.256265257038381017e-02,-7.139798746363783255e-02,-4.002500951846611060e-02,-3.080742527214675244e-02,-5.960517836072245362e-02,-1.947618628019938403e-02,1.655108901467774313e-02,-7.793138786866850992e-03,-1.429005257973505957e-02,-1.147529203732756964e-02,1.566997609862080462e-02,-1.196516905315541356e-02,6.306567197174339258e-03,-3.962597114711173540e-02,1.688699613025978694e-02,-1.583799181794870795e-02,2.657663587617130688e-02,1.858255198821467252e-02,2.848045932643640185e-02,4.629301995803308117e-02,2.888282488815917953e-02,1.222828725943297685e-03,-1.004706013493295857e-01,-2.267805924032649176e-02,-2.017295703315907449e-02,-1.715884036796136436e-02,4.136018263958254892e-02,9.282797114573488467e-03,9.750286404039227792e-03,3.723454761131685196e-03,-6.946747689593327398e-03,1.341308891631613938e-02,-2.539393397264496505e-02,-8.716714050665332059e-02,-2.000081667421364437e-02,-4.255954492767524862e-03,-1.201115170086576069e-02,7.201287117235344315e-02,-2.437699801618376048e-03,3.120839812255659859e-02,-9.560349144891224990e-03,4.187720723507436932e-02,5.263036352454909458e-03,1.328846009456651671e-03,-1.968011647416286966e-02,1.748438044265362284e-02,-4.298857251842894828e-02,3.686071823189935454e-02,1.407194727792332629e-02,-1.170511996762315862e-02,3.741500383225138809e-02,-2.105627524399738756e-02,5.400440009755178711e-02,1.408650796610515579e-02,2.958808794941462754e-03,3.079132211163829527e-03
5.477781165755033974e-03,1.483885267010418181e-02,-8.600478399015955289e-02,-1.095153750313953150e-01,-2.880149907165252890e-02,-3.097349556370295742e-01,-1.283403180146588385e-01,-1.672162092504246300e-01,-7.631511780705253767e-02,-1.202993830645660844e-01,5.083548526457809004e-03,4.059632661549075067e-02,-2.371198244998156887e-04,-6.678317790167989654e-02,-7.029412889191459513e-02,6.886155628800383344e-02,2.347262095040115321e-02,-5.636371351078723647e-03,-5.461365639643537499e-04,-6.758619341813646396e-03,3.534424706750095152e-02,2.105815570725208443e-03,-8.666168324250976551e-02,9.884241501992929724e-02,-1.392456793371108642e-02,6.231537932789149407e-03,1.562084551191136872e-02,3.541491532195034913e-03,4.956169539775537314e-02,2.766872296709710702e-02,7.831416468096898814e-03,5.375339182518799885e-02,5.455364467611686918e-02,-2.875971709028804155e-02,9.894576106304517338e-02,4.071955317574373415e-03,-4.000272434355606893e-02,-9.149260940064285518e-04,1.092267527430454584e-02,-1.432597906329479906e-02,9.750677399138002466e-02,-5.816915930197581047e-03,-9.535821148877228134e-03,-5.844743579397634198e-02,-2.612998819067087215e-03,-8.805052177276473727e-03,-1.509294229319091754e-02,8.585386760828516914e-03,5.031115457614576507e-03,-8.647751835195291448e-02,-4.585317347571854496e-02,-2.741571729260342330e-02,1.401401861425707190e-02,-3.614829001063076669e-02,3.316933581451733323e-03,-3.310352362902346801e-02,7.785921183651288956e-03,-5.495762466951219227e-02,5.639101976722176585e-02,-1.264503262513859590e-02,4.048656497268630916e-02,1.302779782356573018e-02,3.895907441941181409e-02,3.480978840780356298e-02,2.496952206122802706e-02,1.367427770587609226e-02,-2.949841534916491578e-02,-3.640149052872748009e-02,3.574096008403556540e-02,-2.485487823200498853e-02,9.492894337909993374e-02,2.129066604982287822e-02,2.010446268254062821e-02,4.776531544303921212e-02,1.015954710566366152e-02,-2.488451748787032583e-02,4.300504840410074997e-03,-5.637087834561606975e-02,-2.757893690456681909e-02,1.235466568906276076e-02,-4.391758787752344378e-02,-1.107857687276866815e-01,-2.693164868963325576e-02,-1.845776411173338794e-02,-3.051867101009628561e-02,3.407013432035485372e-04,1.213720680846330433e-02,-1.179452269611734778e-02,-8.912956954792446151e-02,-8.608200776988757241e-02,-5.510063064546076583e-02,5.168972088872363091e-02,-1.570813427931135736e-02,-3.789620059644859679e-02,3.797460014249202931e-02,-1.079843333232917250e-02,6.855909090968528852e-02,1.362774979381490420e-02,8.190699843242231493e-02,3.280943604240334581e-06
2.071343356852497868e-03,-4.211312917846540133e-02,-4.618767500442582524e-02,1.530376625717046538e-02,7.266147512135158644e-03,-7.725657634893347281e-02,-1.272072657154015018e-02,-6.712086798974734037e-02,-6.242919334169535345e-02,-6.723995152613342074e-02,2.298150142774995491e-03,-2.097040298216580265e-02,-6.957794243310912001e-03,-6.728043733450665177e-03,-3.901716351058117510e-02,-3.637102873260070288e-03,-1.835392402262915395e-03,-1.346782152957438309e-03,8.087743451201150546e-04,-1.168855735549385703e-02,-2.972579007625056769e-03,-3.515677050261357180e-03,8.326394512018389475e-04,5.415524026626441188e-03,6.097411007332302797e-03,3.090017612751570861e-03,-1.182639287584200897e-03,3.931596433627582501e-03,-9.051774315283239031e-03,-3.972573052543612766e-03,2.125693294962605669e-03,-1.079271731637399673e-02,-1.691958148582779070e-02,-5.306728450269293518e-02,-3.750921865696622837e-03,5.886173402757213834e-04,3.898595942830595639e-03,6.116816005264051961e-03,-4.785927272156128079e-03,-2.307006182677050037e-03,-1.197854771000866556e-02,-5.630870943746490304e-03,-3.060377854940367283e-04,8.692012660595944962e-03,1.466114670200010205e-03,-8.201385720085711817e-03,6.085593096540453835e-03,6.153247641255138976e-03,-2.313212885214615058e-02,-2.484640250892222735e-02,-2.267460691184861390e-02,-2.486482998464892985e-02,-3.381780192727564405e-03,-2.168973485821741945e-02,1.476556918651552902e-04,-1.390287997285774395e-02,4.673901241226393298e-03,-2.390054488412724290e-02,-4.404018084473687697e-04,-1.045529902165665860e-02,2.874640478338521491e-03,-4.533567352134233730e-03,-4.330025550534238356e-03,-6.553540809433705885e-03,2.660088155783877674e-03,2.830132628825439596e-03,-2.176410906618556421e-02,-3.400931545329474986e-03,3.369105707025523908e-03,-6.380692489339755656e-03,-1.872726141692733492e-02,8.828327093073424147e-04,3.395475847361295184e-04,-5.252988243518939490e-03,-2.525296875149058481e-03,3.508938093388050405e-03,-4.777148955296214687e-03,-4.615299530939213218e-02,-9.565295713019607250e-04,1.511757933583450422e-03,-2.014312480911775380e-02,-1.499890068113213411e-02,-1.957733195584022198e-03,-2.175415223756314506e-02,-2.458341729466118411e-02,-1.140373450560235730e-02,3.390124764678673682e-03,-3.271047270540417690e-02,3.401723561033179709e-04,-3.050871151696929115e-02,-9.625201085318776245e-03,2.160761782082684396e-03,2.503446961550545233e-03,1.349235158380875967e-02,-5.842068488064179957e-03,9.806882964034559919e-04,-2.409146879530940644e-02,-7.510909270261483840e-03,5.005286883678735504e-03,2.189272949183337317e-03
-7.536900764813871112e-03,7.259855570177517481e-02,5.908812676940079084e-02,1.564956830408766875e-01,-5.174168680436001116e-02,5.607524908496955285e-02,-1.140937269765056605e+00,-6.709681491875529868e-01,-4.542011725741064709e-01,-1.955930299430631569e-01,3.882452838114136898e-03,1.156612179673559976e-01,2.256197029007415630e-02,1.581020286511938266e-01,-7.521350377906034501e-02,-2.424206581537378391e-01,7.561115176168171914e-02,-5.154744736342436323e-02,-9.637365121920750399e-02,-7.141088027016910533e-02,2.651576036127701319e-01,1.784893050178513463e-01,-1.687568556499697281e-01,-5.894401215371847941e-02,-1.752357167837589325e-01,-4.964383267534340505e-02,-7.638282664817365453e-02,-1.201994260983527824e-01,-1.559962607184408045e-01,-2.069919878330610252e-01,1.128330509725171960e-01,-4.785114279089099781e-02,-5.087857647802485062e-02,4.608542441925686343e-03,-5.230249255722661805e-02,1.101499727520904581e-01,-1.640871049941853080e-02,1.421576548847499621e-01,6.910097977175586048e-02,1.761080035533931498e-01,1.150137965491382919e-01,1.010772871942659940e-01,-3.708066807124204417e-02,-2.028982804013851893e-01,9.201558587360313124e-02,2.417561495463541391e-02,3.672548016331384901e-03,1.628588652190208486e-01,1.167125300029088208e-01,-7.068671128000654502e-02,-5.663919433440900431e-02,-6.126785953465661155e-02,1.084605094118173130e-01,-1.206509993249979540e-01,2.183921800152841264e-01,-8.855303921015127144e-02,5.779507794656155856e-02,-1.151700471211877241e-01,-1.114292546771819686e-01,1.877156640218753669e-02,6.640449706873342850e-02,2.309372831614400767e-01,-1.903158614795543158e-01,1.672944122030010916e-01,-1.105067063489102441e-01,2.428733764302935371e-03,1.792778688926357708e-02,-9.776514296715106689e-02,5.886694755898330689e-02,-8.215892524664582253e-02,8.710016683537198656e-02,-7.195608572290053406e-02,9.688294291457850982e-02,-1.646851183560428533e-01,3.818943303123090161e-02,-8.906923829741342225e-02,9.939559360234086205e-02,1.331623424954191948e-01,-7.842777782145886334e-02,-5.819490016320888470e-02,2.200471026958332188e-01,1.566066186660963755e-01,-2.295263223902395122e-01,-1.661908867268186984e-01,8.208386613913870589e-02,8.656386199228133238e-02,2.036949250422082427e-02,-5.571254302922717949e-02,6.751340047171049130e-02,-1.298143019486531352e-02,-1.483618234558578726e-02,1.664521335247644285e-02,-6.029977526393654093e-03,1.851172931720818926e-01,-1.090006251779869068e-01,2.099465117782002288e-01,4.400183428990607493e-02,-1.229891716054362649e-01,-1.097126199139479424e-01,-3.853461930603718083e-02
5.425496373620578711e-02,-8.302501381480689724e-02,-1.174819876726051517e-02,-1.098418645807670152e-01,2.196512199274847921e-01,3.570946470699951775e-02,1.124558674738565855e+00,-3.530686686543293429e-01,8.853877911514246302e-02,-1.314189117190790179e-01,1.361437632278743662e-02,-7.412966373147748811e-02,2.227627577157286279e-02,-7.134230224518406382e-02,4.481771918845219027e-02,1.221502102915282134e-01,2.252325819951759710e-04,-1.150567018280911633e-03,-1.673316230727667220e-01,9.034902150094871465e-02,9.374771919343583004e-02,7.393742036926882755e-02,1.557267062624186349e-01,-4.111493023215950782e-02,1.413227130013350596e-01,2.231184774968784923e-01,-3.112420162899456888e-02,3.483486291075504893e-02,2.126082916338642784e-02,9.828033538182264287e-03,1.079428377395488942e-01,-1.392383455644301792e-02,-1.091044641257323672e-01,-1.219865242494803763e-02,2.370546991956899024e-02,-4.206235754510816681e-03,1.214049735512525013e-01,-2.988687669267716535e-02,4.560191898320819365e-02,1.075695101110386766e-03,2.260089121969660955e-02,6.418302067741326299e-03,7.412867184105211005e-02,-3.087072688104159843e-02,-4.335738181453935303e-02,1.280270480605445564e-02,-8.221910389744041536e-02,2.829918968427023312e-02,-1.448296834655246335e-01,-7.201128525264191560e-02,1.416712825366376050e-01,7.134558883872311325e-03,4.687435282133734643e-02,9.767009645720593769e-02,5.328303426420383931e-02,-1.738232567208021218e-01,-3.340680384856301727e-02,3.238457045915373034e-02,-2.484746538765398097e-02,9.352090467474660773e-02,4.464814935184358707e-02,9.784824300676578379e-03,1.156406147550315261e-01,-1.593784450054516397e-02,4.381373571383478938e-02,-2.946318638902200096e-02,-6.473526227526192611e-02,5.869960001202684935e-02,2.649751672903117011e-03,3.604420207532702675e-02,-1.186275175796916437e-01,3.540300310618636759e-02,1.040089365209607708e-01,1.288410711855212110e-01,-2.380275930973761896e-03,-1.127185667451477830e-01,1.038016820178781219e-01,-6.124292302895679996e-02,1.446867739881205553e-02,-3.190570181325662336e-02,-8.489566148460152284e-02,8.845037043657695552e-03,-1.136069424555428004e-01,3.162569634855967593e-02,-5.706084485012501151e-02,-6.025480779314049129e-02,2.501389636128704616e-02,-7.145972862035421258e-02,1.077912685966372353e-01,1.003833959758171183e-02,6.823040800025381714e-02,2.412345642615087299e-02,-1.307698239018996976e-02,1.078240085626075428e-01,7.122897172560748238e-03,2.008014493024397051e-01,3.045956098495109302e-02,6.742786721974060316e-02,-8.167242965483696715e-02,1.238388561279650107e-01
-2.986111423991228038e-03,-6.720223014863779820e-02,3.859132546355944354e-03,-1.265415248067683629e-01,2.154914453247869580e-02,-7.952077215075860350e-02,2.499891767476387361e-01,-3.258483719060772943e-02,-1.657328272343140396e-01,-8.355281105437237232e-02,2.427122705378322379e-02,-7.935119118062740340e-02,-6.379464736895002971e-03,-7.017600136419227530e-02,-6.058827755348253352e-02,-2.922379890163293026e-02,3.832051958601496305e-02,3.051144189458308733e-04,-3.107076397292636571e-02,-3.795633480302611218e-02,-1.196321201641712198e-02,7.569928289038148524e-03,3.082983632561569001e-02,-4.378294141338633788e-02,8.312991326796943803e-02,4.939312251825601560e-03,-1.147339592238168053e-02,-1.633682322072992424e-02,-6.512524351904690721e-03,-5.690623517920830737e-02,-3.635128659974708187e-02,4.414202838208871878e-04,-3.652951866267432901e-02,1.138306873675086657e-02,2.010896840373138650e-02,-1.016166302683174302e-02,1.233218512429884971e-02,-3.121814913652646781e-02,-2.872500814071439479e-02,-1.195963766805583500e-02,2.672780246803178189e-02,-1.148669612085930630e-02,1.329008224941466768e-02,4.293516389654719601e-02,9.635617137552360961e-03,4.753478834094693878e-02,3.259885090251991163e-02,-1.076936486494265398e-02,-7.131156912081951238e-02,-3.871473353253836180e-02,-6.900930671101804248e-02,-4.347877986160100794e-02,-2.737395439408148862e-02,-1.420973051651368557e-01,7.639220003280860344e-03,-9.138231502289004271e-02,2.483482609788852189e-03,-9.588712948567271188e-02,4.263239074427676439e-02,2.486683276950380633e-02,1.930106871297165502e-02,-1.509015760951163201e-02,5.974777211991125214e-02,1.361161847827316827e-02,-3.915510032831786419e-03,2.711833357376838144e-02,-3.024078950174358474e-02,-1.928056033274272441e-02,1.820958565459362272e-02,-2.848187344700089246e-02,-4.176224241787637043e-02,7.657231330706617926e-03,1.371843967612853534e-03,-3.399176809713760905e-02,-2.119638511456851948e-02,2.015428649770445880e-03,7.272831941236260200e-02,-1.593081647897738318e-01,1.270095736791150218e-02,1.655510859965697579e-02,4.862352640760982808e-02,2.127068977967451133e-03,-3.612890169822536440e-02,-1.412585235369127716e-02,-1.361489510743035987e-02,7.215555855626670789e-02,-5.439883474123799207e-04,-8.359986153918187723e-02,6.006365666782419177e-02,-4.621601497421730376e-02,4.155090679881286858e-02,1.689497937750696413e-02,-4.611657847240701116e-03,4.799190244579198267e-02,6.003263903939708677e-03,-1.766051819315330243e-02,-5.029810277225227333e-02,8.257548768939855337e-04,1.764274497568430605e-02,1.309458802572243882e-02
1.355329473755522394e-02,-1.614615008963004791e-02,-4.906110605631579941e-02,-4.254009233683828106e-02,-8.294416780707488876e-03,-7.453086682491830151e-02,9.598613722219352662e-02,-2.097159164329952252e-02,-5.601229197353561895e-02,-1.772295168543704669e-01,1.060715788999818353e-02,-7.182380579749080007e-02,-2.100847675045989724e-02,-4.811284370576853799e-03,-9.867176437534910804e-02,5.760008709653287318e-02,-2.062329317210873786e-03,-2.185484159986759295e-02,-2.554641944463625913e-02,1.123418028646192175e-02,-4.742588706344452384e-03,1.688875334739619975e-03,7.420040593299068177e-02,-9.689340318779819661e-03,4.396859408074039327e-02,-1.212050660298659086e-02,1.594391945793892373e-02,4.354186822987592131e-02,1.426626929884805897e-02,-2.278369763040463333e-02,-1.200597129336120755e-02,2.206482417472335061e-02,-4.917433266046461471e-02,-7.913490321229812996e-02,1.684648811372102886e-02,7.013617303725825508e-03,-1.098620768749797999e-02,6.729757468962628553e-03,3.490909981445643184e-02,2.300047359370663291e-02,-4.120941909019495974e-02,2.099083823879807978e-02,-9.986891206325069353e-03,-4.683431130064710790e-02,9.898198897289748124e-04,-2.530249939392015257e-02,-3.014214243859018785e-03,3.425895992351222444e-03,-3.792135715412175978e-02,-1.177546562117435941e-01,-3.712649119390656893e-02,-5.562364858557162194e-03,5.332898105093206685e-03,-3.936962078638199698e-03,1.095887184477606704e-02,-3.760707664901263847e-02,1.703389435628085632e-02,-9.106194134525201489e-03,2.783531462471825271e-02,4.549245484303487269e-02,-1.692334126153821616e-02,-1.936054373725635408e-02,-3.580729366211510972e-02,-1.727202987540580117e-02,-3.522727794851699887e-03,-1.126982541108250031e-02,-2.067675005908215305e-02,-1.011950589289209099e-02,1.160966798696806516e-02,-6.307661896704389037e-02,1.136715425582981824e-02,1.833194804512353060e-02,1.566545620751697010e-02,-3.597212064123003761e-02,2.682194021405413797e-02,3.950171940445325325e-02,5.392840116870925571e-02,-5.185974930573446218e-02,-2.874971550586180851e-03,-1.992844324571231562e-02,-9.254699954113770541e-03,2.209337824820235829e-02,-2.502179720596050053e-02,-3.692488314890526868e-02,-4.180010100727163218e-03,-7.363698403238663759e-02,1.316711714489453636e-02,-6.179052277727552223e-02,-3.431454796575938299e-02,-1.219768738141701198e-01,1.886146558125257472e-02,5.859548001955448837e-02,5.930201159677665063e-02,6.016256404869126106e-02,-1.888747307335942108e-02,1.124810918790046521e-02,1.033882440836466216e-01,1.615173956402066180e-02,-2.597138355496295126e-02,1.665073119409330241e-02
1.133046789473940441e-02,4.379814359396091983e-03,6.939559746346089797e-02,2.397514056055712051e-02,1.240280464465705335e-02,5.933140417083608564e-02,2.161196084315913576e-02,-3.903335599341039436e-02,-4.787104808184460686e-02,-1.587127920846065354e-01,-5.027499682062009680e-03,1.359741225811175735e-02,-1.340124159515862154e-02,-6.795133035914499749e-03,3.111497562109631805e-03,5.575272435296773493e-03,7.826407853227468348e-03,-1.788602314755297074e-02,-2.915912528705188328e-02,3.506908817518362975e-02,-1.175697360366945686e-02,8.639832279702240603e-03,7.265511112871245181e-02,1.397673199965106250e-02,-1.225153151404799641e-02,-1.934674080218589092e-03,-1.489946813559679326e-02,-2.405804915101586797e-02,-1.793646949902938381e-02,-1.271229167328106688e-04,-1.339891852769773024e-02,-6.081981957573347197e-02,9.717029310743544035e-03,-5.179881102954649041e-03,2.921646647882070874e-02,-1.342826038942893443e-02,1.090494355294502685e-02,1.389459618550439347e-02,-1.200011698479044528e-02,-1.824609030460250247e-03,2.060928462073786938e-02,-1.591280206534929215e-02,1.084834983759944659e-02,-2.510979049577539979e-02,1.527315589618377482e-02,-6.497127416296337790e-03,1.102393516588615931e-02,1.661756710634462036e-02,4.289958292196895118e-02,-1.298755703963981600e-02,-9.766529930209218169e-02,-7.110957739486351015e-02,-3.028710672047621975e-03,-3.647770022794009220e-02,-2.067345528526429166e-03,-3.187899934246028744e-02,2.063566140783521310e-03,1.236316492128378478e-02,3.813816954833792322e-02,-1.329129275633399512e-02,-5.370943962795172305e-02,-3.686207983672014354e-02,-3.483702742629830873e-03,-8.053922070643683429e-03,-1.722902010467712228e-02,4.450779128531125173e-03,-1.100267852269471158e-01,1.051831161725519034e-02,-1.099079438060146865e-02,-1.430166926831264763e-02,-1.257019467353749295e-02,1.050989839378721133e-02,-1.663729642637004624e-02,-8.654815251591257974e-03,1.877078917313282358e-02,2.180611283879332549e-02,-1.070579361513064598e-03,-8.175035136711050754e-02,2.697667790926388739e-02,-3.861683435522833812e-03,2.910714248563481266e-02,6.954806624458367836e-02,-8.042703641593016567e-03,-7.718434078630548312e-02,-1.004545546736088923e-01,-5.616024120268824082e-02,-6.967232619415428090e-03,4.731170108184190592e-03,3.883180607168828374e-02,-4.452613056086665577e-02,-1.799543481879227469e-02,-8.811596307731430280e-03,8.698733022789045116e-03,-6.575726720325970366e-04,-1.268305150575658319e-02,-2.838849964868672866e-03,3.172776980970078153e-02,-6.107343845530261578e-02,-1.589403856951129845e-02,-7.216859880663547243e-03
6.651797426689569403e-04,-3.852481433533053168e-02,-2.037267822069454334e-03,-4.590073294692983627e-03,5.677114590284033924e-03,-2.762841548579978920e-02,-4.047632818574060758e-03,-3.247160572273523078e-03,-3.025482983041487099e-03,1.787236545233064980e-02,1.448380693698455212e-03,-3.630109197924594189e-02,-1.426001791465791868e-02,2.183255684017221601e-03,-1.013799403068439339e-02,-1.068087087404623586e-03,6.563247916214724883e-04,-6.814953463734986288e-04,4.512490371247305544e-03,-2.701034297932251166e-02,5.261337828812745476e-03,-4.205255137113230249e-03,-3.549202264372489177e-03,-1.390516794611127826e-03,-1.006312326966583327e-02,1.672639666584604641e-03,3.307965619713910347e-04,-2.578433856541319583e-02,-8.402220264601188357e-03,-4.637794400715625383e-03,-3.186675590378733563e-04,-2.831929766129469631e-02,-1.235237544800473972e-02,-2.413204110992269238e-02,-2.870088195032718600e-02,-1.654573773512848069e-03,8.046573263044958652e-03,2.237844422963484233e-03,-1.367175500901355797e-02,-1.502078547749488352e-03,-2.021808517224302562e-02,-2.040640466554256849e-03,8.239270204508707205e-04,-1.418612185956217783e-02,-6.423299355102199046e-05,-2.722661760506080164e-02,2.005606372521387491e-03,2.038261777774838870e-03,-6.853280125117469125e-03,-7.494884923261253308e-03,-1.871893964372548999e-02,-1.329733275655547477e-02,-4.861068471850219994e-03,-1.597806590401171928e-02,-6.121919367790764829e-03,-1.306176552890567916e-02,1.962734565280035721e-03,-2.865894047395108144e-03,-8.782393961279543262e-03,-1.786539007408980903e-02,-3.810694971258580394e-03,-1.459494863409891959e-03,-1.589229332256859861e-02,-4.232462952450784244e-03,2.977662019688697564e-03,3.246210914759713531e-03,-3.655648895826082989e-02,-2.905467731614875138e-03,4.975745467891054194e-03,5.530298555368347996e-03,-3.586428302457343731e-02,-1.757984617266161341e-03,4.548728039374628704e-03,4.218998095140666892e-03,-6.064482177177341754e-03,-3.090430874984555318e-04,-1.186328144443188869e-02,-2.200234376781662685e-02,3.840745876348528151e-04,-3.603192393212551457e-04,-5.604430171196175814e-03,-7.980708176219507288e-03,2.973448323205639832e-03,-2.418202044420680180e-02,-1.888397575413201454e-02,1.582153160221503154e-03,3.001643185057347070e-03,-1.021279908945711516e-02,-3.920776873040578148e-03,-8.456131137700181530e-03,-2.239038512171583409e-02,5.576414187233580660e-04,-2.070188222874485076e-02,-2.036943894561900510e-03,-3.092265429902235196e-03,-4.232161371276911034e-03,-1.279332078554938114e-02,-4.405495273819608204e-03,-5.940323418564141637e-03,1.227695061889776996e-04
9.786878618239250316e-03,-2.413794729693696794e-02,3.439940385204793422e-02,6.478314323457251209e-03,2.664077695708073120e-03,-8.573515253858122326e-03,-1.597833014655385131e-02,1.090778386317203114e-01,1.253084793587621801e-02,6.882430011500025036e-02,7.511732650417192458e-03,1.157849822668413631e-02,-2.193669577105328006e-01,-3.887486578105742857e-02,8.415836586190642010e-02,7.047557483659089295e-02,-9.932486373586997194e-03,1.401639327215126619e-03,3.131220269506040932e-02,-2.296615054698927447e-02,-1.931655261334040783e-03,-8.311204533956763341e-02,-1.296270605759462513e-01,7.152037205554950209e-04,-2.136142693474199494e-02,-1.642348915935422024e-02,1.683808764466373717e-02,1.339815708641037446e-02,-6.709700675211478782e-02,1.339212247921963209e-02,-6.395991428128736112e-02,-3.891918336360118691e-02,-6.372502175177496841e-02,-2.303620072661257193e-02,-1.534102337241726073e-02,3.038344387042708067e-02,3.861684955303187460e-03,-4.066422597364922203e-02,-5.255307088401491716e-02,-4.836851054671027772e-02,-3.325725314967289958e-02,7.902320188023907212e-04,1.123838182129112406e-02,-7.352635861454946166e-03,-2.844597506726441113e-02,-3.949085113198962799e-02,2.243793927663274845e-02,5.643622527087546401e-03,-1.539413146801189153e-02,3.277662615151383241e-02,-7.245972372118150359e-03,-2.152773952344200908e-02,1.755693373974921354e-02,-3.276527254732818778e-02,-1.515145586487326966e-02,-2.755417947386510410e-03,6.878228911787047893e-03,1.078761147379885335e-02,-5.987063317786793515e-02,-2.087921662397816333e-02,-5.472578010725195896e-02,-5.542374110548255878e-02,-6.554718116921513793e-02,3.212532292587545052e-02,2.108864638949755135e-02,1.243898164261947673e-02,6.857090597508332108e-02,5.793059080603361194e-02,2.309509970026007303e-02,-4.574960008604338473e-04,2.908858170039270441e-02,2.699033469079457209e-02,4.764555146137377378e-02,2.550096296829767670e-02,-3.128359199190214063e-03,2.634827238172450167e-02,-1.613400710252073725e-02,-6.627386532494413882e-03,-7.596381674222327414e-03,6.457704642554000507e-02,1.149944028005030552e-02,2.097119717462486710e-03,8.108745297651771822e-03,-4.321810808496941159e-02,2.285330036558236994e-02,1.340421346724623153e-01,1.184420278782883154e-02,-1.177879687793686146e-02,-7.595959199383801874e-02,1.439532637655747092e-03,-8.793918044842102821e-02,3.075333034112169919e-02,2.753202927595116770e-03,-3.243396218751314064e-02,-6.454420586468308241e-02,-4.454667393359314567e-03,5.543760200064389715e-02,4.586947168648522477e-02,-1.556805777136294894e-02,2.186232495337971787e-03
4.871505971273478244e-03,-3.610497345877014801e-03,1.870214885599286647e-03,-1.018182932202119223e-01,-4.701284380435365520e-03,4.080899293269994038e-02,3.654480376925879626e-02,5.686164908967300535e-02,-4.505922125550099189e-02,6.158024448525544620e-04,5.856192292002096629e-03,1.660073981258778156e-02,6.277044631593425850e-02,-2.305612126714031429e-01,1.676805593373307049e-02,-2.162006211125498678e-02,3.952496162338654806e-02,1.005241589993263220e-02,-1.898055448426631125e-02,-3.442450171864138569e-02,-7.491312635844796231e-02,5.462606994126007268e-03,-8.808073369922893303e-02,-7.271961148267505441e-03,2.227336825874464549e-02,-3.412098633763099419e-03,-1.030450206006272747e-02,7.333231717881369405e-02,-7.304199856492331333e-02,1.895189425217189486e-02,-5.007467852004533759e-02,-5.186424749278417332e-03,-4.809603635009985362e-02,-2.336336311870907886e-02,-1.277361863541142013e-02,1.449324019971173771e-02,-1.887623470034511391e-02,4.015923326950093970e-03,1.658396859840477119e-02,-2.268410641554777923e-02,-4.896593662694646854e-02,9.400015987031856701e-03,2.115953046104171800e-02,1.330760909282471642e-02,4.344652895879390700e-03,-3.528502061676314083e-02,3.913194121229363054e-02,2.583507772201234023e-04,9.243655351430129716e-03,3.237967839351759552e-03,2.283202162213027187e-02,-3.764917481722491327e-02,2.686388236609635327e-02,-3.566823827108151629e-02,6.367928498786005684e-03,-9.472718956775512747e-03,4.844261849757819545e-03,-2.133020103778325918e-02,6.901535922815112134e-02,-2.674963418986405286e-03,1.869483982743107287e-02,-5.944071540155608513e-02,-3.567738688874099590e-02,5.847538320205451778e-02,-6.802763019133722900e-04,1.579672087123313792e-02,-1.657948801526511196e-02,1.811502417569448367e-02,2.312715965938318390e-03,-2.060386446497647350e-02,3.504428517737112614e-02,2.090001127451880311e-02,1.416812924217760936e-02,-4.822722889680137320e-02,2.703848260743918139e-02,-1.290673783980929865e-03,-2.465810987497095430e-02,-5.886547689327321919e-02,1.575722301044976681e-02,-3.031289861894824467e-02,-1.408171755683613503e-02,-1.197397462336220048e-02,-2.205856472368989546e-02,-7.004323708716320152e-02,7.296876480074346305e-02,-8.514328410162107230e-03,5.822950199289313698e-03,2.376660205723106836e-02,-8.767977016224890938e-03,2.334256539127025840e-02,-8.010826467603059109e-02,2.142933129852398009e-03,1.022192184461773179e-02,-7.550918481579202424e-02,-1.811322438315911623e-02,-1.802318262234076443e-02,1.403177640316051467e-02,-2.527102749552180214e-02,2.384281538146426280e-02,1.424308643913073380e-02
-1.099813462398121795e-03,1.009976251787902610e-02,-1.256912892895492850e-01,-1.718042129261334802e-02,-1.353207262154099144e-02,-3.704342672610489579e-02,2.161070729956873770e-02,-9.251563669124561167e-06,-5.327281099414660909e-02,1.065878494689370334e-02,9.278782798333953807e-03,-5.711644720639179329e-02,-3.040863580809572558e-02,-7.738622702177096972e-04,-2.067107559508112868e-01,4.880623142424283384e-02,-2.428400322988636534e-02,-8.319561357531242082e-03,2.486912263499957074e-02,3.946147871477248548e-02,4.495024213478611419e-02,-2.485896614636331700e-02,-2.006904070441547019e-02,7.786631366219869989e-03,7.207141292954652098e-03,-6.486527824455140534e-02,-9.745180066926824314e-03,1.119621229941558660e-02,-4.178823226634897220e-02,-5.046427160061188943e-04,-2.225251589632338406e-02,2.134631692829274188e-02,-2.794868602234722860e-02,-8.570009462385513865e-02,-2.494431424542066164e-02,1.636736655472798008e-02,5.627387876786743570e-02,-2.105860938730035048e-02,-3.828865938315132063e-03,2.800223686948631607e-02,2.087877538895898180e-02,1.542607705372404762e-02,3.627913688456805858e-03,2.918184037874968495e-02,1.898256003986114031e-03,-4.709285581133244858e-02,1.765423421938235732e-02,-1.636087189607612902e-02,-6.201754955074273434e-03,-8.909826386448899127e-02,-1.289654266848380519e-02,-2.217166928210760612e-02,-1.547076066319670422e-02,-3.671134359021124144e-02,-3.055967053953391813e-03,-3.746788458366760027e-02,5.254444645669468887e-03,-3.852059620323697309e-02,-3.133994715698393101e-03,-4.923494701793924844e-02,6.375155602533918997e-03,5.185894377106079617e-02,5.242442391114998657e-02,-5.770249213746827394e-03,-1.259325875733467237e-03,1.173641364940594504e-02,-3.851698926484237867e-02,2.739719089558858428e-02,-5.344528073314325223e-02,-4.249423813897401409e-04,5.395805854871037199e-02,-1.295377816750551726e-02,-3.495943301878085691e-02,-5.608238136899480752e-02,-7.938163581839454905e-03,1.498403444527996765e-02,-1.633907248774097223e-02,-8.419764332672789731e-02,2.818782211622709172e-02,-2.676906669142797759e-04,6.203974615735240476e-04,1.403171376883133314e-01,4.852964598748964013e-03,-5.152440096319474416e-02,2.786881825298240245e-02,-2.671463007289984204e-02,1.136611328628432671e-02,-4.324055048961997910e-02,9.683880094241852782e-03,-1.189939650330525817e-01,7.866481837163947360e-03,8.074630207779300017e-03,2.615251275107687706e-02,6.403439277813202657e-02,-8.746633810998707612e-03,-5.792978953106943905e-03,-4.676176228260962853e-02,-4.251714409806843509e-02,-6.046790782392003419e-03,2.256145068680720858e-02
9.387309082928995199e-03,-3.975662172460812938e-02,4.538243091815663544e-03,1.696388407136141876e-02,1.743794865113463752e-02,8.076235538098518185e-02,2.440173427819405591e-02,1.240387317132616955e-02,-2.953859457202451938e-02,-2.964470536882110596e-02,-1.309418656210066447e-03,-4.561574050421332327e-05,-3.982042776902824932e-02,-5.884031361992167648e-03,-2.497288193661452438e-02,-2.084037744767354150e-01,2.747154574349075853e-02,-1.937826541555318517e-03,-9.008848852267757959e-03,-7.205799981002468380e-02,-1.129623080074709796e-02,2.927203156629225658e-02,-3.751635178046342639e-02,-2.500470890709398028e-02,6.391781825272666202e-03,6.677063417893965426e-05,-4.909235051536964961e-02,-2.561693080262165620e-02,-1.221105984698135638e-03,3.006414084268655210e-02,7.344812464652979329e-03,1.645055070424456672e-02,-1.521250682161425644e-02,1.835603763352172332e-02,-7.314719413992050445e-02,-3.672395445799520302e-03,8.242071439975764274e-03,1.603664168287872657e-02,9.102194692713390378e-02,5.144723343608390009e-02,6.235854141476865342e-02,1.662400072050458644e-02,1.771551436352624895e-02,-7.034204765572971141e-02,-2.517851401462281244e-02,-8.063988304978877975e-02,-1.717096794561675382e-02,-3.756832560078279815e-02,-5.521491265499062304e-04,-5.431175983888446995e-02,-4.147677476102314825e-02,-1.124669139576448679e-01,-5.600567018548045783e-02,-2.129249387305680308e-02,-2.554882531450035354e-02,-3.940839651118585585e-02,4.371591623068047001e-03,3.255675588864406864e-03,2.693999388730490378e-03,5.883971380316611877e-02,8.080815592882627241e-02,2.463122977761275038e-03,-4.074392838345463480e-02,6.452180678790869935e-03,-1.519194664409157999e-02,-7.526114115658206517e-03,1.326559906030481788e-02,-2.138655529373817421e-02,-4.958180293758285284e-02,-3.235308179590137140e-03,-6.333227518343769250e-03,-1.678253689934071672e-03,-2.323798532848618884e-02,-3.177886869657663843e-02,4.040788599961436106e-02,2.503604883183455435e-02,3.291504072959326732e-02,1.652526767333270530e-02,-1.646362816502642754e-02,1.350095509095599819e-02,-9.150788460691521367e-03,-7.274272790776355017e-03,-4.514932436794801864e-03,-2.121212958301046600e-02,-6.222771090811796829e-02,-2.877947696627194962e-02,-7.771605287437186038e-03,-5.481850498569463409e-02,-1.075792572882375009e-01,-3.208054906592903294e-02,1.141871801055988934e-02,-3.303695097193066338e-02,4.988012262393801827e-02,-1.750763394030231332e-02,2.508112227874282479e-02,-2.586091663677832567e-02,1.054553982025672500e-02,-4.132194484795335271e-02,3.364627453824745734e-02,-7.422190684629896562e-03
7.583136819137167254e-04,6.190568783842748113e-03,-1.456978113659431091e-02,-1.603362675871328191e-02,-5.499885010908505366e-03,-6.664542990471541452e-03,-1.956803073391136585e-02,-1.184234544638523672e-02,5.311178986131571966e-03,7.995509104551450433e-03,-1.171178669612864872e-03,1.522144387926834160e-02,7.080260726135857718e-03,-7.817230484788804251e-03,1.013530522016298230e-02,4.770715962386413642e-03,-1.031685686408057717e-02,2.190970695054735105e-03,3.930736716000708154e-03,7.383665686624699132e-03,-6.985559776865219415e-03,-7.684846184982381360e-04,7.872186887636979311e-03,9.495818195300155876e-03,-9.913889328852482086e-03,2.996286136850905089e-03,-6.920094561385539515e-04,3.020321791134607595e-02,-1.421385561742600622e-03,6.077657383828463135e-03,-9.380350669706806477e-03,-9.093197497271174670e-03,6.814639906763232148e-03,8.097323358535465226e-03,-3.797465559246353522e-03,-1.274697711938826343e-04,-1.345228216647583082e-03,-4.132399508634963174e-04,-1.385021283296248087e-02,-6.869988035884748130e-04,-3.204079271937499839e-04,1.689606811658579124e-04,3.422142565775508453e-04,1.202917207838423604e-02,-5.106514078948142660e-03,4.863176638191499951e-03,-3.857909722892732731e-03,-3.024297462487277217e-03,1.245767393051068310e-02,2.970211344300217621e-03,3.691097547255361207e-03,-1.059242681875288000e-02,9.806008418640477491e-04,-2.053816869165603354e-02,3.909990082873290168e-03,2.466543311609013193e-03,-3.800718114385880889e-04,1.335645125161098734e-02,6.214406409478697053e-03,1.581848971693650477e-02,1.630174796176213706e-02,1.015962313785948035e-02,9.238808573771640706e-03,1.550795300942093072e-03,8.290711786355449593e-04,-6.340624491007977983e-04,-2.548880725204883888e-02,-1.992449369312176630e-03,-1.309867845524046760e-02,-7.158858469513645992e-04,-1.662022088400131464e-02,-9.094811503526558510e-04,1.004258408612026287e-05,6.453379113565867187e-03,-1.717062691996270067e-03,-3.298540200092312490e-03,-7.885114983523665647e-03,-1.054331779002015169e-02,3.144930626862003052e-03,1.689613878515028485e-03,-7.409944730802760227e-03,4.869616016338696243e-03,3.232805919484612716e-05,-3.063384527694539266e-03,-1.060620829590031185e-02,1.139062085739598294e-03,5.038651413659242170e-04,5.725207436951813660e-03,2.045498614397698103e-02,6.884631695341043855e-03,1.055337289335532471e-03,-6.341501366794037239e-03,1.081249933058176134e-02,-3.364349494489346157e-03,-7.379285926812448153e-03,-5.461091031699808309e-04,-3.493424695834595854e-03,9.337527681407176323e-04,1.977399923125394005e-02,1.473552931645819887e-03
2.087167749721102056e-04,-7.383394499725902740e-03,-7.088781092940003511e-03,7.351346843565631983e-04,3.820864569366171602e-03,2.779394780750692531e-03,6.444777469548390245e-03,-7.141444656894756736e-03,-1.620255981311782617e-03,5.594390373242716548e-03,-2.045548764842813804e-05,-2.618033790381169013e-03,-1.206054196083123286e-03,-5.123433573082466184e-03,4.119395347918586997e-02,-3.633151363552989191e-03,5.132614972751564815e-04,-6.202306505874452883e-04,-4.592709059424051991e-03,-1.309761695359545203e-02,-1.769558032374092885e-02,1.497152730010474237e-03,3.155948607289045874e-03,1.319381143790645215e-02,-1.167251340875161830e-02,2.363959990428494973e-03,4.292566187690185922e-04,-4.505493653420726552e-03,2.220642369175927777e-03,-7.981904837826104887e-04,5.613184222443614105e-03,-1.066392313678549836e-02,1.859591526702403328e-03,8.255399827133576979e-03,-1.717007155268115981e-02,-1.735458705146438255e-03,4.489744670430118045e-03,-2.470829974988136574e-03,-1.117806499197685280e-02,-2.636303462232843578e-03,-4.578023325441611668e-03,-9.463088345716206672e-04,-2.280448899280649970e-05,-8.065026207177188045e-03,-7.545096536121066212e-03,-6.137737095395584541e-03,-3.905016372062164801e-03,3.722094179489016542e-03,1.509820243569440570e-02,-3.549696551384347656e-03,-5.763407223610310728e-03,-2.178419716258067520e-04,2.411219064977746743e-03,-1.258792347988384316e-04,-9.604418764984228073e-04,-3.760840500242848983e-03,1.374247132802525152e-03,-6.569611516482073629e-03,-1.804722606408528524e-02,-5.932876322176777566e-03,-7.705347638906299805e-03,-1.234873854213805119e-02,-1.294967542517464452e-02,-2.777130687749670198e-03,1.481413014897468893e-03,2.285629533784781960e-03,-6.190285946101318397e-04,-1.437031232446015633e-03,-1.443632293578143164e-03,5.776535902203704283e-03,-1.881372982810217490e-02,3.250878522725879089e-03,6.818952855659670374e-03,1.301811647299042866e-03,-8.896164096844117603e-03,-1.695944085244797993e-03,1.445420833991438404e-03,5.347248571113642247e-03,-1.283801384950652297e-03,-3.234600561332123814e-03,1.041978488163880327e-02,-2.171868965111697913e-02,-2.173906862685993577e-03,-4.367462496620673311e-03,-7.723177868352159615e-03,4.849129274766534811e-03,-4.297142485967966712e-04,-9.103559068693990817e-04,-5.415581348395344732e-03,2.004915111329992877e-03,-7.960702613171651313e-04,-1.082681280838196716e-03,-2.551194248265831622e-03,-1.119208161565296220e-02,-1.920134958373317935e-02,4.663131493313094631e-04,4.113097874919372648e-03,1.288948979201721447e-02,7.162971256628109136e-03,-1.107229205964597530e-03
9.809067799517574848e-03,2.182063331319933353e-02,-5.935159366563734495e-02,-1.075627805937516557e-01,-3.799050458544469318e-03,2.685070829932067419e-03,-3.466424227770464189e-02,3.087923863730953483e-02,-3.917965911524468048e-02,-7.102906780591780600e-02,-5.204661383297731411e-03,-2.959839008546805150e-02,-1.299932488830278683e-02,-9.982588961365405911e-02,8.398768103460496279e-03,-7.380721682000415153e-03,-4.060428492604258033e-02,-3.431310677348259862e-03,-1.335634692029059531e-02,-4.264818852666343862e-02,-7.529351889201628401e-02,3.316861869610035485e-02,-8.559722259203590700e-02,-1.751775192410832960e-02,-3.766866154041676601e-02,3.640163478300793842e-02,-2.185042791808464169e-02,4.438342042820039857e-02,2.091565152147386447e-02,8.328055111074708639e-02,-2.039849243308066232e-02,-6.496606024906981247e-03,7.491375029100835747e-02,1.682029722262219987e-02,-4.549933054064823901e-02,1.013377025736843197e-03,-4.945220745972431220e-02,2.479576737221455413e-02,-1.009055446224796197e-02,6.208599274994981709e-02,8.989593163820885913e-02,-2.166649958904721257e-02,6.213171793783799080e-03,1.461503582381478913e-02,-4.264913204431669547e-02,6.160768532560697425e-03,-1.143433874936300790e-02,-1.369007270670549378e-02,-2.877357050717972708e-02,-3.551318864442511852e-02,8.758993268548882771e-02,3.583028243450730316e-02,1.488159035169839793e-02,-7.422874139082533129e-02,-6.675222583452143123e-03,1.768455150161396885e-02,8.081986292804274954e-03,-4.408187167920253613e-02,-7.083947851980158805e-02,3.865122315694338728e-02,-2.831457077612145948e-02,-7.333046265974836955e-03,-3.601263627185757182e-02,4.851229314522178399e-02,7.081208486938721409e-03,-4.185196175137315643e-03,5.324211071278823343e-02,2.314968658534026502e-02,1.971588157556985327e-02,7.459908110620719519e-03,-1.382987970219879889e-02,1.222745777216382307e-02,1.807605539374715191e-04,-4.497168739814802474e-04,4.805971276291955141e-02,1.210373733407249346e-02,3.958442765436676752e-02,-3.213614242072113797e-02,1.555615715381153830e-03,2.128494324145625144e-02,-1.998270563817067594e-02,1.809291894344764243e-02,-9.284408601334585495e-03,-3.743715131865535395e-02,-1.152299617709935491e-02,-4.919337699550638092e-03,8.558500341470404171e-03,-1.344875825836679695e-01,2.867502857676633432e-02,2.090243211190727108e-03,-1.884559812028875625e-02,2.003645861067845577e-03,9.757291513399904415e-02,-9.588345936461351027e-03,5.565505269883993383e-02,1.838430575935097195e-03,8.393844467564254286e-02,2.445444131541439636e-02,2.798498678633789052e-02,1.752467715310106243e-03
-1.520498224815257197e-02,-1.197421491204187297e-02,4.389633236534699195e-02,1.261575965184026475e-02,4.136516684643327946e-02,-4.829156209222781708e-03,3.922812703423177866e-02,7.412806272239004513e-02,2.073688455575149747e-02,5.252551877852992129e-02,-4.283891574816144944e-03,-7.504766940255096219e-02,-3.519670366083064387e-03,3.500493984381284306e-03,-2.291550917875767590e-02,8.795398717824094714e-02,8.678692237742475016e-03,8.032699775116907207e-03,3.557077707009400486e-02,-1.516757964422102978e-01,4.541696873951229542e-03,-4.129430098430993124e-02,6.826334294878304808e-03,-2.420952896747458928e-03,1.995787884963189568e-05,2.239621899441128494e-02,6.273163014572619156e-03,-7.999557643009785890e-02,4.826032033100268251e-03,-1.903355129107073794e-03,1.381593427520366518e-03,-3.794477462646823895e-02,-5.522287193434322061e-02,2.667012368668221153e-02,-5.036281948286037286e-02,1.656951675052695250e-02,3.649125832423164018e-02,-8.945405625317091533e-03,-1.881128972278094461e-02,-3.191700551639255201e-02,-5.707804684530808775e-02,-4.263358082582217184e-03,8.501464587758023050e-03,1.409386410225389567e-02,1.193108427121849710e-02,-1.534313379560754143e-01,-1.066533455123534931e-02,1.448029914830114250e-02,-7.228687237950681688e-02,2.114312284863047869e-02,-3.632203170305817880e-02,4.852109552774314799e-02,1.480590370901933676e-02,4.116350632806330817e-02,1.296213864906396729e-02,-5.618393078304947941e-02,1.592112345960803969e-03,-4.888386695260889953e-02,-1.419549249183675761e-02,-5.226393586925714985e-02,-6.423829715629938986e-02,-5.370346816361587505e-02,-5.350423039143131082e-02,-7.771381103472793650e-03,2.195532950878794839e-02,1.222454941612368014e-02,2.935416938301820683e-02,1.113438134083249986e-02,-1.760889231461581009e-02,1.613502651770605534e-02,-8.336389803078961269e-02,2.188559567737120414e-03,7.212789040745780367e-02,5.390606161905894117e-02,4.531943742356929483e-02,-1.036692920175494304e-02,-4.406751580619150399e-02,2.855701897541090481e-02,-8.100744548869746528e-03,-1.259837590263703649e-02,5.591963243245654663e-02,-8.110487729900786591e-02,1.466494946799449389e-02,-6.477807216728000486e-03,-4.403652791715893799e-02,1.063151679001446692e-01,4.270818562868533910e-03,-1.329598223025037738e-02,-7.419013766483427419e-02,2.027935331033546562e-02,-5.373018448396331415e-02,2.195824531476810171e-02,-4.354160585061248728e-02,-3.832779288100627429e-02,5.859474090050251910e-02,1.085181919654022546e-02,3.816798962066784290e-02,8.754700193722453339e-02,-4.250800961191772767e-03,1.782577162608616343e-05
1.844021719152953817e-04,2.066218729297125342e-02,3.111361238753048222e-02,6.020329592582531267e-03,4.110302637071953924e-02,-5.792667884614584317e-02,9.398460619456852627e-02,-1.392162251686704898e-02,2.274564315588297608e-02,-2.544931527405424471e-02,1.793819833977065500e-02,-1.138262107786681548e-01,-6.859386753096005651e-02,1.533259442576103207e-02,8.647481382583853404e-02,-2.307487531368348707e-02,2.130735596472354762e-02,-1.274947939392293006e-02,3.401218156652108943e-02,-5.468717704365973903e-02,-1.905060466719169787e-01,5.214409145845294580e-02,8.091786078754037437e-02,3.035404052659054080e-02,-2.640336375909538638e-02,2.410394662680889408e-02,-1.257824027169496088e-02,6.863454130676306664e-02,2.007900337338943547e-02,-1.276335463496725171e-02,-3.017887071572566970e-02,5.678612646593807212e-02,-4.570978247477477246e-02,-8.530007161867790566e-02,1.726471281249988138e-02,1.411857409103681182e-02,-3.780814688794142345e-03,-2.695120788638520962e-02,-2.641667793867263914e-02,-8.056902308280709454e-03,-6.237545235368172070e-02,6.882111247496958129e-02,4.969758295812380135e-03,-4.248811303991149174e-02,-5.493236459444339470e-02,3.455885274692240688e-02,8.509205389944135556e-02,1.293251679586969287e-02,3.317131571364906328e-02,2.057914697011832550e-02,4.242991605682431611e-04,2.001245153553942238e-02,-5.209865270310046897e-02,8.843797778564937984e-02,-5.636798105922181251e-02,-7.577286271835123599e-02,7.329446050750702130e-03,-6.007065757055992522e-02,3.227659496486244561e-02,2.911719487433466619e-02,-6.769012311134981093e-03,-1.538442986018012312e-02,2.404328038920079680e-02,-3.946640626244706657e-02,3.481810233396199356e-02,1.051873832108707330e-02,1.350065782616678006e-02,-2.229354318074985505e-02,-2.641831449569893159e-02,-1.116173237098304176e-02,-6.284730028835024129e-02,1.630039075803716223e-02,6.884276909514844278e-02,-1.517649759478337679e-03,-4.617850566080278912e-02,1.277327982185222886e-02,1.595287864183118215e-02,2.954336206635545595e-02,-8.945448950239992536e-03,1.372065738246211475e-02,1.279791134038540945e-02,2.385248783420389554e-02,-4.514971555731118677e-03,2.664074131412109275e-03,6.926753718852006469e-02,-4.841072263042146828e-02,6.495525870732449074e-03,-6.475335905800679026e-02,6.909646365580067277e-03,7.527835725211667883e-02,4.150382502777979349e-02,-1.071574187125034008e-02,6.155792104798683134e-02,-4.831116807605689671e-03,-1.056488515200308155e-02,2.107533558577365240e-02,-3.167054829612668369e-03,7.069757394581933918e-02,3.040368352618963085e-02,-1.121690609590254503e-02
3.110223320534884293e-03,3.565179939116821378e-02,-3.377348338099064179e-02,5.354853592832563292e-02,8.101525469661150294e-03,-2.362489434801748594e-03,3.969043624883793198e-02,2.244865886114726095e-02,6.100832257251746424e-03,1.072604267673496897e-01,1.407646928235547872e-02,-2.597892033431071709e-02,-5.532584026255294579e-02,-9.014130007801072694e-03,1.226514965154008006e-02,1.495625474821005857e-02,3.368607633249444400e-02,1.460992925811448531e-02,8.222106184371484952e-03,-3.373191749573211523e-02,9.451070163011800890e-03,-1.547576677959480174e-01,-5.090960119663402728e-02,8.447985534267829499e-02,-2.133345208551930827e-01,-2.851128362957519591e-02,1.603494725204134691e-02,-2.756500043848764819e-02,-1.111494769631599100e-01,4.702869629418725966e-02,8.317088966929203631e-02,-7.895735261220916679e-02,-4.961336070204362680e-02,5.876168462825406141e-02,-8.075055554013432779e-02,1.912362704953376622e-03,4.324239763852585038e-03,8.362043420265957011e-03,-3.111950488090723874e-02,-1.828162969252150258e-03,5.764510567847099670e-03,4.980243079227315850e-02,-1.129371851451483472e-02,-6.598730304110025924e-03,-2.036289312417756750e-02,-8.846983153534242195e-02,-1.813880145150386161e-02,-3.965473142171176135e-02,-3.066018978610611165e-02,-1.725520430280249283e-03,-4.772625157056557127e-02,8.430451378225119240e-04,-2.854887824995843218e-02,6.548172189386559927e-02,-3.392256531679901932e-02,-1.327607293214372146e-02,2.054848870350773401e-03,-3.250830667025112614e-02,-2.189551489779757720e-02,-1.024909540978400230e-01,1.096395753105940986e-02,-3.660446936920944833e-04,-2.490546663439196021e-02,-4.237846415408275114e-02,2.723233427248398716e-02,5.040440549366728522e-03,8.992077147118765490e-02,4.752294651502141955e-03,2.258925252881114482e-02,-8.647380402132850974e-03,-4.267531322432577268e-02,-7.283736560154226679e-03,2.575304994011866702e-02,3.613079474322700851e-02,4.360389093357606993e-02,1.138819978873992396e-02,1.213896826541692626e-03,9.732060894868404047e-03,-1.352323101268427218e-02,-8.997367122456030597e-03,-9.975605739677208261e-02,1.455715222385478525e-03,-1.828290501540103669e-02,1.765456379663970718e-02,1.738278729815492460e-02,-6.139162223062748919e-03,3.724710653094039786e-03,1.186202510092592283e-01,-6.971449989439586215e-02,-9.789110099202493614e-03,-7.051513457892884251e-02,3.961955533412876013e-02,6.278011012225763465e-02,-1.420254479175839940e-02,4.324053752836660297e-02,-2.512841167172772620e-03,4.785100115938334397e-02,7.577005735825695018e-03,-4.533806876704461752e-02,-1.347511575838557761e-02
1.209430455316048807e-02,-1.888014716165090806e-04,-2.215320249904211350e-02,-4.465465157652453998e-02,6.411063695845545078e-03,1.156964989850560628e-02,-9.501930528714233604e-02,3.443293175963303698e-02,-3.086252262913469213e-02,9.589741368217455375e-03,-2.303029919443545445e-03,1.432873653400406136e-02,-4.083354934905344263e-02,-4.618045827277508092e-02,4.941501259881408287e-02,7.384110327892035031e-02,3.111401459225395655e-02,-1.673671660113098744e-02,5.327279976386907825e-03,-3.179317439119982991e-02,-3.421583115214688747e-02,-1.160450616929788008e-02,-2.878900136156580247e-01,3.321831417407924980e-02,-3.741425611573064372e-03,-3.763474887471556147e-04,1.499485051869877024e-02,-6.195873980530768738e-02,-8.238376941458730451e-02,2.212501552353782208e-02,2.918790042362797398e-03,3.064934438553969936e-02,-4.831132007964630826e-02,-7.838709785263059393e-02,3.560822603556469505e-03,2.509789807222660360e-02,-1.698238096853446968e-02,1.632797986008571040e-02,-3.588290962278983809e-02,-4.642490203345192579e-02,-6.600351793280438695e-02,1.132016661714572818e-02,9.075209342279528385e-03,-2.621420608547102987e-02,-4.700292386193197919e-02,1.904915396467280614e-02,3.267425739065796947e-02,1.457967532280401123e-02,1.214647405413752518e-01,2.118196825054865021e-02,9.680178427774067257e-04,-2.507834631745800222e-02,3.408911246359584007e-02,-4.861721082902106805e-02,3.853431021262731637e-03,-6.135274369235693692e-02,2.614071706258359884e-03,-1.281519426274348866e-02,-2.546330677667882347e-02,-6.113839621247525030e-02,1.547835728824341860e-02,-1.810319493652974565e-02,5.815658540368182777e-02,5.273394782065175118e-02,2.089862106612830686e-02,1.864402465460174990e-02,2.986380643108924732e-02,4.537370925512757697e-02,3.941745228080416330e-02,-8.815205187921679522e-03,5.546700129047631850e-03,2.831562680582142347e-02,5.585970755889352324e-02,5.150247264244273149e-02,8.193257859451264294e-03,-2.773954614186548151e-02,-5.439280265411976928e-02,9.726183121116849239e-02,1.499037844151301924e-02,3.801087703950838115e-02,-9.571756184556773350e-03,-2.038143960409625685e-02,-1.233188007484668260e-02,-1.600161562592155445e-02,8.802244159556089909e-02,3.821303186833111681e-02,1.297837255284907051e-02,-4.346646207385724062e-03,2.598178744518047506e-03,-5.173180672041234607e-02,-9.219068150846716769e-02,2.469521345229025618e-03,-4.881448540968479771e-02,-1.006913869897494290e-01,-8.363107602636787527e-03,6.859237308778499964e-03,3.381042148587838983e-03,1.848175451821783971e-02,-3.738126536235267250e-02,5.801215820700245801e-03
1.018309251719352188e-03,3.778698134864547087e-02,2.237277173840238401e-02,-5.113146196263931853e-02,-4.420367002813930211e-03,4.331912007351535615e-02,2.255290325367611051e-02,6.285193299162769587e-02,-1.142046711933601341e-03,7.600499001250053677e-02,1.296627685273025847e-02,5.071639520597027474e-03,-5.212500360600726135e-02,2.388348255769329100e-03,3.102049279783533273e-02,-3.336590940454620124e-02,-1.843399135974073920e-03,2.380176128385048939e-02,9.354814331134832803e-04,-5.367324451736210644e-02,3.293530632786096507e-02,-1.941018926335187911e-01,3.022556512546359115e-03,-1.463199982286891299e-01,-2.231265286447664531e-01,-1.952753577175373898e-03,1.391178747974307350e-02,-3.448157944485424897e-02,-5.772428179243661167e-02,-1.497824143308598872e-02,1.413615537313500647e-01,6.280629853995219058e-02,-8.678355060944495381e-02,1.840046757629920995e-02,-5.427765554235687573e-02,-1.101564110586550176e-02,1.081744444138144252e-02,-4.424768636375948916e-02,4.056503855237815481e-02,-2.788739185561814327e-03,-1.363779626257203420e-02,7.177515468862075143e-02,1.222677894477556398e-02,-1.187449334830200237e-01,-7.589305178660368800e-03,-6.396259755823618942e-02,-1.277134767770947144e-01,-9.402093677514136716e-02,8.039841752577393461e-03,-2.800733718708076081e-02,-1.055422380554509182e-01,4.285767563190859969e-02,-2.841182702134992244e-02,7.261026403781416227e-02,-2.901886841304848752e-02,-2.620797508827240815e-02,-1.429085479340164340e-02,-4.734713038598416246e-02,1.211505645100984484e-02,-5.457518299005158918e-02,-3.396471741271961386e-02,7.686428776556389862e-03,3.543002619959080557e-02,3.325292990966308843e-02,6.429416227941300681e-03,1.527754107885748343e-02,-4.186310823900546429e-02,-5.582935220929036851e-02,-7.918954981773772273e-02,3.390978790064284876e-02,-1.252851687190790209e-01,4.324475491170013015e-03,2.349660684672135336e-03,-2.608017996481266226e-02,-3.684462147379612140e-02,-1.521811507288376927e-02,-4.436657559569061327e-02,-1.488141186716012213e-02,1.048448376693223084e-04,-6.564724032404006815e-02,3.313845591261942863e-02,-7.591502375465794712e-03,-8.000853163537878163e-03,-1.979044620736078106e-02,-7.876832978543221730e-02,-1.295702523150576296e-02,1.351434793984183404e-02,4.010039610888587597e-02,1.566043894685138077e-02,4.052154498268870086e-02,1.206488779120150692e-02,1.729151051676311099e-02,-9.333097522194287732e-02,-6.364734906883434684e-02,3.167148114651230362e-02,-3.832328339498602965e-02,3.381429225553844731e-02,6.952908581560598988e-02,-8.615194237450626846e-02,-1.438488320951088369e-02
-1.505544334180686748e-03,1.416616302598120748e-02,-2.902368588264124874e-02,-3.385045972652003105e-02,-2.497305091707546082e-02,2.061205119157379084e-02,-6.118333293430158748e-02,1.232388461554482194e-02,-1.824844490751835122e-02,-4.348975723445145519e-02,-2.693366541538392677e-03,1.793615353752869845e-02,-6.630344315661838850e-02,-2.808992325831604492e-02,-5.549431376726660786e-02,2.670328591696667381e-03,2.033853087974554427e-02,-7.039891926658941690e-05,1.673126469492722257e-02,7.426980270943017064e-04,-4.054026872750337782e-03,2.179052690051585250e-01,-2.434105614212897159e-02,1.629141803989391513e-01,-1.765273857134848356e-01,-4.281176493891122176e-02,-4.265133035279045255e-03,9.476760951042111081e-02,4.741499406551525492e-02,3.078493550950402516e-02,-1.002934923024043218e-01,-1.431314248777625364e-01,3.507632082185108136e-02,8.538273290694075451e-03,-1.140506462338937259e-02,1.281226210546481531e-02,-3.234561662796437559e-02,-8.324431175624523796e-03,3.237430885338706682e-02,-6.691482089573937142e-02,2.707277399779369279e-02,2.096169807665236237e-02,5.444541860970110968e-03,-7.487754372652065393e-02,4.591788010574506668e-02,5.958494848874473782e-02,-3.609648785573978114e-02,-4.718147483338029982e-03,1.408427525033872571e-03,-8.075586376220039719e-02,1.376672458269304414e-02,-3.789848495222205432e-02,1.350145509009113842e-02,6.303468814641003531e-03,-1.110490399266921523e-02,1.880405609646064111e-02,-1.859867770728035937e-03,3.926641734798251571e-03,-7.930034963327651024e-03,8.395015131634155428e-03,-1.115281357034443310e-01,-2.318574283242751805e-02,1.734947144909084263e-02,-6.270153460612013473e-03,-7.876588428627878322e-03,5.508936369012417712e-03,-8.784284205814056612e-03,2.426466038437640263e-02,-3.815689482889093875e-02,1.063143746838478168e-04,1.245718455033554273e-01,1.090136068694826446e-02,4.432800302813794113e-02,7.027263800653917036e-02,-4.056577791509968778e-02,-1.124978012253986630e-02,-7.147163692326935491e-02,-4.314631549996809229e-02,2.914240781091679416e-02,-1.970972990338782857e-02,-8.455911245912967056e-02,-3.532977866691912761e-03,3.151926591460434222e-03,-4.737293229122286850e-04,1.088167366998566213e-02,7.558484053657235635e-02,1.100734665873062505e-02,-1.047163050324769334e-01,-2.107848256401692599e-02,2.387165288110813105e-02,-7.675097708417502607e-02,-4.598940720133096877e-02,2.386628411329192595e-02,-4.835836313032946393e-02,-1.208564212271549289e-02,-5.435326335224071465e-03,3.546387341383552133e-02,-2.168721716178669337e-02,4.603149787314294444e-02,2.151616322913830516e-03
6.543106427400244675e-04,-1.295386452308069578e-02,-1.838957558970968475e-03,9.977798556993438747e-03,1.783489770520807287e-04,-2.486232500161991363e-03,6.021176083652361559e-03,4.337625354640955826e-03,-9.398246637294908543e-03,5.005689340000129411e-03,7.664317725794633296e-04,-9.785222378297913498e-03,9.136610737729675830e-03,-5.833085900744762638e-03,-2.462461756832340018e-02,-3.345092641156579682e-03,-4.979858542073187537e-04,-1.773391751759151487e-03,3.383148623032720785e-03,-9.830165792727512623e-04,1.321939593374014954e-02,3.659506615750535933e-03,3.541125130326644010e-03,7.089875584189437099e-03,-1.617918762459264956e-02,-9.622222659078907489e-03,1.354199132958017800e-03,-3.477114306357432377e-02,-1.388495004392961349e-02,1.140813166714497529e-03,-1.968795553822252995e-03,-1.014524214837622153e-02,1.435715887078623312e-02,-2.460836079209615182e-02,1.433300904458632494e-02,1.121982398285597312e-03,2.640164147388404832e-03,7.916418625442737250e-03,2.379254379233628793e-03,-6.373208077499421809e-03,-2.209277716864701743e-02,-1.088596459425299201e-02,-1.607707437667196424e-03,-1.343961922358014038e-02,6.478789534863509808e-03,7.770711609676982101e-03,-3.415537657488732469e-03,-3.746934924786718066e-03,-7.909878368935882240e-03,-6.920536387008595011e-03,1.981089794719032449e-03,1.260989554958986958e-02,-2.830546787416226705e-04,-2.613980909812038764e-03,-4.576045499208612755e-03,-1.258261574960202120e-02,-1.629970286392361115e-03,1.415388089888876136e-03,6.049008626451898851e-03,-9.436353042329231888e-03,1.134996189969955877e-03,5.267561096860860943e-03,1.303238413858565266e-02,7.878593280047861127e-04,-1.475944255414319119e-03,9.042959332953572852e-05,-2.677086124315171400e-03,-2.156959744466981511e-03,-1.128478483500295303e-02,4.512692003378688393e-03,2.048361654400804224e-03,-2.375227012925126618e-04,-4.429369041365278231e-03,4.184998895699277438e-03,-1.552210304757643475e-02,-3.149067944143798918e-03,4.897403910251921623e-04,1.245138289222051924e-03,3.038075711076601137e-03,-5.129145435600899854e-03,-5.562895707745636395e-03,1.712740652725007473e-02,2.498584570119317082e-03,-4.006535001776557504e-03,6.517289948404798167e-03,5.239793233388783528e-03,1.102689263731260151e-03,1.827000740031024806e-02,9.262718828841411817e-03,-4.686307808386826895e-03,5.761817946158784808e-03,3.988719613800561538e-03,1.491172963266982916e-03,7.640595788087054842e-03,3.754497576151463213e-03,-2.291986049396622406e-03,-6.744206578893070618e-03,-1.004597403549493430e-02,1.761179429987128411e-02,4.576535584567578653e-04
9.001386619708876989e-04,-2.893033805012965032e-02,-1.110125207801358760e-02,6.257558908917248627e-03,3.297948204105660090e-03,-7.821641033979776945e-04,1.343779544369865485e-02,5.780840596333197863e-03,1.093059755467124493e-02,-3.515778195280915008e-02,-3.043264308550160525e-04,-1.977902486204808491e-02,-1.103145486361007364e-02,1.198106879730969840e-02,2.295430121215269372e-03,1.690292672919137869e-03,-1.053375144809575847e-03,-3.590082515955523614e-03,7.771204198782064899e-04,-1.804124211906781711e-02,6.662215856143441708e-03,-1.072647420493732552e-02,-8.889959954496469072e-03,-1.784997127467827585e-02,1.322278384470063246e-02,-2.058991839862616389e-04,-1.817277905445140477e-03,-1.778952431147757737e-02,2.316542695784882231e-04,-3.263800394314135891e-03,1.119683671104673196e-04,2.195929981093329084e-02,-7.250057867992309828e-03,-1.934272042083360829e-02,-4.818399460050310466e-03,1.401917927663942111e-03,1.115079184183530780e-03,4.859245018870117158e-03,1.116847064028005099e-02,-1.067119075224311426e-03,-1.379802261064099964e-02,-5.793917523101054651e-03,1.542393412130377761e-04,-2.096869925711969049e-02,-1.167573975178213576e-02,-8.744517846775148526e-03,-6.820761736802441163e-04,3.779681514054336437e-03,-1.981489601650691934e-02,2.774456906966077559e-03,-1.141986785687109989e-03,-6.660440220895382825e-03,-2.752411927200054328e-03,1.377041608435983309e-03,-1.064874222246808139e-03,-1.629189039384328484e-05,1.680845180260531800e-03,5.889058898606037637e-03,1.418071862240885550e-02,-2.029482968939934698e-02,-6.258969056012639483e-03,1.068191353925276345e-02,-9.291920884389310437e-03,9.623841447969379639e-03,-1.404000528503651082e-03,1.948562488156490257e-04,1.698651812784433097e-03,-6.791245063153201975e-06,7.420528214300991035e-03,-3.144370051951008663e-03,-1.047703177442477034e-02,2.568747551276343716e-03,3.164056608663468745e-03,-3.681285901265551191e-03,6.861603099670124557e-03,-1.828102212788740419e-04,-5.408126950238982197e-03,-4.583502506566473379e-03,-3.510736284471652376e-03,4.575421078028435798e-03,6.969418897188202865e-04,1.314972486825020806e-03,5.259046078705351557e-04,-2.373328795554422159e-04,1.360785317664407919e-02,1.684914362181037101e-02,6.816767533907685910e-04,2.999054233726061638e-03,-1.255125945156084855e-03,-1.373693123347816472e-02,7.709707891933544055e-03,6.926111012039452321e-03,9.269330085388014038e-04,5.657997748805887635e-03,1.490124761063223082e-03,-6.313739038193073340e-04,-1.370296549631746727e-02,8.936968155879235079e-04,4.048704367136189697e-03,5.585951182388180971e-04
1.015631768926151222e-02,1.429044262891954013e-02,3.604545231684330026e-02,-4.675546899531502279e-03,3.048497293936885608e-02,-2.397491861871413332e-02,1.194401864674582980e-01,1.261101370214695594e-01,1.534345973439563138e-01,-1.321987033157289056e-02,-3.500318082367998365e-03,-1.145543666522879853e-02,-9.963374952216055846e-02,-4.002961640426753315e-02,1.684899903305320940e-02,-1.948946838198595266e-02,-1.869212277398830599e-02,5.212731959251709277e-03,1.093940376700523048e-02,-6.893009664904774236e-02,4.065327071989604905e-03,-1.295468568557109866e-02,-6.558496582810133257e-02,-6.314428575019578882e-02,-3.389520900012549243e-02,3.394890276406913737e-02,-3.072143169261709519e-03,-2.933028579753268472e-01,-1.066672562512071491e-03,3.874052562554129719e-02,1.353391025536202982e-02,-9.433187197270286040e-02,1.110716612051727142e-02,-1.519236616874256388e-02,-3.407335321379138804e-02,5.686626153337911126e-03,-9.626777062439136751e-03,2.271686587602113425e-03,5.620327664646238702e-02,-2.345834339096473237e-02,-1.285420395340531874e-01,-4.791210475240228854e-03,-3.679212921481438310e-03,-6.889625756677633661e-02,-8.983826421514538862e-03,-4.633775189557635954e-02,-5.971432143512793445e-02,1.856529798028644027e-02,-2.953554754743469013e-02,1.129569084364628710e-02,-5.109195386066927441e-02,2.705953621123672118e-02,-1.364369745246466446e-02,4.217531836349396740e-02,-2.995467086675676974e-02,-1.315311853997884750e-01,1.448463179419531496e-02,-3.498664499055050003e-02,3.299969690041535536e-02,-5.995527714119361362e-02,2.241267948878304661e-02,-1.878391753792479565e-02,-3.001340733543008191e-02,4.877604034216895257e-02,1.020866852287951113e-02,2.706509055668096173e-03,6.644398957899709524e-02,-4.499775556965944501e-02,1.048463919116750416e-02,4.120168185400553684e-02,-1.792764413020964944e-03,1.160484054076704567e-02,-2.350287413973508113e-02,8.807217570496428394e-02,-4.652840754815265188e-04,-2.176350937366054641e-03,-4.661570007014823741e-02,4.048474363835524725e-02,-1.182227111364922770e-02,1.307287594739712892e-02,3.403581013764338248e-02,1.022081065683088730e-03,1.416240159434989376e-02,-5.958995397688280661e-03,-4.560243771214796127e-02,-1.100978972559973727e-02,5.933845764072848486e-03,-9.221332068316412042e-03,-8.887553083418643640e-02,9.431829742371082570e-02,5.728086802865566679e-02,3.400393685657768228e-02,-3.149054538414345489e-02,-7.711856899627914097e-02,3.438891332951604998e-03,-4.902289036059838921e-03,-3.656008731697933667e-02,-3.858809446995443981e-02,-1.763024583519067628e-02,2.794295162963815211e-03
-1.165730467633532830e-02,1.619915785255113608e-02,3.535111020761292060e-03,5.532019209754474032e-02,8.762804854999773577e-04,6.093574787491222444e-02,3.598718801968843473e-02,1.547432790093157366e-02,1.433617251258641721e-02,-9.611727580088103018e-03,2.439476662170326051e-04,2.744298242319119160e-02,-3.988118079634309782e-02,-1.030929818180648661e-01,1.278428029598003557e-01,3.726227924756139037e-02,-2.797094149592803045e-02,-7.028766991637670075e-03,2.332047280207497422e-02,-1.639930704312151169e-02,2.838318962292051863e-03,2.431103281561144969e-02,-9.953973455587859787e-02,7.896232023065458128e-02,-1.021667405156707203e-01,6.525994840203744492e-03,3.803600204895257741e-02,2.106950097535280689e-02,-2.916085362051661356e-01,1.963829861963290596e-02,-5.942279918133056525e-03,-8.801072249915647960e-02,7.846942543053838856e-03,-1.681510063885676212e-02,9.617028310667287416e-02,3.333794079217679979e-02,2.770223047963586357e-02,-1.941905853278884028e-02,-1.595430542741723134e-01,-5.018909533715265603e-02,-2.326311392049772858e-02,-3.484113041273199235e-02,-8.831138793048367739e-04,8.986178483280994264e-03,-2.775381530237092456e-02,4.459450669659011102e-02,7.830378088428036065e-02,7.942252506675150092e-03,2.981954967991886501e-02,3.688248960039136604e-02,2.772170228802205930e-03,-7.291700697614521276e-02,5.036967730270699301e-02,6.802408932214682423e-03,1.248235983532902660e-02,-1.774435597087400604e-02,8.314128346572344230e-03,-8.400262013507945550e-04,2.044629281560531031e-03,1.606699008319373984e-02,-1.054272188285437957e-02,-8.906542592070526565e-02,-1.651554233007159270e-02,1.844110291359826737e-02,2.212472788414054578e-02,2.571715447720031300e-02,4.251865522379184859e-02,5.757088913312875811e-02,-1.302940272994319859e-02,9.900860475325949650e-03,-2.245624579207913113e-02,3.340398067984029495e-02,-7.909745148552871363e-02,-4.139633101813369742e-02,-4.455414052742167827e-03,-1.788691956876085898e-02,-8.607259220990752741e-04,1.275876071662122640e-03,4.266026017236583534e-02,1.013616417060504010e-02,-7.886605990652452436e-02,-3.350959622105786906e-02,-5.729239309656754785e-03,-9.926275397546312305e-04,6.719866922097548177e-03,6.838961039578780529e-03,2.084958113255690887e-02,-3.585952314767219817e-02,4.930175346997987817e-02,3.493557529904787583e-03,-7.365447366563991627e-02,2.929585193539916560e-02,-7.970946505064038790e-02,-9.298183554748580548e-02,-4.553188422930901785e-02,1.825779439453347613e-02,6.599739361538822791e-02,1.064799624991091646e-02,-2.675840043421355216e-02,3.884630465948985152e-03
-1.263972485157315723e-02,1.874786560299230870e-03,4.732293629164811832e-02,8.029455259873542403e-03,-2.085711692404727119e-02,3.082856708528527220e-03,5.355619599871279390e-02,4.381673078836783447e-02,7.383681839449487971e-02,-2.583138301503217372e-03,9.718455395048937115e-03,3.562870369236537799e-02,7.425046866808682200e-02,2.854610833637922715e-02,1.015509992770344538e-01,3.392395258000387853e-03,-7.483691926133377234e-03,3.813904904257688598e-03,-1.931443050989142124e-02,6.361848560301152072e-04,-2.930351047468915393e-02,-5.775559312261644568e-02,-4.719726477645656837e-02,-4.868067794014296207e-02,1.310094749964111141e-03,-5.397797160184456683e-02,3.939634975591377319e-02,-5.274087435470901225e-02,-2.496139775784008558e-02,-1.008608825201978698e-01,5.763061514718211681e-02,-5.043866405168003636e-02,-2.004985630300298166e-02,3.766374407585180301e-02,-5.589135362691205478e-02,-1.891505910138056639e-03,1.001052351259978414e-02,-1.484741091157402125e-02,-5.627578132658684479e-02,-1.230818349946938284e-02,-2.497926001323360137e-02,-7.870332138037143543e-02,-9.217161053152629624e-03,-1.485547473903496909e-02,1.624873686692579824e-02,-3.340644780737467984e-02,-5.211889567561537456e-02,5.855163540822627601e-04,-1.126894584075555650e-01,-3.271136662833968450e-02,-7.671847467695970535e-02,1.098799892867404794e-02,-2.547005308792433045e-02,-8.005633725087413222e-02,-4.512351355027386345e-03,3.620117458522429527e-02,2.380466253448933634e-03,-1.074312356712999877e-01,4.216193430652508817e-02,4.988651267852617366e-02,3.664328978239419360e-02,-9.680427414163927935e-02,1.458055353070506410e-03,6.996886543957524761e-03,-1.024165799103902118e-02,-5.434576672985195339e-03,-2.926016385045645402e-02,-1.027538794400441498e-02,1.435117406962312971e-02,-4.676502283989867476e-02,-7.057481398074345880e-02,4.987571875872464505e-03,5.567889320177700496e-02,3.827098801946074436e-02,1.463727283632410871e-02,5.533983390035404279e-03,-2.045754593563022406e-03,-8.235631898929916817e-02,-1.477691318608049739e-02,-3.519334026723022063e-03,3.502922978566754691e-02,-5.466768368102430109e-02,-1.500026343780215196e-02,2.538751902695152683e-03,6.903377858309766614e-03,2.032876565188757728e-02,-1.142974915995919986e-02,3.837666043011200845e-02,2.917948062912510687e-02,-3.229894639331940681e-02,1.674938387960850372e-02,8.085298132679233363e-02,2.623061416017600372e-02,1.646859600844963190e-02,2.447505987901719623e-02,-2.411300233846152847e-03,-1.162626041948229029e-02,4.861443010667269166e-02,1.453210258311968262e-02,1.648570336055991264e-02
8.115171005038704713e-03,1.318812296854107420e-03,-2.846509836714073566e-02,1.160124998600678761e-02,1.103642799535553033e-02,-4.775386636432546808e-03,-1.658678470645373821e-03,-2.066476937975523370e-02,7.469619735893941181e-02,5.514259930909898300e-02,4.371757293181395380e-03,1.510098748821361511e-02,-4.976623080210484246e-02,3.905674232507020532e-02,4.969883308178822678e-02,9.891768908931607152e-02,2.655327956058794667e-02,-9.236254147651532659e-03,-1.963425505264964829e-03,-1.023079173931284308e-01,-1.635023083632784410e-02,5.649886999050319700e-03,5.502988809353627844e-03,-2.648618830564651930e-02,5.999681094772391782e-02,-7.967410846851202821e-02,1.963564589982644618e-02,-1.676956765990371759e-02,6.591529710323158764e-02,-2.743778305610631435e-02,-2.387509857887524789e-01,3.900855985371589479e-02,9.962167630928907280e-03,1.273153922108575566e-02,-7.282228607685127227e-04,3.012394726446597504e-02,2.759563351717427351e-02,-3.882809324968860415e-02,-5.353370339233657488e-02,4.103225378154948255e-02,-3.987016096531159626e-02,4.094553181862821412e-02,-3.655646144262724730e-04,-8.502585857777426870e-02,2.140708250974240195e-02,-7.270945380000645546e-03,5.555826332848345928e-02,-4.304549041778000379e-02,-4.658798390042222237e-02,1.534254552960057083e-01,9.762980588605075366e-03,-1.454717015297876323e-02,2.051108471801511152e-02,6.157171226378705536e-02,2.064377551438604727e-02,3.422023306830723061e-02,-6.990455579507538764e-03,2.465017063878586351e-02,9.138506788310749376e-03,-9.272092526332870524e-03,-2.369800356757441329e-02,2.829081576412703636e-02,-3.759721206967487142e-03,-1.821828067483070163e-02,1.324840533360356273e-02,8.206506886318108013e-03,2.182368958721466606e-02,1.439651355931812447e-02,-3.191975476780069959e-02,-3.068560981025321086e-02,-1.445625511386246058e-02,-1.267260843482699247e-04,1.260390902222267330e-02,-2.591715590595087756e-02,-9.359154868412385142e-03,2.654673467736187037e-02,-5.382083284025213077e-02,3.981269521922254609e-04,1.090835575063074485e-02,-2.521267440693062897e-02,-5.594668589191419301e-03,7.298755869246394135e-02,-1.239218907528111605e-02,-5.305343786667755107e-02,4.220227111551056484e-04,-5.441672197174822478e-02,1.368802169522872168e-02,-4.722895082286664159e-02,2.796045038691204188e-02,-4.409696293593080851e-02,-1.539669396324912405e-02,-3.692843430560821538e-02,-1.753666106325957666e-02,-2.823101160083415009e-02,7.090751542786237482e-02,-2.644644582459893672e-02,-2.259606027851027849e-02,-4.793210688258104507e-02,-7.947091873471144249e-03,-3.473295921098744528e-03
3.560003616855899212e-03,6.538497088909321414e-04,-6.331251952259407678e-02,3.337526708614226706e-02,-2.030753617847998529e-02,3.282083756673598307e-02,-1.071022602386378919e-02,4.132515251488728947e-02,-3.115813857247059018e-02,8.395973718972973843e-02,-1.916833096625574460e-03,3.750464054576259365e-02,-7.768449155334944400e-02,-2.994804960954128639e-02,-6.065016981493917547e-02,1.990341707527132006e-02,1.463033920748942236e-02,-9.342913734974515709e-04,9.169195208899876340e-03,-6.746845802475992526e-02,-4.549577779216061602e-02,4.193315529508555989e-02,-5.639733806974570746e-02,-2.593671670967219456e-02,2.151834331195042263e-02,4.500619400313095320e-02,-1.030370498651186559e-02,3.484816102785655983e-02,-7.514712240047741014e-03,-3.103453976949983872e-02,-2.485677167137903543e-02,-2.745530769908385293e-01,-6.192883439710629434e-02,1.557240456543426644e-03,-3.235448947433385014e-02,-8.233430562824196886e-03,1.972584355217020524e-02,-4.407930965897392805e-02,-3.446021907494731945e-02,-1.055329336222142339e-01,-2.780629246821038694e-02,-2.632919495113538594e-02,8.530842175672768285e-03,4.510046438009074343e-02,3.173451959316028054e-02,-5.881742942134115214e-03,2.863331284466079027e-02,2.437167581785345226e-03,2.696331843842868919e-02,1.274058181119896160e-01,-5.687973578206059755e-02,-8.464581081638590521e-02,8.837271502143527122e-03,-3.096074422715096308e-02,-4.744437814975074191e-02,1.396093208060625659e-02,2.917836690240393528e-03,1.611258031046428410e-02,-7.982394563994715808e-02,6.568321773726480683e-02,1.870535865192563679e-02,9.919285519302868670e-02,2.752314032192542184e-02,8.587743112332879222e-03,2.560673188197528857e-02,2.173604409502807519e-02,4.064228907616657116e-02,1.542579229568857846e-02,2.901089200370875198e-02,3.374943150505192030e-02,-6.912062337017151233e-03,-7.345688293354316924e-03,5.117690152774242995e-02,6.679417193018732934e-02,-3.231934593927529575e-02,1.385007983643183303e-02,4.914792713887666115e-02,-4.717760079838431708e-02,2.828502207393455634e-02,2.314101540021381784e-02,-3.613431396234497578e-02,2.195724396805440876e-02,1.350495190196296207e-02,-1.096858247505360685e-02,-2.634923169048564856e-02,-3.077066526947233940e-02,-2.748884105315024112e-03,-1.843706203281399170e-02,1.833532054245170378e-02,2.863904912950989237e-04,-6.699986599882376548e-02,3.657372621245723321e-02,4.723577554746963975e-02,-3.591863866738538580e-02,-1.041981997555856548e-01,-8.661989591512403441e-03,-2.508402527367110946e-02,-3.102903249055152107e-02,-3.328176415552817902e-02,-2.161220530605803374e-03
3.130635008624618916e-03,4.618547262277796633e-02,6.499178825155584038e-02,-1.536309024829155684e-02,-3.965629977344925505e-02,2.497998446666171903e-03,-6.328189633101567388e-03,1.311170801544284288e-02,7.456351801946114501e-03,3.421377303919409529e-02,9.867934023078553038e-03,-3.166880239533997887e-02,-1.433677790829566284e-02,-7.423381910467465039e-02,-5.230660490935274548e-02,-4.876726887287493976e-03,-2.070582825194096019e-02,5.203546027336049956e-02,7.984397990121485517e-03,-1.743225469846173756e-02,-3.173832795717619615e-02,-2.341377140129600326e-02,-6.226589853806097910e-04,-2.943171208432686370e-02,-6.415751769666848403e-02,-4.444524999627853107e-02,2.978191223343239213e-02,1.083768271434382841e-02,-1.129277455120213242e-01,1.259300233420284146e-02,-3.160232650726436943e-02,-1.217871067957029471e-02,-2.527060992704236453e-01,-3.284562228980801579e-02,1.021529503638979666e-02,1.595464895929776111e-02,6.344848984548207005e-03,-5.823407942438791479e-02,-5.122605407339358291e-02,-1.400997214922213574e-01,-4.189954586987998213e-03,2.143117924008291000e-02,-4.502462202809545677e-03,3.650056294751898717e-02,6.463304491340372826e-02,5.187993485348362660e-02,-4.986914293053478636e-02,-3.033857790869616197e-02,-5.472891997584398462e-03,-7.926549280861927560e-02,-2.139993705554607897e-02,-3.543218114184987916e-02,3.280750386105678058e-03,3.275945673351791237e-02,4.674905586816115871e-02,3.767913513315446911e-02,2.264483392955139913e-04,-6.444597813819499810e-02,-8.344962882321864395e-02,5.975160300951563169e-02,-7.189643593195660376e-02,-6.695394746672495012e-02,-1.508931820948376974e-02,-1.345561538239836187e-02,4.363884558508068084e-03,3.910546646459562084e-03,-1.107441348949982779e-02,9.303927336573087140e-03,3.043638360283074801e-02,1.480227356924303890e-03,1.490051553083345491e-02,-1.026020805684180019e-02,-2.159448385374448595e-02,-7.424676420664984462e-03,-6.059457490273833374e-02,3.068133047260145074e-02,-3.314001665876188663e-02,-1.190810040994359862e-03,5.426539393405168873e-03,5.702076006162803273e-04,-1.049338849979371546e-01,-2.411400102074144625e-02,-1.604988969249521516e-02,2.849740137482153612e-04,1.437691536247150126e-02,1.020561055166030809e-02,1.809376976228041153e-02,-2.928059677481729267e-02,-8.069984913334495372e-03,-1.000883549325913037e-02,-1.436259601304024636e-01,-7.299049521172188901e-03,-4.419822444113426924e-02,2.122452252314387111e-02,2.156381415779415334e-02,-1.372667872247665963e-03,7.359507347721871984e-02,-5.628302182535922966e-03,-4.844274661993103887e-02,7.367623520553526727e-03
3.026084558245388523e-02,2.335364839285806668e-02,-1.128521993852860394e-01,-4.344678219454373158e-02,7.310852800002352186e-03,-6.513768190226397470e-02,-1.218121845503695871e-01,-5.372348036326716342e-02,-7.927357900062137475e-02,-4.256907622553189607e-02,1.562146018649088891e-02,-1.710513657881809063e-02,3.974273626419418462e-03,-4.889292056191558988e-02,-3.838991655518556034e-02,3.333028132600925758e-02,-2.359298414527984545e-03,-3.795125043280487415e-02,1.895672134434796263e-02,-1.538361209459847799e-02,9.959436532283249058e-03,3.458064198754697699e-02,5.441780978653151107e-02,-5.275097260353866363e-02,-2.936233789766209967e-02,-3.110959611440239705e-02,2.194911957311837178e-02,2.392304422907607850e-02,-6.213152049585381372e-03,-2.080843106627440833e-02,-3.409070913002059527e-02,8.567449741681705186e-03,1.341437783176889845e-02,-1.157239133294727523e-01,-1.238466242535312366e-02,-6.938912697697882962e-04,1.093789034484314408e-02,2.661665980883831314e-03,2.341379076439292599e-03,1.981609129411337003e-02,6.433763389745299210e-02,1.491462131292147116e-02,1.252513773645740069e-02,-7.478139232070711573e-02,-3.992481327708394256e-03,-4.364148250868513101e-02,-2.984480644678345722e-03,-2.809721408376730095e-02,-3.479321049300233663e-03,-7.701742954778015293e-02,-4.734110053559430209e-02,3.021153358435851258e-03,-2.779560529050050226e-03,2.864271362698388515e-02,-6.169313887486849862e-02,-4.168637639698923036e-02,-8.431471085470758353e-03,-5.447605764058002786e-02,-6.187633045181956917e-05,6.391870945451613717e-02,2.839194744754863775e-02,9.313464632919141173e-03,-2.999903427147425361e-02,-1.269563786149849501e-02,2.006846759358388646e-02,1.450190549301953041e-02,-1.374269594049881416e-01,-4.090511942974059401e-02,-4.635630731599882370e-02,2.763808385917631161e-03,-2.953086543112686327e-02,1.065620867011190728e-02,1.841829889459929356e-02,3.063565989215786406e-02,1.590566843432670435e-02,-2.031177560461281187e-02,-3.467619062982709582e-02,-7.990740127966348971e-02,1.608781223699090948e-02,-2.036033416503179108e-02,-1.013756069097652562e-01,2.653277890798540206e-02,1.462056909743726651e-02,-8.785088360268600294e-02,-6.700477936927884404e-02,-3.361315498969504739e-02,2.190052931331908787e-02,-6.842816853320839166e-02,1.540157223411119623e-02,-5.169731719347827464e-02,1.568852180508516214e-02,2.607561792191879710e-02,-7.669158311833041081e-05,-1.231523753503822004e-02,1.206949476806149987e-02,-5.484108988261376071e-03,8.039504565151393833e-02,3.725874740863951463e-03,9.420140575234079577e-03,-1.418602053891452990e-02
-1.321339369661348080e-02,-1.990521240316109330e-02,1.937005767862883671e-02,-4.949519498620482544e-02,2.828844710797314560e-02,-6.480465867094220567e-02,1.300093471656453836e-01,3.600568822471986868e-02,-1.741395254849704630e-02,-6.157735021094009470e-03,1.018986632119326871e-02,-1.898956833400602603e-02,-1.079558650807444821e-02,6.424293533384593802e-02,2.252389165231663895e-02,1.091431195728576487e-03,-1.173462541387831383e-02,-1.101007913679584622e-02,1.666276559922905479e-02,-1.147327639329208254e-01,-2.075746043691952328e-02,-6.289638546531288454e-02,3.551346191797675328e-02,-5.724945152670275761e-02,-6.046387825712724873e-02,-2.292893063333942966e-02,-1.582714873771975256e-02,-1.624082963903597868e-02,-4.599569383490897251e-02,-3.815479743327529830e-03,-5.763459968159838354e-02,-8.864052612724897251e-02,-1.292534578668610434e-01,7.620332187819989223e-02,-2.757277651023614662e-01,-8.987833236523842806e-03,5.470603775960489190e-02,2.230355338240097574e-02,3.237205471019878600e-02,-1.468241304691226363e-03,-1.842410515552404815e-02,6.126205419111878034e-03,1.418923621425217246e-02,-3.760297406257449241e-03,-2.530918549631603481e-02,-1.018275380893754987e-02,-2.591785844522835613e-02,-1.171388764607814506e-02,1.885365210850481477e-02,-3.356552483170750084e-02,4.571109458401771686e-02,1.296389660299773630e-03,-2.684641156491242991e-02,6.959002530179801693e-02,-1.406832245747078290e-02,-5.666418037199415919e-02,-1.031486997118333075e-02,-1.430368343449093214e-02,-6.324419879705064917e-02,-8.115480174115473344e-03,-1.914856652935402817e-02,1.571353441052342551e-02,4.851954364040538502e-03,-2.923523765547325279e-02,1.528129248640697907e-02,9.470022779760297812e-03,-3.794533891432438216e-02,-9.180501480979035012e-03,-2.911635401264079520e-02,1.344615021568043914e-04,-8.019638974758795322e-03,2.810104255367536479e-03,-2.050722032894688324e-02,-3.339392360087534151e-02,-3.398943993646544315e-02,-2.418554105266535349e-03,-8.586874784469918087e-02,9.716583679776828741e-02,3.221387871241079837e-02,-4.698877250207002948e-02,-3.575909548029977680e-02,4.798226611891368010e-02,6.196538661114696367e-02,5.096990020434855051e-02,1.641670591014573674e-02,-1.545665114393413248e-03,5.961539300592369646e-03,4.516715769130776742e-02,5.848930894783793515e-03,-2.947984684458178004e-02,-8.792832252720485242e-02,3.255098382475737212e-02,6.037120564825672331e-02,-3.795024930870150720e-02,3.963708592946227349e-02,-3.379326223561441482e-04,-3.371298555244983675e-02,7.510109360687167168e-02,-5.926557682904317129e-03,5.122748317235669910e-03
1.791209822285350041e-03,-3.812492789817948681e-03,-1.873604882529727317e-02,-6.942655354946017723e-03,1.035080987492941655e-03,-2.054352304726376685e-02,1.920312282255376597e-03,-2.041461424265066799e-02,-1.215795625483414438e-02,-3.857138083017659126e-03,1.063670703240310452e-03,1.222871733051204531e-03,-2.611674466897859377e-03,1.241309448385108719e-02,6.605532949087416193e-03,-4.856034168121993282e-03,4.099223050654854372e-03,-3.053617450516179273e-03,-5.487862771333262488e-03,2.859732243570159080e-02,8.138553281008927692e-03,-1.067486386003540545e-02,3.637037264320069387e-03,-2.240774534723094860e-02,3.548752954481902699e-02,-3.389341608812760764e-03,-3.737947120371319393e-03,-7.284917038140197726e-03,9.790929083556323617e-03,-5.565003626282615835e-03,1.387962930525080477e-02,2.458871731568000943e-02,1.317305266683277236e-02,-9.928704930486819541e-03,1.072992334668736994e-04,-3.380510848053433232e-03,-7.473304845802482797e-03,2.019120031089652670e-03,2.192805267465592137e-02,2.973517124214741791e-02,8.131062476589913032e-03,1.388209393486522936e-03,-4.521826466551482536e-05,-1.365919744107892998e-02,-4.285886417151558991e-03,-4.257582017509108085e-03,3.801943225040385534e-03,-9.165306780081167864e-03,-2.708239514077788804e-02,2.627251743036316221e-03,-9.562308890035181239e-03,7.160286461827866829e-03,-6.506755919671677706e-03,-5.036812403288974151e-03,1.469815370342407532e-03,-8.004724469537543782e-03,3.955001287779185228e-04,-6.795457183004977031e-03,1.721001828567245151e-02,1.130425213761660982e-02,-5.843665183095578253e-03,7.219660732319818641e-03,-2.949038593980605766e-03,1.392947802633734931e-03,-3.678284283665284819e-03,-2.616894523286122584e-03,-1.672642312890345370e-03,-1.082886121623378127e-02,4.367836734952587445e-03,-6.429995454328534844e-03,-1.100568543562034651e-02,-3.261376540012775972e-05,-7.691901134003405714e-03,-3.065189878689775736e-03,5.073721331831737222e-03,-5.672722996670107390e-03,6.127855768564567651e-03,6.330997838182184784e-03,-4.695523214705695121e-03,9.498045661755989732e-04,8.161331229604992105e-03,-1.728868172140507736e-03,-2.365332136449942429e-03,-1.355737671077791515e-02,-4.368293422434593037e-03,2.055222260693313069e-03,-2.115738942502025030e-03,-6.094705029439313575e-03,-7.322486745822576887e-03,-2.825976138264385887e-02,2.072607781987436185e-02,1.726901175130984151e-02,3.387672975645865392e-02,-2.816718845748379923e-03,2.792559265588413775e-02,-2.112956982588462020e-03,-2.019169313867142171e-02,9.109028230833121631e-03,-1.199757347569811120e-03,1.388119318937352381e-03
1.074750384057362703e-03,-5.512641506303928712e-02,-4.754519489170951074e-02,-2.049572878181963285e-03,-5.142580466868845778e-04,-2.830907170861411085e-03,-1.272463479381686149e-02,-2.343174497093250194e-02,-2.208143799218726180e-02,-1.415222663491993473e-02,6.528608467006149010e-04,-1.545949807399351825e-03,-2.126775422430306466e-03,1.017962335322724482e-02,-1.335966273995660945e-02,-4.827910531784215115e-03,-2.055230292853653558e-03,-7.134400315286359030e-04,-3.062226108660587396e-03,7.179253779267310426e-03,8.614365868653207220e-03,-7.407844647375859751e-03,3.653615076297597394e-03,-1.401400332862164609e-02,7.942912233842342948e-03,-8.202952373423916255e-03,-4.468102892182466632e-03,1.036306992650119080e-03,1.495479014145587385e-02,-2.593590381136509290e-03,2.215552622374446657e-03,2.401769848184169553e-02,-4.948745404435573843e-04,-1.668522390855730134e-02,8.629839429173540716e-03,-3.886399582849399403e-03,-9.794270417362426623e-03,5.715255766894657835e-03,3.233914395885562759e-02,7.041883607861448326e-03,-1.974914866137093827e-03,-4.486127254659243689e-03,2.716950035965973783e-04,-2.288787552577681555e-03,1.425514737642696395e-03,6.820646903519219165e-03,-1.300439981967211559e-03,-6.330147813708852413e-03,-1.320446347925875036e-02,-1.124028758026478052e-02,-1.304002635864104365e-02,-1.726768254602146016e-02,-2.967741082132610477e-03,-1.111500846920343566e-02,-2.400031293672078361e-03,-4.809810048826378137e-03,9.079210796127964002e-04,4.092452029911458622e-03,1.147996216483917337e-02,-8.155500801311166281e-03,-1.473396907156714584e-02,5.480191954681198387e-03,-5.819689750763428274e-03,1.806377860872580539e-03,-1.930995622849582911e-03,-3.949817804593066216e-03,-3.007684347507617872e-02,-6.171865311254342082e-03,-4.449996067097594307e-03,-2.957542012637736414e-03,-6.784713820833678313e-03,-7.503275026073423157e-04,3.731621321061267811e-04,1.569595211649236132e-03,-2.646885217588726413e-03,-3.419967291470792049e-04,1.767731487478323366e-03,-4.552747423770434759e-03,-6.242800405624062722e-03,1.216504522050888175e-03,1.152471464941773674e-02,-5.913102438180870869e-03,1.562270379439605538e-03,-1.514280902157355904e-02,-1.039981199289402407e-02,-8.310097425312936575e-03,-1.121318768647549310e-03,3.964206544184267593e-03,2.544218352585386669e-03,-1.618211935303023180e-02,1.009243803242335091e-02,8.409445942203944840e-03,1.594545646937822747e-02,5.218320643849878177e-03,2.037197718873136679e-02,-1.281148687340451665e-03,-3.012382244296439235e-02,-1.617733313998400899e-04,-1.047562795695585434e-02,5.823467190206456194e-04
-1.682275929730884297e-03,-9.964483752663823302e-03,5.533499781216743955e-03,-2.125032697597605718e-04,-5.305287861301517631e-03,-1.107328580305311228e-02,-3.603766963215268397e-03,-1.111134306604172860e-02,1.777750769561823457e-02,6.276294856866211636e-03,1.788131142822872710e-04,-5.473960694753452622e-03,-9.910984558502993272e-03,4.641244353640112952e-03,7.470396729356575810e-03,7.462776402231107754e-03,-2.046487762265802608e-03,1.422435602853276953e-03,7.560126920631262326e-04,1.423436268972421911e-02,5.877378838227083173e-03,8.223161126525740938e-03,-5.657814575690013614e-03,-2.496233944927990066e-03,6.195781501467195057e-03,1.341512056094255109e-03,3.791918177128402248e-03,8.674262692953372059e-03,-9.088605953278641389e-03,-5.022955374064761759e-03,1.831914758037959034e-03,3.448459294754014238e-03,8.499922622410095718e-03,1.842668139053791265e-03,4.563072706763014047e-03,1.860162621497132678e-03,1.170525152469849197e-03,-1.746220648832287961e-02,-1.442496001378853164e-02,-8.665276352007554583e-03,-6.524312196102563001e-03,1.488603328126622029e-02,6.298147378458977949e-04,6.063576875518060521e-05,-4.006430208976949846e-04,5.683547193864749505e-03,-3.466886613039049398e-03,-1.026172851270155170e-03,-1.200278267815292881e-03,1.386334021931241462e-03,7.370099171963348690e-03,-5.214302761989803373e-03,2.007147422780574363e-03,-1.124825684656914973e-02,1.901827599456772664e-03,-2.892558664806206981e-03,1.185909484499730068e-04,7.243501275412745841e-03,-6.303144302915697841e-03,2.373971390606206128e-03,4.078113763829747246e-03,4.498118325979887783e-03,4.478000960612963516e-03,-5.552661598534546113e-03,9.014277286689912488e-04,-3.423250795256698354e-04,-2.997907541168058024e-03,2.458981985652349510e-03,1.210831476517745722e-03,6.547473899734153335e-03,-2.168212035690772824e-02,-1.605191072054442010e-03,-4.240571997876817038e-03,1.653647092744513734e-03,-8.080883244253123446e-03,3.838643661507508691e-04,4.717108261230713406e-04,8.062273171044600367e-03,-2.897477687381765522e-04,-5.640707286956578087e-04,3.699851875574387394e-03,-5.215915323257788380e-03,-5.173318657310597545e-04,-4.001142265305680269e-03,1.042273740902904637e-02,2.124741162918292875e-03,-1.500104379983839629e-04,-2.001775933093058457e-02,1.256024000115125820e-02,8.879726007497600743e-03,-3.020647153339744550e-03,-1.286968693403750530e-02,-1.577492049300136326e-02,-1.697471408300378843e-03,-1.396744494427713812e-02,2.832923897839142221e-03,-7.888532996256457722e-03,-3.979733253797505636e-03,-1.465631236930573650e-02,9.712661447248890087e-04
3.411725968595802523e-03,1.696501052615636759e-02,1.632010026287266866e-02,1.503709354459312544e-02,2.124720773672144833e-02,6.777688917773965795e-03,8.866743329372513485e-03,-8.847228614591633178e-02,-7.908083343141857069e-02,-9.279607093504534110e-02,-1.086101826049743705e-03,1.206471180221245672e-02,5.839716377030491901e-02,-5.269778169714800509e-02,-5.333122609077913662e-02,8.950203729737975233e-03,2.802561608588595085e-02,9.836506128322698023e-03,6.870463416148316592e-04,3.430610368528017734e-02,-7.822779282243663701e-02,7.917232912263533207e-02,9.688364245830766164e-02,6.149325540453420835e-02,-3.994472550132062427e-02,-3.124103548934074881e-02,6.952184827879908866e-03,6.567753015344077183e-02,1.404600270391230879e-02,-6.941195375793933128e-03,-1.099103215806462169e-01,-3.323985601441931115e-02,1.453197837189637229e-02,-2.025475294048465977e-02,-2.678100236624514005e-02,1.902292880918004386e-02,3.974726048875981688e-02,-1.856497838189762398e-02,-2.648608641233560768e-01,3.548503521916964581e-02,1.624988957119580593e-02,-3.227467785159040398e-02,-1.874005315990682607e-04,1.005267645557817446e-01,-8.128726016528609044e-02,1.140503163904688089e-02,4.889743482310186101e-02,1.993742916739995458e-02,-2.865038281174071486e-02,-2.742820188944782717e-02,-1.440301369713220016e-02,2.836749785300762480e-02,1.172896291929349626e-02,3.074940931206073674e-02,2.280286933185128248e-02,-3.889397159379428398e-02,-1.789941851467665443e-03,8.843544671017097847e-03,-4.433543886950266910e-02,4.986979631637390720e-03,2.363404902796695933e-02,1.013051164806198362e-01,-4.642510102964938525e-03,1.391167486211310374e-02,2.909373381088419669e-02,-4.222391295367825502e-03,7.573617080740935141e-03,8.521824696932185639e-02,-1.506403690776556524e-02,-4.631380039311432627e-03,-6.873157202272894839e-02,-1.002994341101063128e-02,3.344632660323917234e-02,-7.860788221506967433e-02,-1.432472918271018641e-03,3.294967072391959823e-02,6.029003869179769964e-02,1.648990047776043369e-02,2.736013480845428739e-02,-3.297999853697396178e-02,-5.119596455624129266e-02,1.722822948045396249e-02,1.139553173289969967e-02,-5.309196083399796845e-02,2.811320776388418277e-02,-2.033883257298329129e-03,1.231346379713684977e-02,-3.316413856848457464e-02,6.173939777990193611e-02,1.292187790919220765e-02,2.180705075656485387e-02,-1.125045790623260961e-01,8.407881474810292508e-03,6.311255264247238317e-02,-6.807050919615895146e-02,1.794134818126785422e-02,1.920780176337841261e-02,-5.124955834779306579e-02,-6.098874731408053702e-03,-2.383473501464187117e-03
-4.411556585040363014e-03,-3.979097536471153801e-02,-1.436431995909487683e-02,-2.565089366736804377e-02,1.332237410226964035e-02,4.736138883355404949e-02,5.223148074506249461e-02,1.269990544998280194e-02,-3.494717396174847057e-02,2.647598897166674597e-02,-1.457953839837240577e-02,-6.071364566315674144e-03,-4.939917046623662489e-02,-1.775094549172906086e-02,2.430649413449679011e-02,1.009255244183826644e-01,1.376911623107903229e-02,2.028062848050749684e-02,-2.741857678428624365e-02,-8.331156882820257847e-02,-1.775174747928396843e-02,1.618066290584407917e-03,-6.015707628187443728e-02,2.979627163937167283e-02,-1.757780810580082675e-02,4.134975655751590290e-02,4.985376299666852834e-02,-2.445882981016616817e-02,-8.330039777268556656e-02,-2.584853183829362300e-02,-1.127982821810979454e-02,-6.874958173069992129e-02,-5.334117197295061563e-03,2.101791109588161885e-02,4.681858390081198446e-02,1.659045617865795037e-03,1.038037785045347640e-02,-2.844847146632240378e-02,-3.346790115019036838e-02,-2.601687664777768694e-01,2.840915001413852475e-02,-5.972635867378336266e-02,-2.239620536342188870e-03,1.592955654315394640e-02,-1.489804880734736485e-02,6.067466624492265717e-03,-2.218976914398059636e-02,3.790006665223576154e-02,8.168397122265126653e-02,-2.301650182783885820e-02,3.674020330341550705e-02,2.454280824696450022e-02,3.045619406882875066e-02,5.574089828788023754e-02,6.122760591032525707e-02,3.688009362496466603e-02,-3.560427833962762252e-03,-2.612927315537208819e-02,-1.460392139270262971e-02,-1.022079956974629097e-02,9.384174040538952738e-03,-2.426412783276197388e-02,8.038294240974494520e-02,-1.267075506954790619e-02,1.257681544610789355e-02,1.384318832089522638e-02,2.740912845086577315e-02,1.149224258234087144e-02,-2.875456255329421687e-02,8.546223887875879300e-04,7.270646242031840456e-02,5.290939744498445244e-03,-3.324703375834967001e-02,-1.466515074594627356e-02,-1.723489941766948724e-02,-1.361979447595603777e-02,-4.406745471502541284e-02,-1.649622149712300784e-02,-1.839809310247849869e-02,-1.454553881727398829e-02,-2.157790024568270390e-02,-5.400665665732375803e-02,-2.917437788331390947e-02,-3.943953350772815697e-02,3.609716044454740203e-02,6.966701520244626689e-02,-4.784960943072472973e-03,3.798759982824723158e-02,6.415813175996339102e-02,5.066235292438216881e-02,-9.445302683168831093e-02,-3.791447542051875480e-02,-9.161285037137698040e-02,-4.569950105316416405e-02,-8.851929378692204031e-02,4.513858185665427236e-02,-4.135792101142334032e-02,-6.601047418739015328e-03,-7.096096220908881813e-02,6.004864301434263349e-03
-1.033182588328281776e-02,3.150032439373420118e-02,8.594854655432050683e-02,4.547572614953847986e-02,1.453421043508317315e-02,2.530463127512813659e-02,1.857946291331532551e-01,4.636488290490926173e-02,9.121782759599147972e-02,-4.546705030870616562e-04,9.640178098554001013e-03,-1.340947479793269670e-01,-2.393140857585521197e-02,-1.542020212536393715e-02,-3.075483130572276985e-02,-1.295132660292404835e-02,1.629612846604792595e-02,-3.208277492227969152e-02,-2.394182621712514711e-02,3.525693721758903915e-02,-2.592992767237664239e-02,2.580986969016956303e-02,-4.476510647849536728e-02,-3.269318349524000245e-02,6.740301165076754975e-02,3.984806031226675350e-03,-1.379102256722417735e-03,-8.912604421340972194e-02,2.917298884575892162e-02,-5.343434117335874034e-02,5.306976965402230954e-03,-2.090253965961892668e-02,-1.239963590552868068e-02,2.038444449243699552e-02,-2.660749743021154773e-02,-1.184764424831127351e-02,5.309768978332748968e-02,1.336104166211947962e-02,-1.458630288269438524e-02,1.605490069602167821e-02,-3.794721952362792861e-01,-4.468302909740750478e-02,-2.485418909344588867e-02,-7.576365584928768104e-02,-1.900966439394368920e-02,-6.944760540820567318e-02,1.579163052550623322e-02,2.641820658461512331e-02,-1.248497885701657650e-01,-5.302557840075296930e-02,-3.651417755053459197e-02,8.020339593751767138e-02,3.375322819172154199e-03,-9.687008783515978216e-03,1.819773695947605324e-02,-6.035746424420039558e-02,-1.065273651021633045e-02,1.783588759736281018e-02,1.409620528394120789e-02,-1.579201539020591571e-01,-3.019543711025557062e-02,-5.815489647260006778e-02,-9.655644508407862370e-02,-2.841319518008959127e-02,-3.284794338925338397e-02,-1.106806311206912606e-02,1.960634916131278813e-02,1.497281507359676800e-02,2.399253868591855882e-02,-8.134820066127000648e-03,-1.406292836703766369e-01,-2.421511110937177302e-03,-2.660077795529068676e-03,2.606722279984951054e-02,-3.619872598716353251e-02,4.831772403219559107e-03,-6.985258596712151657e-02,8.413221529359928008e-02,1.258117887232723317e-02,-5.735245247660385182e-02,2.382891355921443188e-02,1.386308125288704483e-03,-7.104267471208325878e-03,1.223008583528650273e-01,7.954515232245452580e-03,2.656247843951888010e-02,-1.490610950008977413e-02,1.448839871834734505e-01,-6.315718497743717796e-02,1.014414354821226508e-02,-1.047613079051427226e-02,-3.632166814547835038e-03,1.272169402094566401e-02,-5.973823917321852139e-02,6.632863770699670702e-02,3.791224433214604971e-03,-1.517176909391651854e-02,-5.410344787501676633e-02,-6.668737776975332265e-02,-1.412500428153252996e-02
2.092837481931706517e-03,-1.181745631411077824e-03,3.364868017845425163e-02,-5.963180457145255894e-03,-1.825402168962185837e-02,9.246009965081724083e-03,3.345976335271640600e-04,1.765411484686729149e-01,3.547743969040120793e-02,-5.867340981072766137e-02,1.856485779490759758e-04,-1.590748500423221426e-02,2.152127132245564359e-02,-1.352073117945810921e-01,-4.021641302018877373e-02,9.229741285162726405e-03,1.551047874487086753e-03,2.905978318370806748e-03,-8.017610041096558116e-03,-5.992139199532942745e-02,-7.660204405736124877e-02,-1.274790493470598363e-02,-5.774362662883564257e-02,-4.852906690741988494e-02,-3.391933488566865884e-02,3.030134305046410653e-02,-3.203672942869391794e-03,-5.366896301152442039e-02,-7.528491098484056676e-02,7.150186527253999356e-03,7.479011930248403994e-02,-1.278016013475182650e-02,-1.210352337781845852e-02,9.360788169879410980e-03,2.049950090823518187e-02,-1.935984549860699303e-02,2.179065497605944118e-02,-3.925592553870782889e-03,2.139664873856794367e-02,-9.188409333041169802e-02,-1.789249146815771394e-02,-1.846608829570325350e-01,9.402469409012662385e-04,-1.989151716305324197e-02,1.533187802132380748e-02,-3.454976741230161852e-02,-1.159843624703094968e-02,1.685724216210134421e-02,6.171808152269459176e-03,-8.855431261756138012e-03,1.755184618673133815e-02,-1.061850781787342102e-02,1.700874702364135044e-02,-1.120583338816934921e-02,-3.627240436119653216e-02,-4.570410528229001262e-02,9.675673728580944793e-03,-1.562085972542251976e-03,-1.161451015236786635e-02,-1.206961508163341551e-01,-4.369379206354354062e-02,-4.801048275495174017e-02,8.339194979994918322e-02,-3.022268276400981446e-02,3.458528205116222394e-03,1.204277150196337090e-02,1.656662008104283976e-02,-3.995894717958577841e-03,-1.007682683767745051e-02,1.640729797178082372e-02,1.014658356226508587e-02,1.983268671028002444e-02,-3.905553072780727601e-03,-6.900656385057726827e-02,-4.502600835651777295e-02,-4.714370509062748072e-04,2.150595804364438882e-02,-6.838907702134340572e-02,1.555584005346648084e-02,-3.110404317587943390e-02,-3.986590001077269102e-02,9.805661874691258550e-02,9.005848095362801314e-03,3.370748134967847115e-02,3.939616507235133014e-02,-4.886798464302367223e-02,-5.290325210573921383e-04,4.850306414532215560e-02,8.102006650464772808e-02,2.657549100840269143e-02,-5.927319290274623252e-03,4.338631628461367407e-02,-3.395305346283308823e-02,-2.421147280952166969e-02,-7.360169165864073083e-03,3.643434731884496233e-03,-5.030857766458542851e-02,-5.730865830753616857e-02,1.716016234237628321e-02,4.722636104946606635e-03
-1.731675325550112920e-03,-8.000930498597097484e-03,-2.879038376393685747e-02,3.059037888692544074e-02,-3.717511745236388825e-03,1.398265073208119352e-02,-2.581402371043754751e-02,-7.320828374421181617e-02,-1.259862971797366324e-02,-2.169579059142358324e-02,-5.484898158172025161e-03,1.608607005111757290e-02,1.575008499253201938e-02,2.158872636737999007e-02,-3.201442207292969078e-02,-6.967699498746656762e-03,-1.176040854645720064e-02,1.774760107440751834e-03,3.532404773774160903e-03,7.037876502919652999e-02,3.642036409962350757e-02,4.034517844080723337e-02,3.519530313165279700e-02,-4.240610206492954892e-02,5.973807877936486432e-02,-2.928339330588365565e-03,-8.899267712690924273e-03,1.676965488164076576e-02,-1.154919007740061627e-02,1.409151648223972569e-02,-2.195635993560655225e-02,2.612761095344308740e-02,-3.351668936497285978e-02,-7.460526296847454046e-03,-5.091047040924003009e-02,9.277994204337149272e-05,1.797042151609686694e-02,-1.304991323526113155e-02,-8.729521909611286101e-03,-3.848130896646093785e-02,-1.995282332755332275e-02,3.288206971760981867e-02,7.702661475410137876e-03,7.248088721331617801e-02,1.682962054009704000e-02,1.786241724154677066e-02,-1.100942840184184965e-02,-1.074101691166045279e-02,-1.029084167899920604e-02,4.973746037070378434e-02,3.426810000475939352e-03,4.812012205000851250e-02,-5.955873546463413132e-03,3.289558881491330689e-02,3.390095270238662611e-02,-1.342963046978579676e-02,-1.010034885729977662e-02,2.644418410286608970e-02,3.696441958963472829e-02,3.141672591665001929e-02,1.188470201842355273e-01,-7.624264712563021996e-03,-6.499944846735717686e-03,-6.277456763486352100e-03,-8.711308085322095815e-03,-1.129240446548698644e-02,-5.891999145900680968e-02,5.628163077526443861e-04,-3.865278972074077685e-03,3.820974906465973882e-03,1.051136592272780904e-02,-2.352505459520427486e-02,-4.426919423856350705e-02,-6.223084830923936162e-02,7.776260731374180085e-04,3.898199555810555328e-03,-7.046441265647451768e-02,-2.679938473507164146e-02,3.062375790215972511e-03,-7.802114264655536820e-03,1.089388035554837708e-02,1.771591441949657217e-02,3.447476161699105160e-03,-6.877013986022650904e-02,-4.675399149121571563e-02,-6.385390618574354749e-02,-7.554121534640647305e-03,-7.992456312186733969e-02,1.925590294997043400e-02,4.633209685349904544e-03,4.457990115596421193e-02,-1.929570338728011508e-02,-2.500945241135811570e-02,5.257149954452720007e-03,1.907706322064723833e-02,3.943001635758018077e-03,-2.763228294248058076e-02,-6.614956929569036637e-02,-6.860773061918508386e-02,-2.206546650706677111e-03
1.268899209549453032e-02,4.018902458759072982e-02,-4.617350524024980279e-02,-8.981290221103277460e-02,1.404830998663013364e-02,-1.485112133398591022e-02,5.450763057527614752e-02,2.751631539489312814e-02,-1.787928690811069546e-02,4.431907722467522820e-02,1.153532243646772024e-02,3.313459890834608707e-02,-6.676274296977684208e-02,4.115838439507501654e-05,-1.005757002172958867e-02,-4.975945752487673582e-03,4.286228316064901595e-02,-2.197582611884676268e-02,-1.326476392721066648e-02,-5.038576017117205562e-03,-3.939159450142799140e-02,1.013990496988013100e-02,-5.347771277096098619e-02,-1.529479926799757680e-02,-3.779623667812705839e-02,-3.770906748345194404e-02,2.972121375180378569e-02,-6.756192143979902753e-02,-3.470750686303528121e-02,1.734375341072951285e-02,-5.661948333947948268e-03,3.088771819030276811e-02,1.010441237574640494e-01,-2.268544416918460635e-02,2.481574090430227475e-02,6.187650597609556944e-04,-8.246421470062046885e-03,-2.409069063841660918e-03,-2.103997904440987193e-02,6.235594196692707814e-02,-2.600134595448214125e-02,-2.263294466941393000e-03,2.023930484811750641e-02,-2.828647124939260293e-01,-4.587375245399264584e-02,-8.919266358386249149e-02,-6.907245356030378147e-02,-4.035137624017673397e-02,3.731292162771865199e-03,-1.060855594399578126e-02,-7.343377976743746538e-02,-3.178383762741767565e-02,-1.239352173203350956e-02,2.634514284965996239e-03,-5.606083012156396622e-02,-1.472223566858685100e-02,7.929126141359483029e-03,-3.249360429801183975e-02,-1.902887068817045446e-02,-7.073436485601153345e-02,-4.739713003662194418e-02,-2.825428807992460753e-02,-4.756980359271720249e-02,4.960407319237662704e-02,1.287961943326032706e-02,1.480057744352350317e-02,-4.772793936008389720e-03,6.903251077721211850e-04,-3.683099834644166376e-02,-5.515732963594077547e-03,1.375632626190891397e-02,3.819771950739364597e-02,4.163404039055668138e-02,-4.938494076864696769e-02,-3.367257420905292453e-02,2.624493663772064708e-02,-4.874159297861357237e-02,2.583658557261921465e-02,3.477880248395487373e-02,-1.510380739670803482e-02,-4.620777441665312874e-02,5.681949140092175388e-02,8.218569500887442855e-03,-4.355032495419818711e-02,9.931019049890606534e-03,4.013077518382174996e-02,1.098075348077255653e-02,-4.469197137441945772e-02,-1.394709020958594670e-01,3.511193922719894195e-02,-2.873060614598804338e-02,6.078400723682026580e-02,4.205764756914912722e-02,8.360552369301953862e-03,1.286685885432978585e-02,-1.165912863850991112e-02,4.224874395192134563e-02,-4.721889451157033901e-02,-2.494283756530329618e-02,-4.155802235902857251e-03
-4.186508872549885019e-03,2.522379934467524568e-03,1.105856026808381062e-02,-5.557867577130419165e-03,5.364000091556275079e-02,-2.864477998434590902e-02,-2.633783264559217893e-02,2.950433608134068672e-02,1.351192009411270566e-02,2.196581938527932421e-03,1.243714900880460092e-02,-4.421924512633896957e-03,-1.548154777910562378e-02,-2.608493870410087331e-02,-1.874465600219799022e-02,-3.180649613686395427e-02,1.429057540342237170e-02,-1.186378934228973607e-02,-9.820745438954954498e-03,-2.386010730067410560e-02,-3.039623157252036717e-02,9.420848713480488995e-03,8.474817916200769186e-02,1.153716840661626192e-02,1.058343707893400799e-03,-3.132986439290055825e-02,-5.427943679363196085e-03,-8.058561367855137519e-03,6.135342348352555708e-02,-9.600797273922662134e-02,3.265740913035022203e-02,3.272251203726424945e-02,-8.299571816007088321e-02,3.370324487112503348e-02,-3.666092343284249599e-02,9.080529941699473986e-03,3.011178252854553039e-02,4.869977023636186397e-02,-2.156226699309861730e-02,7.865278726461506775e-02,7.295801836566206955e-02,2.698645866499916127e-02,-1.271765691457426781e-02,-3.250804479812643283e-02,-1.301732690012513682e-01,-5.792757889600046173e-02,6.069363719766727311e-02,6.811220511007239076e-02,-1.009321042404836277e-01,-2.266460235602704969e-03,-4.491413094949472939e-02,-5.131073865129438805e-02,-7.093056005838702278e-03,1.485671324177514950e-03,-3.758699961917543603e-02,-7.586670951503134142e-02,-2.915647815440803366e-03,-1.348654638109819323e-02,5.722451576262908846e-02,-4.771189712962358581e-02,4.171295128283061121e-02,-1.484201870535449032e-02,-9.303944323838861385e-02,-5.538847886141444465e-02,2.832563940957757206e-03,1.234777166404027980e-02,2.978310345153780195e-02,7.518287088429153123e-03,6.107187280037997684e-02,-3.172231826420734285e-02,-3.008294199015000212e-02,6.970391183159950141e-03,2.525280453284067372e-04,-9.213095436958175510e-03,-7.939159925744317114e-02,-2.537568113749260820e-02,-1.436811552790709899e-02,-5.759504535840238859e-02,-4.942983969781193469e-03,1.734152026138864947e-02,6.354862917439702517e-03,-3.423706094322644805e-02,-1.364208509554955262e-02,2.942100472208106221e-02,7.631580067345695995e-02,2.754322022988866386e-02,-6.261857562494817231e-03,-5.487156216781031992e-02,-5.646486919470360133e-02,-5.120532485831975206e-02,3.192533854057535286e-02,-9.952440117534197550e-03,-6.281339149934961298e-04,6.734622578090289184e-03,-2.890356873390239213e-03,2.833801392564844202e-02,1.671706472698351181e-02,8.426222586702211692e-03,1.474539355764344084e-01,-1.115575191334294836e-02
4.895112303935926848e-03,1.171511040800666918e-02,6.521965737780274601e-03,-1.608967240484420348e-03,3.672597350855561632e-02,-1.102728585110119945e-02,7.197455549410468334e-02,6.187424825921440663e-02,-1.971086921685494958e-02,1.175008938090288252e-01,5.695699787917586458e-03,-6.743760308864679698e-02,-2.692683716533271487e-02,4.285910150329037827e-02,5.339050969562740556e-02,-4.183772182326082195e-02,1.551990338458568604e-02,-5.449836054701423516e-03,1.296479724986898500e-02,-7.472354411438102140e-02,-1.568552843059286411e-02,-5.347159286029275899e-02,4.516489173273918745e-02,-8.311181522018840084e-02,2.981592170641510914e-02,7.272118074936173744e-03,-5.361793002635529930e-03,-4.887784099806431748e-02,1.291072636967409600e-02,-3.129852514178090711e-02,1.828839454274084828e-02,1.271167750564196645e-03,-7.087692200391757479e-03,9.249521808892974262e-02,-1.465585604961992527e-01,-1.342395843874712343e-02,9.146993469015970990e-02,-1.567459717662921664e-02,2.653519677934617835e-02,4.044482934450295553e-02,-9.943784804019958901e-02,-4.536151389432573761e-02,1.653658725732252630e-02,6.829925285012810807e-03,6.385530576364627404e-03,-2.897592753621923700e-01,3.388779349088931470e-02,-3.961930431260324986e-02,3.431221401222992601e-02,-3.869920561695940758e-02,1.770581678671778736e-03,-2.707684866051303374e-02,-4.292569914794851227e-02,-4.591828533916285371e-03,-3.068124784349087267e-02,-4.507593845450162673e-02,-2.524732600079742642e-04,4.849086310750722051e-02,-6.427346646934650742e-02,-1.182312290709013336e-01,8.875806180666398482e-02,-9.058586161209664089e-02,-1.216110633484898500e-02,2.182681424987935326e-02,1.382735918425243189e-02,3.806841781918941098e-02,-6.472048163491006534e-02,9.423945140697820994e-03,-8.267015165427393092e-03,-4.100196864478120561e-03,-2.061891988139399022e-03,-1.943099503034348419e-02,2.541688750188236898e-03,-6.308028583664694600e-02,-2.398346226539110199e-02,1.321388541723331027e-02,-3.753832541934179479e-02,4.119414702668815903e-02,-1.338304355387908914e-02,2.020453730210377066e-02,2.695432757648717412e-02,-4.352852149105136681e-02,3.997802094412464778e-03,2.046909693467097863e-02,-8.686042889512359325e-03,-3.657368589325016989e-02,4.871000632845990351e-03,2.257491634165981545e-02,-6.215343488430783575e-02,1.465684306405428024e-02,-9.209979930495915124e-02,5.426247973940322156e-02,3.856037703062912235e-03,-1.880896241562493923e-02,-1.853487518215162291e-02,-1.996276744372210352e-02,-6.802339776485995249e-02,-1.016921116380308243e-01,-1.019928334741270065e-01,-1.213710998829904339e-02
3.002580121384641840e-03,4.239111859770824942e-02,3.460517444318114699e-02,1.838170442616478273e-02,-4.707111269054296138e-02,2.231003796030694639e-02,-5.518910588561944108e-03,2.931527479323553509e-02,2.027203018926040934e-02,-1.623860582530087509e-03,2.055055753442374972e-03,3.505058686595123336e-03,3.493449011707208673e-02,3.990000680578256048e-02,-5.209256303932852800e-02,2.189169852005877666e-03,-2.694529430858139465e-02,2.431650471262837912e-02,1.244516815236649870e-03,3.069563911929985497e-02,-1.864317762713074006e-02,2.020840938481944030e-02,-2.502283229977539034e-02,1.538383107752290882e-02,-1.054565047621363744e-01,-9.347610554432787128e-03,1.825438177490504993e-02,-4.228260207362190271e-02,3.581475346878376653e-02,4.005230537332447882e-02,-3.707220948166330826e-02,-2.061950347351898874e-03,4.391940422230570379e-02,-1.645257822543885404e-02,1.082199320219386215e-03,-1.824360467853532869e-02,-1.448255192610640833e-03,-3.985059508474920326e-02,-6.841449563285598168e-02,3.049951695488253844e-02,-4.572206727464735686e-03,1.240266303276737559e-03,1.256072599019981192e-03,-6.808707694515012121e-02,6.211555682111109811e-02,-9.017934479318959196e-02,-2.452205182623120039e-01,1.752389304337162446e-02,5.453793675398056241e-03,-1.090044692665702031e-01,8.010683375528862560e-03,-3.563207182322807726e-02,-4.156204328208582856e-03,-2.609072081473744892e-02,-3.516403141071502980e-02,6.214929628016475915e-02,1.876355605678137976e-03,-1.979897339510160517e-02,-8.246449324701864148e-02,4.022470060999546772e-03,2.866461915433669849e-02,-2.642586728943031177e-02,-4.777340529516049122e-02,-8.720577163739638357e-03,1.265999607917010425e-03,8.129301779832457525e-03,4.608360458059219261e-02,-4.783672039086704630e-02,5.480125706364805810e-03,3.739716176131851338e-02,4.324688931896687738e-02,1.334138694757273057e-02,4.934108027751775427e-02,-5.188390060565360729e-02,-5.207576078660263418e-03,-1.188723827843440883e-02,-3.680038424584939315e-03,-2.138383093735398907e-02,5.798630107820381893e-03,1.993595489379462043e-02,-1.413904739846054692e-01,1.413712774718189902e-02,3.522150073401938974e-03,-3.080749756611103965e-02,-6.339761677178925962e-03,-5.080881457704668897e-02,2.266036404248581576e-02,-2.498622487009065710e-02,-6.462546174378034150e-03,7.011845508399436322e-02,-6.232646117191253943e-02,-3.364889298939601620e-02,-9.335877656462335250e-02,-2.363261431229661969e-03,-6.262250728095616892e-02,-2.619501882584304026e-03,-9.235998879527980432e-02,-2.907049085691401549e-03,-1.397639109480705924e-02,2.218537630612550486e-03
4.247102051466554971e-03,-2.738874883943343691e-02,-6.861518075669785499e-02,7.146211396824699025e-02,-5.728436961708354563e-02,4.496108677914835428e-02,4.025129889643372372e-02,-8.626385795501911175e-03,-3.176802948041310831e-02,-1.460811631182486539e-02,-1.886243167569663995e-02,5.408053258147638848e-02,-4.914748118386808029e-02,5.729974954610687898e-02,-4.997904911202154937e-02,1.439513120122869194e-02,2.503668923141702963e-03,-7.504403197521680204e-03,-3.519259818651349070e-02,-2.991968307652841368e-03,5.242979990479815916e-02,-3.728098666110753884e-02,-6.201871654330150252e-02,-6.825862345211525239e-02,7.082710716796719597e-02,4.046089686796051216e-02,8.833007759330593553e-03,-3.661799688477786890e-02,3.757619760922227548e-02,9.155860849321894104e-03,2.725751580494140472e-02,9.990765314433208699e-02,-2.720791427712074273e-03,9.176580173404799701e-02,6.477111761203842299e-02,-1.380261423531937634e-02,-3.323368287989497682e-02,-5.235590615780435358e-02,2.751821830332113611e-02,2.179799728892998015e-02,-4.906070080246988790e-02,4.868670558331548992e-02,-9.759019383067275019e-04,9.310559653172767111e-03,-5.963744577529794810e-02,-1.034381180636146785e-01,6.055595105489385704e-02,-8.610171309375176663e-02,1.256797775297028609e-02,-8.719327481636869603e-02,-5.240748650729246810e-02,-5.404451609163046788e-02,-1.772913802734096822e-02,1.924986951305394543e-03,1.681887300190725021e-02,-4.555270934431916025e-02,8.816334815124860294e-03,-8.280435647561782894e-03,-4.379748988837371682e-02,-1.110254989049027918e-01,5.763977128967032182e-02,-3.512342034726911866e-02,5.754163412752230644e-02,4.160263148869608463e-02,-5.773297158921165441e-03,-1.710020276576372511e-02,-1.970621845159150828e-02,-7.693882062738255541e-03,-2.031826137707753999e-02,-1.387862062005047747e-02,-9.843215570873693754e-02,1.487753217579241942e-02,1.530727264649752069e-02,1.522824201884452264e-02,-8.586935755322828989e-03,1.382092023993838209e-02,4.345286625584210416e-02,1.819910531441345375e-02,-9.956347579738670638e-04,-4.843160870191121764e-02,6.808901651473282801e-02,-3.513369472110502989e-02,-5.729193607705117958e-02,2.021537938018855979e-02,-2.602475691001724170e-02,4.539008484569566348e-02,-7.125618740934811998e-03,3.999756898296187579e-02,-9.678443180650977973e-02,6.021673873217835843e-02,-8.518826570464326994e-03,6.436375473050404139e-02,6.802105530771425379e-02,-8.558242580321114706e-03,-2.349825213650894116e-03,-2.379944977572784337e-02,3.283233615481322837e-02,-4.833433917838934240e-04,3.437086342463622352e-02,7.103171461392503334e-03
3.401405593864883082e-04,-2.618413921134240055e-02,-2.579396282500325335e-02,-6.900976708840605642e-03,9.228772371702314431e-03,-2.969876288817348275e-02,3.954378626034635996e-02,-1.332758896897085106e-02,-1.884704059366061266e-02,-2.179729188171062801e-02,3.059740695881132261e-03,-1.607415234987322195e-02,-1.059083146925098723e-02,-6.465547884283604982e-03,-1.974500512760405183e-02,-6.048675781307441589e-04,5.030872083554758199e-04,-1.034300514188667705e-03,1.022814235735237682e-03,-3.133643103590630363e-02,-5.381586079426845144e-03,-6.494088565194117493e-03,-1.893068495683958297e-02,-1.059671627373039160e-02,8.357632789350134123e-03,2.485059266592936061e-03,2.035907468090070171e-03,-3.876739736811115472e-02,-1.033466332655489164e-02,-3.752947726731081096e-03,2.414732420101501926e-03,-1.128229484385953781e-02,-1.955135325744923602e-02,-2.305403087668604981e-02,-2.619858169752176114e-02,1.584884915695295793e-03,7.894515185491484538e-03,1.374843696113636727e-03,1.334313787751792262e-02,-4.950002511908382224e-03,-6.064025255200619635e-02,-1.055376647842610344e-02,2.770882318343317972e-03,-2.390572707931672147e-02,1.204870078041549381e-03,-2.215027188827894608e-02,-2.114246978022208106e-03,-2.926354732771918707e-04,-5.464173520303998444e-02,-1.763742118419422272e-02,-1.350462148980317682e-02,-1.156746322756676756e-02,-1.139425865403144444e-03,-6.809177545145454410e-03,-2.534119766052197412e-03,-2.950729457731608024e-02,1.186478260770148022e-03,-1.342447878135831149e-02,-7.932332517963465793e-03,-3.295425957682285995e-02,-1.998539277777293399e-02,-8.259647930462597765e-03,-1.263078058608281540e-02,6.163429596705136040e-04,1.558090909994981534e-03,9.360456467689957146e-04,-1.801684640110820176e-02,1.912522172016619532e-03,-1.014742896936326734e-04,1.188777043938548349e-03,-2.431142761345296902e-02,3.182591987179955208e-03,-1.963598452730199080e-04,-1.740742612557917915e-02,-1.723259784903602172e-03,4.750770099093125712e-03,-7.053513781714848205e-03,1.289099857619351334e-03,-4.793898455728472967e-04,-3.799288069586646398e-03,1.341465818602871054e-03,-1.210048550109847458e-03,3.892452713021030911e-03,-5.254212499590231889e-04,-3.289992797538732368e-03,-2.708908919208049410e-03,1.040623806574929745e-03,-1.564522259435531873e-02,-2.742644235738012429e-02,-1.941239241281327368e-02,-7.029673280461693104e-03,5.351169461180908804e-03,-2.897953320317597520e-03,-5.908606246267908250e-03,3.342338690790605527e-03,2.313819745678530153e-03,-2.243897204521658542e-02,1.232817922360586113e-03,-2.622586608031306568e-02,2.483817568681274957e-03
4.973759569965449309e-03,2.080299257309103575e-02,-3.209285682425493808e-02,-5.091456296695397177e-02,1.485716819341921686e-02,-9.726117365665833125e-02,6.425607581742348584e-02,-3.667456413746186111e-02,-6.056684766878474985e-02,-3.606897852434334112e-02,-2.762264748931232954e-03,-3.654112937724873778e-02,-2.378418987714837549e-02,-9.693515836102385014e-03,-7.448039145639043235e-02,2.976158881687429245e-02,1.915178669135434927e-02,9.670029791625126686e-03,1.040054270327212677e-02,1.473572474809686610e-02,3.982106851871083236e-02,1.714343542607141280e-02,-1.616534633601680708e-04,-1.242228865185622186e-02,4.604330572998952681e-02,1.114058852793670118e-02,6.955722459751296181e-03,-9.250143144393742356e-03,-3.194079147378810213e-02,-5.120383899832732684e-03,-1.474567642684578277e-03,-4.817404243490091414e-02,-7.898895443374433917e-04,-8.219764396201451051e-02,5.720671140050960501e-02,7.462805796140878356e-03,3.815744756154370448e-02,-4.357036927853254887e-02,-7.622456043782353807e-02,-4.260653839044758681e-03,5.292619122146036137e-02,-1.060633539816126236e-02,2.954290049617537117e-03,-1.069410862950195135e-02,1.239633979648742911e-02,-1.284956700849102483e-02,-2.794503494559300028e-02,2.165288630501369105e-02,-3.913918446625567343e-02,-1.538651301577675934e-01,-6.222726543479199096e-02,8.774877257850442758e-03,1.156857785114936456e-02,-3.590745003084447329e-02,4.111638212322312608e-02,-3.470789578092244032e-02,3.893621214074169737e-03,9.766018274310256375e-03,2.887680960498186650e-02,-3.947190174595308770e-02,4.804452787461094450e-03,-4.058577805342656469e-02,-2.109675940045518949e-02,1.032534924143188940e-02,-8.535249661302432914e-03,7.657342873660484377e-03,2.198994655811938037e-02,2.920251415689282398e-02,2.570133231357734499e-02,-1.204245799575686705e-02,1.738409965510833571e-02,-9.755582445189158597e-03,7.519641500174790126e-03,-3.668272821462870842e-02,-4.370473334698277146e-02,2.519067610443011945e-02,1.319083123462332259e-02,-7.107236126246739560e-02,2.913306963472848607e-02,-2.605059925109764682e-03,1.273049121833020984e-02,1.333179032074286417e-02,-1.954181226053548770e-02,-1.838200148877865842e-02,-4.349260201765384193e-02,-2.564049410541450677e-02,-4.835532568910520280e-03,-5.219051483312218964e-02,-1.884317341033335189e-02,-1.848540379191099259e-02,3.904049219239472818e-02,-2.005640795939941240e-02,6.457328721201770205e-02,7.638677505396362921e-02,2.695279741892921826e-02,9.962784248360768286e-03,-1.188240108245930578e-02,-4.230823395655937402e-02,-9.555446243201209944e-02,9.336566533226212453e-03
2.358156391317378382e-03,-1.428093271835184121e-02,-2.783772407450966699e-02,-1.922270651146844311e-02,5.314160433635389813e-03,-3.670780993946443083e-02,7.889483640361962327e-03,-6.280202061401278513e-02,-4.584101677093266325e-02,-5.586607629388371660e-02,3.881522108789219050e-03,-6.666794197913885126e-03,-3.526491861489014328e-03,-4.625045487895645263e-03,-1.183858802696175286e-02,-7.931974859934402822e-03,3.315826088364294631e-03,-1.390239057471236465e-03,-1.065956193781088680e-03,-5.764171112802369233e-03,-7.770363495832024493e-03,6.778630115376657779e-03,-2.404786957614647963e-04,-5.911373384538955514e-03,-1.923312178955104796e-03,-3.756772439337588247e-03,5.289528006538137157e-04,-1.552835075029095763e-02,-8.263915532204069159e-03,3.220988719112463194e-04,-1.776664670562609193e-03,-1.070847436881835167e-02,-6.604931166609861841e-03,-3.073656934043278791e-02,-3.265779958896776556e-03,1.504344822445977982e-03,1.720710532287348824e-03,-3.144442007599554997e-03,4.822414714019783097e-03,1.011679441643341393e-03,-9.984878265709850806e-03,1.050826133038009575e-03,3.363315732149788680e-03,-3.335242464498937992e-02,1.882030099422008201e-03,-1.448240478227266238e-02,-3.547254483400796507e-03,3.834091498241138860e-03,-4.279827453368924978e-02,-2.482289952230310251e-02,-5.156020140001026097e-02,-5.338260956967495752e-02,-3.982550507016246327e-03,-4.270966750506977917e-03,-3.493450271436711156e-03,-2.870608178363086294e-02,2.678211795052367911e-03,-1.791685498710748545e-02,2.661147707201807090e-03,-1.386665431327676647e-02,-1.017990169619386980e-02,-1.694382903456260331e-02,-7.313364098051034455e-03,-2.510012999683012419e-03,1.631518734069431313e-03,4.511469752519508235e-03,-4.338171663657987287e-02,-4.434246764548939977e-03,-2.334724819934734573e-04,-4.002705774399728192e-05,-3.248586326143625136e-02,6.632592789975179544e-03,2.148343956981151916e-03,-6.713632413170560892e-03,2.208472453059499158e-03,3.795965136065110562e-04,-8.998515962565021079e-03,-3.444015829426105152e-02,2.376096381526438331e-03,4.126349450433792337e-03,-1.478787856759171057e-02,-9.682139798303887601e-03,-1.069467733259674060e-03,-2.742463256237850228e-02,-1.878464096226360042e-02,-1.700064159466360345e-02,2.407391107479006209e-03,-2.997692229622066218e-02,-1.832983131510211583e-02,-3.562823746969997346e-02,-2.670550047857924488e-03,-1.673521597478111120e-03,-9.813700956524732105e-04,-2.516724668043676932e-03,2.135207007287424647e-03,3.825735225223948570e-04,-1.544917038243750172e-02,-3.712366667906550309e-03,-6.828532314984594835e-03,1.029670291316779618e-03
-8.967887956919018324e-04,3.800719930089945745e-03,5.677516962424197268e-03,1.461336057964083418e-02,-2.387920648543870317e-02,-4.863862259682420058e-02,-7.934622627601273237e-02,-8.339597440284464425e-02,-7.455462946123168899e-02,-5.179820918407025687e-02,5.656224603621791067e-03,-7.586417571064744958e-02,-6.229646353175822930e-03,-2.258692020115210183e-02,7.072344060256867578e-03,-6.498375519725699268e-02,-1.785874131479227994e-02,-2.578149498502120725e-03,-4.763593462078791890e-02,-2.225474229991767239e-03,-1.993704794529632673e-02,1.737526946511600348e-02,4.408669307962774682e-03,-5.904075347050817719e-03,4.123046106490588919e-03,-6.705868714111814198e-03,-7.045220687164997254e-03,-1.975347834995345997e-03,-1.584900434164750183e-02,-2.436257763118392095e-03,1.102388503985245356e-02,3.386135606282447003e-02,-4.567896082996587837e-02,-8.541478889447019773e-02,-6.913058640104450051e-03,2.612230570412655151e-03,1.297093502318080824e-03,-1.245640961091516903e-02,-1.808554894610231445e-02,-3.337918643703574606e-02,6.707810042509620985e-02,6.045996865375272838e-03,1.396185410310085001e-02,-3.835883654812503873e-02,-2.839670230887605951e-02,2.093333063572300548e-02,-3.228883432069061532e-02,-2.221409085265106317e-02,1.133466056288314795e-02,-9.939662558084562220e-04,-6.918687190052914826e-02,-2.318403563795248812e-01,1.137815042792173631e-02,-5.856828591106020589e-03,-2.144244067124484801e-02,-3.175289906076084190e-02,1.732035506268917238e-02,1.348671144859813105e-02,9.207877043258046613e-04,1.469259669295468543e-02,-1.720146263958631516e-02,-6.146599024859523280e-02,3.511323168149463325e-02,-1.194724142039961523e-02,1.310125265484861357e-02,2.521822028359431422e-02,-6.818935853227722776e-02,-1.109074961509885640e-03,-2.380646002997800770e-02,4.815026332476702448e-02,-3.405123745131440408e-03,3.888585085066931235e-02,1.786990967847842601e-02,-3.122048157607843540e-03,1.085410427745438222e-02,-6.289047586093944944e-03,-7.114576101424524568e-02,-1.028933169475772791e-01,4.431981685926947821e-03,1.841303119727684054e-02,-4.392699335985537912e-02,-5.663756908129410038e-03,-1.799571998922864721e-02,1.399582147402196435e-02,-1.100332284798864746e-02,-1.129575969948841130e-01,2.289232987391553661e-02,-1.015992088450296399e-01,6.330860720748223043e-03,-8.398778259296579840e-02,2.225336326644596074e-02,3.210936041690024001e-02,7.308945443550074125e-03,-2.799629198256551785e-04,-2.276646290265159356e-02,9.556240948603363095e-03,-3.969797543608364482e-02,-4.452056992424464205e-02,3.776032530759192846e-02,7.210073389537913213e-03
8.867038478944811591e-03,-1.413534580830509875e-02,-3.488480241938971688e-02,-4.201241382342399411e-02,-1.391026342284305568e-03,3.687789928987409566e-02,6.344690019065891973e-02,4.327400280495744683e-02,-2.605487199281809538e-02,7.438491416450553929e-03,2.378510518456114324e-03,-9.602745620109140456e-03,1.703521797129034510e-02,-4.738384051318227791e-02,-2.718569574257644755e-02,-4.701145677620735541e-02,1.683229325775326829e-02,-3.372578692956711751e-03,1.752919861304286578e-02,-1.779403616197946722e-02,9.585167768937319366e-02,2.385210877276073421e-03,7.543261867006925692e-02,-1.757908163835685336e-02,-5.499090208616191910e-02,5.139975881467270455e-03,-5.367348665739257209e-03,-5.413958262918770747e-02,6.103568975308774902e-02,-6.204981708187337630e-02,-5.038703996793023054e-02,-2.743297683947863025e-02,-2.277598566919669318e-02,-8.727556431268684856e-03,4.884050625059414841e-02,-2.671476691765925504e-02,1.206910331290405973e-02,4.559588446978747600e-02,6.341249546636342285e-03,5.630370118900490661e-02,5.144069015124862893e-02,-5.450877122930027768e-02,1.092027254395073555e-03,-8.202480084165171548e-02,3.951178587621060473e-02,-1.172018971178290375e-01,-5.512405211927787901e-02,-1.091298159191881820e-02,1.637170119531201548e-02,-6.627249881086250127e-02,-3.260807639436605343e-02,6.613281383298951106e-03,-3.810702885042156068e-02,1.610428686607586965e-02,-2.478904894178834278e-02,-7.346084556664518594e-02,5.768838950137935868e-04,9.447990720848332274e-03,3.937679958675332353e-02,-3.670454553753864368e-02,5.437687561439469991e-02,-3.524532317658769093e-02,3.835237422045727207e-02,-7.223419009566489114e-03,-1.275505897241636932e-02,1.338362920097438402e-02,-1.741940097637781956e-03,-3.261622044876092558e-02,2.043170851803226273e-02,-3.036871099691175122e-02,7.935589350612776149e-02,-1.670223831384780311e-02,-5.927667703086669793e-03,9.384666350609610630e-03,-3.704524553637552481e-02,1.096246533748467498e-02,-5.058217279857556148e-02,1.996192716406603677e-03,1.141873273967848498e-04,3.109318184192669254e-02,4.189988682410813146e-03,-5.614775910028782513e-02,-2.569804949319280489e-03,7.170454686901252261e-02,-4.232201606975265207e-02,-5.228462024685388149e-02,1.378469657797344768e-02,-4.645812124110492575e-02,-3.895039320680594025e-02,-3.916639922187990785e-02,-4.404887595731239724e-02,4.295100342447482445e-05,-4.557417227097219914e-02,6.480418042818578139e-02,2.588452993616732756e-02,-3.239867425519196709e-02,-4.307140762989832700e-02,-8.631365493634904351e-02,-2.501675017960891968e-04,-7.038979090684007074e-03
-1.367365319453421255e-02,-8.749041311107150221e-02,-2.456617240164440247e-02,-8.310492225725281401e-02,-4.851937322129167701e-03,-3.388724576854428711e-02,-7.902495158671732703e-03,-2.788345761596720818e-02,-6.949130480689615086e-02,2.662131346905338702e-02,-9.757457968071857682e-03,-4.976530903344902196e-02,-1.573003038345197058e-02,-1.033535254417042720e-01,4.890876279257445891e-02,-2.365175624431694462e-02,1.336033072341016696e-02,2.076790686756540757e-02,-9.881988367024564790e-03,2.522871437519464896e-02,-1.379887219580102579e-03,-3.164311200915627398e-02,2.579544446124280160e-02,-2.440423222530680239e-02,6.856699423131959459e-02,-1.579066013370986066e-02,-2.351385230468717308e-02,-4.915694882491904172e-03,-2.612931945788147733e-02,3.200860666718905595e-02,2.798864430027489872e-02,-3.846301246549402308e-03,2.026177629964613300e-02,-2.185365584039545422e-02,1.630847992241370864e-02,-6.208533375854638665e-03,-5.722823313189925182e-02,-1.822577975915722504e-03,-5.390110040970349375e-02,3.926005647848611335e-03,5.089445622512360490e-02,-1.258312466213854473e-02,1.556159117782615967e-02,1.208965571599862968e-02,-1.352928754243445074e-02,-3.420310688729270854e-02,4.318383378600398892e-02,3.078612629246792534e-02,3.938006106780588683e-02,-4.381639158665358302e-02,-2.838409939173731911e-02,3.301407435140076702e-02,-1.115541597145329120e-02,-2.688966048953767007e-01,-2.208684311484888571e-02,-1.290021766343035503e-01,5.745465646115333058e-03,8.209134189107993029e-02,4.359362294883887406e-02,2.472074590207620423e-02,-3.264267470469632559e-02,2.199588049797645325e-03,3.406558752371405957e-02,1.785483148101073281e-02,-7.338560396004200834e-03,1.970597861343194399e-03,-4.849232393668342217e-02,2.288986129317270926e-02,5.104499425905181104e-02,1.577342725247272287e-02,-1.101457545093469520e-01,-5.290236478302698907e-04,8.689757753505753662e-03,-5.451726886163930225e-02,6.522059142243510910e-02,-2.455493221132195453e-02,4.667663973284163353e-02,-6.751004410054749216e-02,-6.725328790419314237e-03,5.597345741859401091e-02,-5.549997766889989102e-03,-1.765628919332499699e-02,-5.362266834755789746e-04,-2.124576081079420850e-02,-4.439272005440483143e-02,-9.589460618910689363e-03,9.968190168414571822e-04,-5.689837546558514786e-02,9.750123138276231907e-03,8.339649277740801558e-02,1.933468541803707794e-02,-2.713450803439106107e-02,8.126495870984131245e-03,-5.406347649590541316e-02,5.507775989643137055e-02,-2.582763593065893690e-02,-7.222028663270047000e-02,1.646625010362870109e-02,-2.018849156083430546e-02,2.347539593629707419e-02
-1.266708878666333556e-03,-1.732404140449145258e-02,1.377908546124160735e-02,-7.465826098670528405e-03,2.831180092879451073e-03,-1.959230794403850340e-02,-4.030972147735237959e-03,-3.988056688304712077e-03,-1.402411417933401591e-04,7.895731219319829242e-03,-7.734569706869342089e-04,8.507428877549714358e-03,7.423635329185762459e-03,2.096247703658554035e-03,-1.007680148209395832e-02,-1.453217801736782916e-02,-6.639830654210675427e-03,2.387398057289093385e-04,-5.483840217650369974e-04,5.439214283554168368e-04,-1.526450523927181746e-03,1.924640407673483111e-04,8.640624600843249681e-03,-1.118852184712383234e-03,-8.441861915124208556e-04,-3.711825078650839941e-03,-1.665806597773221041e-03,1.048886612843703825e-02,-2.181100931678657453e-03,-3.813498554866445560e-03,5.312888738763683893e-03,-2.102417069335772454e-03,-3.119847074249638801e-03,2.124270409586208330e-02,-1.298914033559584597e-02,-3.967169035170273368e-03,3.298156854731281850e-03,3.075936128536262398e-03,1.738380218191915016e-02,1.042732981383705411e-02,-1.110063426732483573e-02,-2.437929927301603697e-03,-1.102788712750972934e-04,5.744523131165303522e-04,5.480298385139766200e-03,4.989979751995427155e-03,-9.145778129171437676e-03,2.760308270107599427e-03,1.113526791811507433e-02,-7.119885967716379528e-03,5.503097422504142112e-03,-8.546146608239407749e-04,-1.927973457717938781e-04,7.001098522342505924e-03,-7.189866425643732552e-03,-2.175302238595063029e-03,-8.225095491442736958e-04,3.642884951576104684e-03,-4.968801954344540146e-03,-1.842221140218598023e-03,1.467289774614912020e-03,-1.906838471488001528e-03,-4.136412370142945709e-03,1.250225187163320640e-04,-2.666538091663629793e-03,-1.405832004780344883e-04,-9.524516835029450332e-03,-3.481042229529162334e-03,-3.422126891344174845e-03,-4.740761659027479120e-05,7.955370211311728335e-03,-1.602236871411152593e-03,9.769167417632426079e-04,5.258328990931045166e-03,-9.575654653920330495e-03,1.094977108987729882e-03,6.805391894390168525e-04,-1.933569093676173328e-02,1.345005441100490797e-03,-1.615484974344298967e-03,-1.506647959182524270e-03,3.027892496299304948e-03,2.541897641048838571e-03,1.364923663858487804e-02,4.743705833268012367e-05,-3.275215412563201641e-03,-1.399096104324295793e-03,1.281538893392689983e-02,5.415309692204617288e-04,1.868520126918188666e-03,3.073650055563223113e-04,-1.608510328566089762e-03,1.142123213903934419e-02,1.185562869815650830e-02,1.278681277575173005e-02,-1.189573951088533860e-03,-8.390903901782686622e-03,1.370408077182033377e-03,1.633575720010430748e-02,-5.287125888630775242e-04
2.918095125494482751e-03,3.176320339681361349e-02,2.505702896171037655e-02,2.433343957976694637e-03,1.904625664849920672e-02,-1.989518172043883495e-03,1.164491167075470401e-01,6.256055229240717330e-02,-2.565135310478119848e-03,-5.596624532201347792e-03,8.486427307029179370e-03,-5.311335076819370671e-02,1.889902835861903205e-02,-3.218471779067000327e-02,-8.124442644672550534e-03,-2.717207726533040629e-02,-4.296604571095642006e-03,1.409971100395345650e-02,5.969286598650942917e-03,-4.582083460005238751e-02,-8.331378967862108562e-03,2.060752022223657359e-02,4.368795902371766515e-02,-4.936644595818892589e-02,9.897629867773366855e-03,-2.141244086654877764e-03,4.481659170952424776e-03,-5.803598111062794468e-02,1.075649039619198770e-02,-1.126316384043156774e-02,3.533802004562007493e-02,-3.387621578061979916e-02,-7.978599560981602945e-02,-5.248521994104426991e-02,1.448066956853892411e-02,-1.323053851035583921e-02,9.176905263646648742e-03,1.298152962144647794e-02,3.026664213070050582e-02,-3.920667364088854800e-02,-6.008336483367736347e-02,2.023620967341663432e-04,3.397496870597796394e-03,-1.436561018622914583e-02,1.206680375652522882e-02,-5.069374026525605426e-02,-1.288155652149142530e-02,2.938973528129558421e-03,-2.342921313490001559e-02,-3.071441470962036138e-02,-9.828673941433836714e-02,-1.157265881848987613e-02,-5.139177151113562964e-02,4.544371952092428335e-02,-3.809048982460195437e-02,-1.791666713298548930e-01,5.232607623560849887e-03,-2.698921254061924929e-02,5.337195945976751232e-03,-4.457048841717450166e-02,-5.015120282338759311e-02,1.686490097851531473e-03,-5.242454899427186760e-02,9.277412216417441765e-03,-1.282002278319707179e-02,1.337198412186891422e-02,-1.931930178171813520e-02,-1.390276426753686047e-02,-1.610457202571135248e-03,5.365505275733859804e-03,-1.486828691230797882e-02,-6.429484040019328196e-03,-3.294612826011689838e-02,4.709688782054505946e-02,2.824165031559804084e-02,9.238640808865619669e-03,2.879971020863659331e-02,-9.465333308646366184e-02,8.237615037141403015e-03,3.690132356302018579e-02,-2.576008248034359141e-02,-1.392630318193831956e-02,-2.656768643003385236e-02,-3.675694053191714411e-02,-1.256148751876944858e-01,5.942421110674022539e-02,-6.453204480086786009e-03,5.808435838029324567e-03,-6.238200900096371043e-02,-6.056546606628298440e-02,-3.546231489366864775e-02,1.326526189636676942e-02,-2.050070078629369699e-03,-3.707344303685715381e-02,1.365960087648589345e-02,-6.069815813805039956e-03,-5.762725432751358151e-02,-4.425791140572222365e-02,1.731382253551524975e-02,-1.135057758228886007e-02
3.197226241489489274e-05,-6.503291995278155484e-03,-2.252015122684035073e-02,9.663496741099281487e-03,-3.252377710631660594e-03,4.683461866573584466e-03,-8.943242426135793871e-03,5.317478550829327945e-03,3.996006685849869816e-03,9.361291412320807805e-04,9.771616155107275010e-04,-1.011216110554949595e-02,-3.474617244531854991e-03,5.044634414353738050e-03,-3.762723559535408719e-04,7.450441057151046837e-04,-1.621423948395591969e-03,-1.075558698834256418e-03,-5.819984898722297155e-04,4.241751080485973990e-03,-9.582983178035076911e-04,2.363855315700212438e-04,3.501301610204679820e-03,3.191774626797202444e-04,-3.963673685696260211e-03,1.225276246135170157e-03,7.975344003063740113e-04,-3.511384650069004475e-03,-3.571969379737402472e-03,-4.883871089992817584e-03,-1.760936746133349171e-03,-3.675394998289158600e-03,-3.656887421859978098e-03,-4.954705518247179766e-03,-1.095812010271202634e-04,-5.504691573139571534e-04,3.827655702575124066e-04,-4.815289398919187988e-03,-2.527068565156478843e-03,4.423183728589326694e-04,-1.713424674831051306e-02,-1.063828900820841484e-03,-2.678031086780773853e-04,-3.616911836634812642e-03,4.571329580711083231e-03,2.676162524836157765e-03,-1.003466290429527600e-03,-7.285221037626786543e-05,-1.751238233209993431e-02,4.648133690334725187e-04,7.696665896635368704e-04,-6.333018620437366568e-03,1.523985840591831871e-03,-1.386149107853782737e-02,-7.525922502331720539e-05,-4.252784658354870633e-04,5.435236559336854801e-04,-4.542503012335430564e-04,2.187836789798371529e-03,-1.408810082202252220e-02,-1.391793483475813401e-02,-7.629711252875918080e-03,-3.728027032401701191e-03,-7.189182726019691105e-03,-1.295513928750626842e-03,-4.562383244169654372e-04,-4.355943230196071547e-03,-3.583093452548384485e-03,-8.446184057584418163e-04,3.252082851239737442e-03,-2.144573828377839900e-02,-4.435364838207944260e-04,-1.825127520689719162e-03,7.864905346796451091e-04,-1.873483601166634274e-03,-1.724530060792128002e-03,1.473380688315716969e-03,-1.823215591192037265e-04,8.749938830144752492e-04,-2.966783794508226317e-03,-5.136004057008165119e-03,2.314640361747282490e-03,-4.753890509743806934e-04,-1.125955851643596281e-02,-1.880850268121698771e-03,-9.751834120427307906e-03,-1.371894121653589893e-04,5.313650298902131835e-03,1.755151414740379473e-02,4.283605649713527995e-03,-2.095026713170483439e-03,-4.566565802019913883e-03,-2.035474085214037873e-03,-5.569811106197034055e-04,4.737337251937739002e-04,1.995733119348751770e-03,-8.888071539301260759e-03,-7.220937527373356112e-04,-2.415016392058510694e-02,-7.127471329156423712e-04
6.309167936722273606e-03,-1.040280399246281025e-02,-3.003735333089687862e-02,1.317570140605296529e-02,1.618354944297761833e-02,-3.628046439144554103e-02,-5.178375075760958263e-02,7.140265780947693472e-03,-1.148900998218477104e-01,-4.541317128577544021e-03,1.054065932961662649e-02,2.584272588425149883e-02,4.205743118754110693e-02,-3.876986038898591613e-03,3.688443608086885983e-02,-7.400931733010814723e-03,2.028469652390443162e-02,1.402654949963307203e-02,4.914476290146376630e-03,-4.074298935063130900e-02,-1.272766520180740107e-03,-3.240403181498432983e-02,-3.008773938166795642e-02,-3.288339837050616166e-02,2.345927007451161471e-03,1.290782969488093838e-03,4.071208569414960093e-02,3.081300843566636694e-02,-2.453743694721760224e-02,-6.001960698057010046e-02,-5.928498703519539254e-02,-2.853847939989908114e-02,-4.675879123457498537e-03,-7.586253046565132052e-02,2.644527357390357922e-02,4.379397119647843867e-03,-1.918147790650153242e-02,1.111458739424970102e-02,-2.901417984099474365e-02,-3.146673112470984440e-02,6.525336449479779530e-05,4.633140620220752709e-02,9.761084971482671818e-03,3.152781828428628114e-02,1.392853238395526383e-02,5.122049600204192643e-02,3.238348206225712123e-02,-4.150810248849869794e-02,-3.126415004636891315e-02,1.001879597830172830e-02,-3.859167044652776768e-02,-3.960021198731190906e-02,-1.672416582831986326e-02,-4.585704685232943473e-02,9.463824117437033209e-03,-8.501902630063597199e-02,1.763208007149045728e-02,-2.205272511457475326e-01,-2.206134961875761552e-02,1.809832082529997874e-02,1.464009246636076289e-02,-2.996760779507625337e-03,-3.116324873023112313e-02,-2.136193502486479628e-02,6.281570632292872783e-03,-8.760867212784108349e-03,-4.916179855470827892e-02,-3.605185234124776844e-02,-4.369843365119564782e-02,-5.680925464682643616e-02,-1.684947708118344004e-02,-4.334024237340119469e-03,-2.117685424615023057e-02,6.387202894030030720e-02,2.129420766176391699e-02,2.351407754698658925e-02,-6.877116150717683951e-02,-6.342291413719920723e-02,-6.339324206722361148e-04,-1.648895831692896025e-02,2.686211806505476099e-02,-7.297212102762704045e-02,-1.425719122576558744e-02,-7.441271268915174153e-02,-3.538709597938894530e-02,7.912167059706974939e-03,-1.030397390665451461e-02,-4.783654686335804540e-02,7.549477743179412725e-02,-4.996593589865879793e-03,6.162922681524107132e-02,2.837922006136575290e-02,3.370906662935325288e-02,9.231824125905103637e-03,2.944756360712832283e-02,2.796330589333062902e-02,2.556764305201390461e-02,1.244043153797137063e-02,2.078219161266588871e-02,2.739657244592987734e-03
6.138609869674713053e-03,2.723046041128171849e-03,-2.993021400682385411e-02,3.705725452102085621e-02,-3.698389725717548399e-02,5.035200481182032506e-02,1.527271481373035193e-02,6.730821639704118176e-02,-4.433035788783314807e-02,2.805508667693198954e-02,6.102109453599269782e-04,6.976279983338284918e-02,-9.413801112707282162e-03,-7.008212257908687237e-02,7.908221484199008666e-02,-4.458758031963962198e-02,-1.722167857697602666e-02,5.996771172353215773e-02,1.839275404779409928e-02,-4.223099731053085032e-02,-9.255066659865787693e-02,1.089221951022799513e-02,2.049903059794172533e-02,-3.205880109899434532e-02,-5.188931557734492023e-02,-1.087907980246220936e-02,-1.049185165956136858e-03,6.521416798206908921e-03,-3.933417373206860024e-02,8.430501998240221354e-03,9.615167688017197886e-03,-5.897127302099450241e-02,-4.139106512065396370e-02,5.487470726340841487e-02,1.254634318211645186e-02,9.034094815188284822e-04,4.601604117491986216e-03,-3.241961984030951316e-02,-1.308456190111667410e-02,1.191432807134870132e-02,-9.210428786632470638e-03,-3.234760973844189730e-02,6.773971894943919044e-05,7.188780966967200925e-02,-2.539485381075697219e-03,-4.247584019442202791e-02,-1.394744334799774381e-02,-2.444675606735029899e-02,1.700863508649905903e-02,-4.287797683864118942e-02,4.946585360700697653e-02,-8.252313132829833253e-02,4.671904351359885792e-03,1.938627668020470596e-02,-8.634862345203327821e-03,-3.561755953542875691e-02,8.573008612374859172e-03,9.251515580083639889e-02,-3.180781991247506602e-01,2.077228097190204556e-02,-6.527140297111225231e-02,2.163860985438208206e-02,2.705437763938860207e-02,-1.233071933329697202e-02,3.833052820453509322e-07,-2.955406372561200905e-03,6.235105765477665096e-03,3.242328439655475271e-03,3.616208662579722521e-03,2.736696874482976924e-02,2.036399454521500840e-02,-7.531336091986860423e-03,-6.360071029429459864e-03,-5.008822600202056385e-02,-5.477033319004462331e-02,3.769555851929612400e-02,-2.057096279979244574e-02,9.311261475867754767e-02,7.958780213256196057e-03,-3.747634294133002798e-03,-7.628685839314985895e-02,-1.274962511676976627e-02,1.294747352900192140e-02,-2.445832748137841128e-02,-3.605120682098532370e-02,3.013477775283956300e-02,2.123786966245953377e-03,5.716251825848006618e-03,-6.369152428670991906e-02,3.662879444030864989e-02,-5.332371058320500845e-02,-6.800729633305101218e-02,-3.041084295812249844e-02,-2.708404307331477301e-02,-2.306681952005799202e-02,-1.321168813676667879e-02,-1.258032007875966966e-02,4.146087605559890116e-02,-2.512621015859923222e-03,-4.140331844892070935e-03
-7.849155332640118596e-03,4.659145609165769170e-02,7.090043720018111839e-02,6.289999310604228733e-02,2.781657273387543733e-02,-2.303658999229181263e-03,5.671981025415986921e-02,8.792666174708260729e-02,2.097670833040023511e-02,-7.961275141106328307e-03,4.029060443673833239e-04,-6.333631910123040110e-02,-8.213233816882997695e-02,-4.643745739474459434e-03,3.471999195274435429e-02,-2.646153965860149546e-02,-1.717187999293011066e-02,1.821405072608547329e-03,-2.214504487859974348e-05,-5.589283733057027331e-02,-8.057982386335361263e-03,-3.773158005603784865e-02,-1.215026436615300812e-02,-2.275870273885373385e-02,2.477259398766649620e-02,6.363438505937377837e-03,2.078338346677666149e-02,-8.242678922393874286e-02,3.406867231173882175e-03,-1.791629496406336661e-02,7.953205223449702835e-03,-1.002211477781461274e-01,-3.040425335978435423e-02,-1.485272711735173556e-03,-5.771916635391072248e-02,-9.966030364765659372e-03,1.124798207312823969e-02,-6.951744196608416332e-03,4.612545260165420297e-02,2.065005710875646161e-02,-9.643103945580644432e-02,1.982996349052351670e-02,-4.360698627306821705e-04,-1.400379287126687043e-02,-3.429407831860260998e-03,-3.378414880631456368e-02,2.283381341185740029e-02,-2.643208358342797031e-03,-2.992590951461771703e-02,-3.943172633450183796e-03,-3.857886769162195695e-02,3.573116514715481053e-03,2.145359320954448937e-02,7.788181952480212680e-03,-2.447502119196812501e-02,-4.195564977463484002e-02,8.764469344337657772e-03,2.114767119007420620e-02,-5.786649871170168602e-02,-1.748173110620363513e-01,-4.721023726940518778e-02,-2.903857618696723333e-02,-3.364774218369048081e-02,-1.533039776990448820e-02,-1.146231208438834928e-02,-2.938013214942741726e-03,8.398671725938122723e-02,4.334764970469804496e-02,1.494208217520851152e-02,-5.963503988316486149e-03,-4.450574068554575755e-03,-8.749884682845434584e-04,3.966666004180629396e-02,-8.230670895759302497e-03,1.652326902206267562e-03,5.500453772082358056e-02,-1.442755430073081740e-02,-4.495411466622675767e-02,3.352175743313901002e-02,3.263697019002959228e-03,3.514109835407552146e-02,2.103505549428627205e-02,1.665736750377832393e-02,5.285869577334693405e-03,7.594473833279387354e-02,1.810599809304232893e-02,-1.181499527637581981e-02,-2.662438272094058006e-02,-1.008529557049784725e-01,5.237941232448500850e-02,-1.093838285443967107e-01,4.336067474187045578e-02,-3.744723286792730338e-02,-5.949315409535508963e-03,-2.655967576349903270e-02,-1.022320514968895998e-02,-1.021349737470961250e-01,-4.768095667193801568e-02,-4.981294642223286356e-02,7.808213226807451772e-03
-3.810726935560467162e-03,7.144561210210879920e-02,-1.282077297452668269e-02,4.535174523580889211e-02,5.186633333541462200e-03,9.003786752990470058e-04,-3.015601235619862208e-02,4.308865106244390980e-02,-1.979331157860211160e-02,1.448402818199828399e-02,-2.613709028529819650e-04,3.236318853437240156e-02,-6.949252091263616316e-02,-3.136224623039784304e-02,2.188331449945339624e-02,3.181526461653527704e-02,-2.285100859380582300e-02,9.648931800381755144e-03,-2.810515630303475620e-02,4.977117435225172914e-02,-2.701149487354077838e-02,-7.442233606873657759e-02,-8.928959343613357413e-02,3.745084948331187970e-03,-3.302992984702227131e-02,-2.554206912119431558e-02,-4.341750660026788555e-03,-7.207845600767939787e-02,-2.790754849691663708e-02,1.393017905454108779e-02,5.853581755981844548e-02,4.322497217171106243e-02,-3.483290310243435106e-02,-4.642359028432922752e-02,-4.312868724891342348e-02,-4.958623783374142575e-04,-4.776672572051347126e-02,3.644997756165153924e-02,-3.548203846656779181e-02,-2.400958751133364447e-02,-5.504149762967945614e-02,-2.625569948605442627e-02,8.284017589649590729e-03,-7.338912847487374935e-02,-1.232466344785693169e-02,3.329838797695260089e-02,-6.196501017488399016e-02,2.221038689288679785e-02,6.856309325131847154e-02,-9.313160166381983726e-03,1.862886786374355272e-02,-5.148509801532272917e-02,5.514437289933111358e-02,-2.460269081203112634e-02,-3.259795327199797865e-02,-2.169813228553986451e-02,1.819265195974308080e-02,-7.132205661822941037e-03,-5.256070046090011855e-02,-1.061668964933716597e-01,-2.421748171454775334e-01,-1.941539117723389135e-02,-9.357017813876836176e-02,-4.031824274830679566e-02,1.839322513356432889e-02,-4.588473031628005475e-04,-2.005001688707650290e-02,4.616549692502940061e-02,1.150589880961218336e-02,2.559904798588647293e-02,-3.597139883959146051e-02,1.890126033165259734e-02,-5.193445713277757697e-03,9.221849862235860507e-02,4.987764284584540048e-02,1.997145224213986436e-02,-2.142870210238616725e-03,-1.322729905541829287e-02,1.586262107364256810e-02,5.523143649393433968e-02,-3.126351976211393796e-02,7.202404088306721408e-02,2.455139632528188093e-02,4.278979071875140677e-02,2.161409025451379792e-02,3.265261723196601074e-02,1.373850819276552573e-02,3.284391891579266365e-02,-1.226348440268117818e-02,2.341637701454458639e-02,-4.196204363835885631e-02,1.186336497586113880e-03,-4.032980908856800134e-02,-8.739509290366617375e-03,-1.043332644793092817e-01,3.307802982463715208e-02,-6.565694484107847950e-02,4.718159692205049077e-02,-5.185868149188328780e-02,8.999233808014411168e-03
-3.029736827276719672e-03,3.355619069213972017e-02,-1.576254771225901394e-02,-3.260606168487027723e-02,1.078059282816414173e-02,-5.111691748974004149e-03,5.812631265782808310e-02,1.906544133999703294e-02,-7.266462495521879006e-02,-1.375447363405506336e-02,-7.370883973677820177e-04,-1.233936915976838744e-01,-2.929238030556672798e-02,-7.532210377565559667e-02,7.574905919011697304e-03,-4.789005186859809915e-02,2.543184092603425692e-02,6.940010350952584848e-04,-4.583841657572792355e-02,-1.102277102474965784e-02,2.687433626032290773e-02,3.950593143521576034e-02,8.877769640853364064e-03,-3.283657050771329744e-02,7.779680226775667444e-03,7.982223795849752515e-03,-3.418795239351861415e-02,-2.884599610102581493e-02,-6.040809644178574134e-02,-4.901635077267837287e-02,1.499889329847512408e-02,-4.088743632405605205e-02,1.165326388216510710e-02,-1.141159347267154149e-03,6.816342337623050585e-02,-8.216836746318071510e-03,7.133929597373848963e-02,-5.024162426599750736e-02,-7.220167131537912064e-02,-4.714646386385532018e-02,-3.865076229390314311e-02,-3.068826160868701192e-02,1.406055788023547089e-02,-3.725491231876066484e-02,-4.102883828064455424e-02,-7.180099035152680276e-02,4.932999873416652782e-03,4.206694013197567750e-02,7.131765064855839775e-02,-2.599154096249397736e-02,2.839580521830494669e-02,4.339635488215359133e-02,2.595538787965775279e-02,-2.734013136233861413e-02,7.687345681003697473e-02,2.269869673792345929e-02,-3.613278782598481828e-03,1.425541026184630293e-02,-2.099211613896607292e-02,-1.139603173277741605e-02,-2.558742084959189297e-02,-2.401400671819473587e-01,-2.659007625350398932e-02,3.618387937578862457e-02,-2.492369171829194457e-02,1.502435267767315147e-02,7.585133702846343084e-02,1.575489356561303803e-02,6.204776467986312244e-02,-1.145813703173655454e-02,-1.181180125014042598e-02,1.529653967258653817e-02,-1.816810680644704093e-02,-5.042614051167731287e-02,-6.331708417883152862e-02,1.529070185334342052e-02,4.653357597542991803e-02,-4.075164019463785314e-02,2.392255562212063438e-02,-4.250334939683072383e-02,9.359746704495222960e-03,1.235898781398376139e-01,-1.954908022082740837e-02,-1.315360445287946066e-02,-4.288579583756231550e-03,-2.030981813928360580e-02,-1.540718613445997507e-03,-1.636831494586536359e-02,-8.837930744032747657e-03,-3.599509319923369088e-02,-1.028305504127262904e-01,-3.505570199935507947e-02,-2.653173319572097941e-02,-1.347990113598175263e-02,4.239733419723582149e-03,-1.805011431795618473e-02,1.762078239946658631e-02,-3.306927053655620008e-02,2.360415423550340369e-02,1.386054288798416667e-03
-1.182463006181158453e-02,-3.774323693592299828e-02,4.913173370586978311e-02,-3.688838747661096068e-02,1.773151586696256055e-02,3.884302364439316119e-02,8.733087943300067713e-02,6.361111912626861431e-02,2.692076999927579123e-02,4.687820026388601902e-03,2.303754577613636480e-03,-3.741230956261318297e-02,-9.893384798999861618e-02,-5.186400719810515744e-03,2.367204562304738372e-02,3.471417012407852082e-02,-4.406241852043633195e-02,-1.535908109747501603e-02,-1.411987061072605444e-02,1.211605693298387597e-02,-1.422408808478291785e-02,-2.877817010838187167e-02,-2.470398744015277204e-02,-2.980758556857919604e-03,1.920176087095705822e-02,-3.550218889976653608e-02,-1.469822810337368182e-02,-3.261231201724761747e-02,-8.694556040390877261e-03,-9.949571652467603319e-03,-2.459203266099845367e-03,1.480575834306051448e-02,-8.408464836019629435e-03,1.006995613473935375e-01,-3.367286037270330462e-02,2.447784193048040124e-02,-1.301194106287634211e-02,6.203555923724134169e-02,-4.474078263357179897e-02,-3.535367007380649934e-02,-4.519441589834535117e-02,-2.734896841003332454e-02,7.787305278307242278e-03,-9.765113228577280979e-03,-6.380939678271736748e-02,-2.038696475029559696e-02,5.098297021303694167e-04,6.203038161351203533e-02,-3.496201261508612851e-02,4.691089850916446528e-03,4.344990484411592052e-02,6.539319959772046107e-05,5.189733780059775647e-02,1.872789512566839024e-02,4.033382217750998422e-02,-1.351197703271061167e-02,7.885465350683858177e-03,6.010130337389794908e-02,4.016994864581774523e-03,-1.145989982895709303e-02,-3.647370285743764540e-02,-1.068222901727370749e-01,-2.414547043645222379e-01,-2.536692588806895021e-02,-4.418049787859004013e-03,9.358699020539460595e-04,-1.139843852417312016e-02,2.545276770516674905e-02,1.204045886442135435e-02,-4.845990134859433189e-03,-9.918822417902876942e-02,1.967121443823991248e-02,1.225952677624021943e-02,-9.216026136241338082e-03,9.603450498814394831e-02,-4.150882826265129069e-03,-6.441250736319475978e-02,2.763054134687090851e-02,-6.811354381742963128e-03,4.742415424812742100e-03,-2.973987855539032398e-03,-5.451580969334982214e-03,7.531027075925367589e-03,2.239122348531158782e-02,2.681500385173755160e-03,-3.719462562636549618e-02,1.069011154371891752e-02,9.594161654633165393e-02,-4.865989039831290081e-02,-4.112004540760173105e-02,-9.034681989208911967e-03,2.638810127472006914e-04,-7.121397061650890092e-02,-1.232217402645703098e-02,-8.519748638736314439e-02,2.299361129220057684e-02,-1.423331948249055047e-02,6.382893048128738568e-03,-6.377146403656941409e-02,7.748372275165983647e-03
-1.040347955355101078e-03,-1.898069111660309269e-02,1.988402983867563339e-02,1.034471930830819369e-02,-1.984272911616839774e-03,4.702985150233224970e-03,-1.139623808123093468e-02,-1.889029767211531513e-02,-2.381344319145215632e-02,-1.119171113878239705e-02,2.561288775644197306e-04,3.145089471993815344e-03,3.461382555280727476e-03,-7.962247948844246651e-03,2.663889979384687426e-02,-2.333611084960064370e-06,-3.114366524460416858e-03,2.140694091802221484e-03,1.919160767154669484e-03,5.637317667708451226e-03,-1.159783414392525150e-02,1.115840405283588348e-02,8.880044835968122982e-03,1.136263163873124822e-02,-1.019366244031622189e-02,1.097276902280718350e-03,4.446489160189606889e-03,7.764850450455851663e-03,3.796523395996537643e-03,-1.096750455083347030e-02,9.355826568075167882e-03,-3.968421799314547464e-03,-5.881763669227146711e-03,6.580671554848329351e-03,2.131911106862649594e-03,8.246486841397253223e-04,3.439149730626958959e-03,-8.045848836080045016e-03,-9.626313723909674450e-03,-1.305472924238587455e-02,-1.189468725184879803e-02,3.515306784460826318e-03,1.602672452991534013e-04,-7.787043595147706727e-04,6.048795296474752774e-03,-9.694205556177502500e-03,-5.604978686773169627e-03,4.745435619458327620e-03,2.612919889105838004e-03,6.380303412019220320e-03,-1.063282568480963721e-03,2.798982133568213553e-03,2.558539749257920763e-03,-3.566477678503383875e-03,-1.878132415391711935e-03,1.002383580549702849e-02,1.153114719984226324e-03,-3.170255694814078963e-03,-1.442445634590235927e-02,1.076852477164898410e-03,1.059020907187400128e-02,-9.071940032012166047e-03,-3.646719811095700675e-03,-2.190528537783429167e-02,1.668349663263318794e-03,1.896715487518764117e-04,-8.060941207845173000e-04,-3.350490992400373055e-03,-5.630258035885016277e-03,8.802259916900349911e-04,1.243728524836422954e-02,-2.539346431183290946e-03,-4.911962927347269040e-03,1.641061245895886851e-03,-4.298181205164129486e-03,-1.424922422765165231e-03,2.941029763967729742e-03,4.139496332170275981e-03,-5.786989212247755157e-03,-2.192255522975623144e-04,-1.766367266184665913e-02,-2.325819524018318124e-02,4.769843923229938202e-04,-1.819790286462693099e-02,-9.055290840248217052e-03,-1.124442635930317930e-02,4.569984767279362250e-04,-1.421171740648151903e-02,-6.650778029104118839e-03,2.399963149941497162e-02,1.166726009078768861e-03,-1.445784787758481321e-02,-1.923182200931558561e-02,-6.217883689470005831e-03,-6.142802738991578158e-03,4.961146025378784623e-03,-3.131740582133172440e-03,3.123928384176795619e-03,4.062627270314430315e-04,-8.730536330665115844e-04
-5.923972357368695188e-04,-1.323158620519883887e-02,1.953631586014929668e-03,-5.758066329631017846e-03,-8.816849286896837317e-04,1.557731275867476131e-02,-5.235019453950590269e-03,-6.250962675150837679e-04,-6.123501400856782607e-03,1.453165319626155937e-02,8.674342663336763752e-05,-6.200374189525549584e-03,1.406111032495680662e-03,-3.805406013000960878e-03,-7.193003408234778127e-04,-5.549679923841252700e-03,-3.729703579987962616e-03,-1.033220465884401482e-04,-4.321375261009959869e-03,-1.411265113131258617e-02,1.646095781597596303e-03,2.738609891390941017e-03,4.105711385196927042e-03,3.711817376730953467e-04,-3.366349252888110443e-03,2.684605324460345808e-03,2.282563978240290462e-03,-5.344814600850302487e-03,-8.589888927433874874e-03,-4.492160142742810877e-03,6.436636462845506633e-04,-1.495048108652181039e-02,-8.761322711922375425e-03,-9.589317413463182074e-03,-1.019252538744500752e-02,-1.332217863152383676e-03,4.360876387328931156e-04,5.620291272183330911e-03,-4.457540639381368775e-04,-1.590222653778676151e-02,8.935383264950948201e-03,-1.125991002030615057e-02,-9.255793650548076136e-04,2.311171954780667174e-03,-6.458171033215171679e-04,5.319415862155749651e-03,3.572138603403957318e-03,3.001712772449428770e-03,-2.116356653145554795e-02,-1.143811996089014876e-02,4.428288816894651592e-03,-2.793180371829727306e-03,1.693571388619092687e-03,-4.133432492429768221e-03,2.154483079070377421e-03,2.000470003916684971e-03,-4.590008479265471081e-04,4.379490564172387507e-04,-7.754306417819554868e-03,-8.160371924270262353e-03,-1.878111395427397440e-02,-1.066062643725005157e-02,-8.336180859381750116e-03,5.809643198937339444e-03,-1.235092111242773807e-03,-6.159392161276582229e-04,-2.525371007417791247e-02,-9.243765882092901684e-04,5.608252315028838504e-04,-8.887700687047119397e-04,6.577668442193712259e-03,5.762083980008427149e-04,-1.512215509189985662e-03,3.664313050884917579e-03,-2.104186662305974898e-03,-8.146918716280688851e-05,-1.122822017335451533e-03,1.721864518204429271e-03,-3.694764172967431514e-04,-3.536370830255198411e-03,-8.077996614017826649e-03,-1.025810661652169298e-03,4.667309999182330644e-04,-1.588705868577094948e-02,4.454889564105070886e-03,3.790071907900524183e-03,-3.279886035493197660e-04,8.122945709617121479e-03,9.022575137479046936e-03,-1.190470724243678467e-02,-1.623058685606503307e-02,4.834978241587553106e-03,-2.091200652708804630e-03,-6.474840349735638823e-03,-4.350193273957015522e-03,5.219715283340586659e-04,1.600576898696334837e-03,-1.322115162325520656e-03,1.804095683322166563e-02,-5.232326877727048846e-04
9.351342874664621014e-04,1.928948868788455534e-02,-8.426095698860720795e-03,2.267805755198950071e-02,7.980098453633327439e-04,1.700384658064879595e-02,2.336773152043996812e-02,-1.016330015432106715e-01,5.871348871563339400e-02,-4.815484498660616008e-02,1.106200006557976710e-03,-1.667720882748182417e-03,-4.753821077145573004e-02,9.486376681317685786e-03,6.368781834089008373e-03,-4.887378166473440450e-02,-1.341421475145638045e-02,-2.167807131286971205e-03,-2.994685427709422101e-03,-7.365370236211087052e-02,1.772369230850338873e-02,2.963992352148038870e-02,-1.164877665769520603e-03,-1.103402194642091882e-01,6.572880243858053584e-02,3.705877587573226661e-02,-3.566517458253194717e-02,2.634187184244358992e-02,-5.743741902191687454e-02,-3.141427154445153996e-02,3.269374822370094136e-02,1.483314311833387050e-02,-1.148282155521797437e-01,1.912525374803955222e-02,2.729776179047849194e-03,2.530881406148612262e-04,-5.819371312072318773e-03,1.774873311239305931e-02,6.533691890152741599e-02,-5.372261443580932105e-02,-2.430026309801593468e-02,-3.086888492188794041e-04,1.416345573816348707e-02,4.470626978200154672e-02,1.560756369587916297e-02,-5.198926354845509468e-02,-2.962897293652353922e-02,2.093843703593022132e-02,8.226000455928790187e-03,-6.554212405077999848e-02,2.089216417474888676e-02,-7.203879973362287137e-02,-7.412976498786960459e-03,9.291277623026293012e-04,1.045038362319105490e-02,3.809176804968698871e-02,-1.285253685792088355e-03,6.561699883734037342e-02,-2.871859567678563489e-03,-4.875225279553161394e-03,-4.798190644865564514e-02,3.627531662521865652e-02,-2.632793325863342498e-02,2.525933785648872346e-02,1.756840801347043374e-02,-7.528355750298827004e-03,-9.788858215928536444e-03,1.549624713814138667e-02,-4.989519711496089721e-02,-1.278242104904551112e-02,-3.251739712896584839e-02,-5.718317471925651006e-03,4.308624046513345046e-02,8.591203896273755247e-03,3.477560310950126416e-04,3.479480050225363524e-02,-1.478968060795072311e-03,6.803443468963293883e-02,-2.844706323198955764e-02,-2.014848410468311757e-02,-1.053100974482910034e-02,6.341756827575166511e-02,2.027670782010964484e-02,2.654113007323161133e-02,-2.295621103090853682e-02,-7.600538017747061892e-02,1.054474262107010611e-02,-3.146629655230023803e-02,-5.925502708168320885e-03,4.591338613459102630e-02,-2.570478952747323395e-02,-4.860589884073662770e-02,1.097172745289555669e-02,2.196520746045540345e-02,3.365689606693193781e-02,1.036101336757731632e-02,4.742380305978646793e-02,2.242697383296867863e-03,3.834784691001679596e-02,-7.340362011037520305e-03
1.633364602201562224e-02,-5.714143444088029891e-03,-4.576013815746943214e-02,-1.081875211480542026e-01,-2.159937805019641194e-02,-4.739665493142664748e-02,-3.131243068644665173e-02,-7.365353603742595678e-02,-9.874579812571745649e-03,-4.628711881261144551e-02,-1.442040150502655162e-03,3.478736823248750054e-03,-3.395637438892625676e-02,-2.796325080890556952e-02,6.232407276467806685e-03,-2.424846592775751347e-02,1.247274982944755403e-02,2.380513239778024592e-03,-2.099024452626983839e-02,8.950673281263277561e-03,6.973991929022012662e-03,3.348029853484909418e-02,4.297246535547248267e-03,-2.470266169391135275e-02,-2.898156882249223673e-02,-1.051359327597247567e-02,-2.296349534906755654e-02,-5.945807694956074113e-02,3.011607693470674807e-02,1.646461095015776255e-02,-4.476514817522603273e-02,-1.345651844611503965e-02,3.274526665732917230e-02,-4.081356864226837189e-02,-3.794963891122363903e-02,-5.427926640694153565e-03,-5.457634756428746819e-02,5.110001514349759265e-03,3.261297773052712623e-02,2.574051081137004870e-02,7.389874034945828618e-02,3.124485050158157251e-02,3.148145551766094730e-02,-8.065927157641235301e-02,-1.492865954477878843e-02,2.874851880670024895e-02,-1.088349705375144492e-02,-5.106233663140332529e-02,7.406328354556106046e-03,-5.828238556088829320e-02,-7.393061599947890750e-02,-1.014027003048105918e-01,-9.093532813115841676e-04,-2.364225986445685906e-02,-2.977035743588634081e-03,-2.266202375658037463e-02,2.436396977976711294e-03,-5.230941310155120400e-02,4.454851253563576943e-04,-2.484111114157923350e-03,1.844434845731331152e-02,-1.395878471029933163e-02,-4.424589165377293930e-03,3.251641471537978362e-02,5.431597503427289253e-03,-7.946115339796158347e-03,-1.781500228162634925e-01,5.295925235850351340e-03,-4.734113151635935962e-02,1.003193766902648471e-02,1.784689158231485620e-02,1.280087862417855077e-02,2.790464872797427873e-02,-3.776258327261312192e-02,-7.746023651807337589e-03,2.347465898083010358e-02,-5.459411762529023382e-02,2.536978610338118736e-02,5.609473060164573213e-03,-1.003268115816571132e-02,-4.468730400922973217e-02,-1.005387047526863642e-02,2.234574798129723358e-02,-3.564382534326288737e-02,-4.951429466010499880e-02,-3.958386710427225230e-02,6.032767581511641435e-03,-1.050861365111289136e-01,3.072364595330921017e-02,-1.198967612200866895e-01,-1.096333716108008165e-02,2.228601432478832800e-02,2.214647096406226895e-02,-3.055165609300891302e-02,6.761449927579919750e-02,-7.264001766154227699e-03,2.356845940384925953e-02,-4.304720892265694737e-02,-1.249427877561931632e-02,4.182035771179648531e-03
1.138860161506561469e-02,-6.311673643496244768e-02,-1.448400763843659678e-01,3.196502994710332529e-02,-1.258111140699887283e-02,8.871131627811558798e-03,-6.448115603312906674e-02,1.008178093859582805e-02,-5.364533702023599471e-02,4.417492552780353382e-02,9.527954744102977089e-03,-1.613916988738321456e-01,-2.072954058511859016e-02,3.616893137812832865e-02,4.306696564611284250e-02,-2.127486462958252944e-02,-1.059550087542448712e-02,-9.420133119765507212e-03,3.190296035645361072e-02,5.188122779712277255e-02,3.929675625844500884e-03,-3.773512398385022587e-02,2.531185111884624514e-02,-1.757699634300644714e-02,2.454409455280311125e-02,2.900379072248429266e-02,2.028490453020036222e-02,-2.337039687894352721e-02,5.939755649626315970e-02,-2.660390456305432652e-02,-1.670846533027113556e-02,-5.591565648622435353e-02,4.091150140361057147e-02,-8.351051509812573714e-02,4.601866014879570782e-02,-4.732086191543057388e-03,3.382329567814996996e-02,-2.830011171299821535e-02,2.371569563226225488e-02,3.722886273160792847e-02,4.228746248373766586e-02,9.522136675606534748e-03,1.031852118036013372e-02,-5.512140613813013013e-02,-1.962014825462322833e-03,4.035419894113063261e-02,1.979958042807822369e-03,-2.973652180994727778e-02,-1.050312978296960402e-02,4.719490470915415486e-02,6.793602522955624612e-02,-9.749294322999849105e-02,-1.825711391871790920e-02,-8.276868473158109640e-02,-2.497837035091339530e-02,-8.970171222489604912e-02,-6.619026405320788294e-03,-1.664567993921749200e-02,2.509086702305918237e-02,1.728609158091326189e-02,5.832039590157850339e-02,2.713171359346375558e-02,2.409621865134722873e-02,-9.565202894132016770e-03,-3.725729417211124262e-03,-1.236819489703338062e-02,3.819644752470969379e-02,-5.385202886956318852e-02,-1.373894165943976772e-02,-1.277638701697913180e-02,-2.760088407524680446e-02,-1.524174322359499872e-02,-8.897396323710376337e-03,-4.241174985625669608e-02,-2.647986895254936246e-02,-4.605756354558430271e-03,-6.386738178956730128e-02,-3.384530968777332144e-02,5.394485006616989370e-04,-3.884556636218909620e-02,6.392950618877195693e-04,-5.944335632110324397e-03,2.351262961547025479e-02,-2.658020671885766642e-02,-4.610152333017049353e-02,2.853664209995958323e-02,8.110210674736537118e-03,-2.435114898921321783e-02,1.346166976558950679e-01,7.574799723245577432e-02,8.056795761379709209e-02,5.698875867718287275e-02,-2.952812730948652098e-02,-2.179100060565703715e-03,-6.268941750715200170e-04,1.298670303112027871e-02,3.344139801526211167e-03,-3.402328546680902926e-02,-2.903673545510377166e-02,-1.220500397336845427e-02
5.844404193911332396e-03,-4.563365937361320984e-02,-5.178772397549763831e-03,-5.002037835196385118e-02,4.177255295746890029e-02,-2.695144034764714990e-03,6.913475026224281950e-02,-4.468992052068827131e-02,-7.819218571861451814e-04,-1.241424045162867196e-01,1.012545349474249781e-03,2.765442183273087579e-02,3.058414058105914102e-02,3.821372681057016302e-02,-7.851587890512190179e-03,-3.429110848642578924e-02,2.278479048986485622e-02,-6.118159578951651127e-03,6.593528155969577940e-03,2.012623585398827172e-02,-3.330500185612445679e-02,7.505459168545808302e-02,1.122406016732721001e-01,2.755854193716194764e-02,9.274486438807162669e-03,-3.112599579932932500e-02,-3.650979682752603095e-02,9.788871460170160688e-02,1.383653198372850925e-02,-6.938189935614583193e-02,-6.552168767793456992e-03,7.192701808896199978e-02,5.100752986149935213e-03,-4.474583336459152824e-04,2.615335981814532280e-05,1.449434026136665193e-02,-6.870420147220807940e-03,-2.511621706966614756e-02,-3.923167456846538698e-02,7.473015028709933949e-02,-5.540014273491979113e-02,5.434320172629462931e-02,-3.907334537025648931e-03,-4.992352362324410653e-02,1.977657121580337143e-02,1.313288394091493422e-02,-2.452456181606308544e-02,-5.876669889588451851e-02,-1.986505377425486218e-02,4.646680443181672865e-02,-1.923021104234993658e-02,2.881480560802266583e-02,-1.440278283169935808e-02,6.705494697458525000e-02,1.680109975084155202e-02,2.284829430719219692e-02,-1.883438603282023074e-02,-2.057131216327971746e-02,-5.035857629585639705e-02,7.580316188124882129e-03,2.258758288363330730e-02,3.472552099346665200e-02,5.695040375307886676e-02,5.692250764934295854e-03,-1.026500697206715954e-02,-1.011673972205542546e-02,-1.351647628156411179e-02,-1.097604739418849874e-02,-1.678943625736177003e-01,-5.102652919931461792e-03,1.438350128139623610e-02,-1.808830247637068303e-02,4.825543564360290638e-02,4.374198539179825762e-02,3.583243715737095825e-02,-1.930504215406318312e-04,-3.434170659006634957e-02,2.860121952071314338e-03,-1.840517941032396992e-02,-3.690018955940892881e-02,1.736777434055106900e-02,1.653953439914416850e-03,5.487009229856355461e-03,-5.754560341798591744e-03,2.241131551288599345e-03,-7.148757449352299669e-03,5.107268538106632047e-03,-9.406539926309197969e-03,1.313430232665869623e-03,1.674341387092006042e-02,-2.924909707663497435e-02,-3.635247639662207708e-02,5.292152637375812513e-02,-6.723723354413968512e-02,2.967607602291294500e-02,-6.397663340904889001e-03,-3.900432148364420260e-02,-1.809336227712687872e-02,2.211814749503135044e-02,-6.783527354490970565e-03
2.626171313167557485e-03,-1.757518926068622062e-02,-2.596058375619886976e-02,-2.289286435736338776e-02,3.364730350963198845e-03,-1.536449531019685143e-02,6.942751998905543828e-03,-2.001788314207285022e-02,-1.567244598706802119e-02,-2.530343868028338272e-02,6.082638330795361826e-04,7.013209503736387088e-03,-1.642006711946930944e-02,2.126656611621294268e-02,5.462398215700926124e-03,5.182050775098072208e-03,3.832792653358209779e-03,-5.223496574636392505e-03,-5.021463154799508596e-03,1.339896512256098099e-02,-2.844242292664606823e-03,-1.375433273398103153e-02,7.077048577362646253e-03,-1.953871114327473263e-02,2.781516279695858337e-02,-6.124728214644071037e-03,-1.861051436985808718e-03,-7.321275227575971441e-03,1.914445172204941314e-02,-9.289693386150888951e-03,7.586940375215006117e-03,2.863284404917896056e-02,3.275885163538074223e-03,-1.596306896807304226e-02,1.114131921265866087e-03,-2.194720878739701061e-03,-5.953070521006555149e-03,-2.683190274733918243e-04,2.008410761163776856e-02,1.843331525014312369e-02,-6.973510349079890683e-04,8.226685667248876451e-04,-7.202394684673135662e-04,-9.711783819627580958e-03,-1.175803263375870510e-02,-1.545106307478754000e-02,1.084040425188402372e-02,-2.058263080884398417e-03,-1.628226179861628695e-02,-2.291615198851953625e-02,-2.483519362901166760e-02,9.755134342252308466e-03,-3.152802106953271014e-03,-9.148892994765496153e-03,2.240055168833946734e-03,2.779071583165424950e-03,2.213180852683132953e-04,9.428847421733699144e-04,5.071809700236675975e-03,-1.543822803838178995e-03,7.207330062177386143e-03,2.523099955644027021e-03,3.367464444205462478e-03,7.658614647131239440e-03,-1.897396274530095467e-03,-1.957622500120820633e-03,-3.023930182102608707e-02,-5.643637523771734277e-03,2.722114602866762025e-03,-1.127857850593213564e-02,-2.265583893014826850e-02,1.067643970424211322e-03,-2.843410929276958109e-03,9.939180824505276270e-04,4.857859362072060663e-03,-1.611708986351874850e-03,2.464187401344347661e-02,-1.340133073667881293e-02,-4.934727975252491475e-03,1.551512461931055156e-03,1.229351213593952302e-02,-2.382965233215232626e-03,-3.916931459138860844e-03,-3.133775199001676785e-03,-1.410519497092550117e-02,3.562721911384833084e-03,-1.242033897216747755e-03,-8.681784560830607331e-03,4.764965970616581704e-04,-2.912830756717440725e-02,1.877403598228716275e-02,1.835369746220441578e-02,2.255634940442289432e-02,7.851057749213510503e-03,1.604120632363918719e-02,-4.194152363119825911e-04,-4.137329571514977190e-03,5.425934408783138728e-03,2.898421726883617950e-03,8.428709255264982270e-04
-8.818723442217991926e-03,-3.396409664451764676e-02,7.036381768909631684e-02,1.654242254521156447e-02,5.620864999618153252e-02,3.636460582984211987e-02,6.111963922382659606e-03,-6.272032305573971289e-02,-8.232218230397532130e-03,1.905518716111348487e-02,2.967717772359161361e-03,-4.843701745554260946e-02,4.452496299125605593e-03,-1.780252115421770281e-02,-1.670419398062811950e-02,3.012591029362951534e-02,1.239916680088320663e-02,-8.040328068286009891e-03,-1.938611286863156950e-03,-2.301668289472863851e-02,1.052295598958192385e-02,5.452527269560938222e-02,2.327008161818864412e-02,-6.744076042578661841e-03,4.025113102722657071e-03,-3.064415834048279594e-02,-2.251139775190944339e-02,-5.849645505322452477e-02,2.268404349574976858e-02,-2.754361658815417807e-02,1.551130012431281915e-02,-1.335215928687495668e-03,-1.479745610743739802e-02,-3.274118946327862767e-02,-7.470801742716338956e-03,2.269107003582081575e-02,-4.782531955254956668e-02,-6.221138495396716026e-03,7.560204161315187826e-03,1.748421229126278370e-02,-5.857185610626423206e-02,3.496976932293470453e-02,2.928789473172553268e-02,-5.515137584702573675e-02,1.917704396279290525e-03,-2.887642760970860617e-02,-4.035654905164061390e-02,2.165140443459245834e-02,-7.899212560456175813e-02,-3.345376195604449470e-03,-1.733488040700207136e-02,-3.466581244787886318e-02,3.087419857472226831e-02,-1.439208578392399407e-01,-1.912188530708380102e-02,-1.139187231038924358e-01,4.020844256604237839e-03,-1.184082154061756554e-03,2.219672784605697738e-02,1.238716356724018156e-02,-8.704800038432256026e-02,-1.156708140557272287e-02,4.966442682669427663e-03,-3.140896382412415588e-02,9.992712284116612997e-03,1.706643806216813497e-02,-7.664959164274402770e-02,2.315971680633053739e-02,-2.144759512389530012e-02,8.089102300073271190e-02,-2.391773167077663187e-01,8.531774002108364480e-03,3.343593176918100568e-02,8.831963274635620809e-02,1.479972530213862977e-02,-5.230012086783759201e-02,-2.810148747068447195e-02,8.449183212927863229e-02,-9.888976121349968545e-04,1.435975476496164499e-02,-3.279830799416610237e-02,1.430045973623767126e-02,2.119294717337316322e-02,4.358046003457467787e-02,2.768723059667988276e-02,-9.657515573882960447e-02,1.716595386895711575e-02,-6.609186794258127551e-02,6.985648485576070356e-03,-6.274909743847420507e-02,4.490170554804385344e-02,-7.008725480085449544e-02,-1.558249645905091484e-02,2.334087908818709145e-02,3.142179249924259565e-02,5.473343995257354960e-02,-2.207706047546890982e-02,7.025805052037184875e-03,-9.032307044381214511e-02,1.294371938544212203e-02
8.320784981008917669e-03,-4.254378559748335509e-02,-4.821980424745602595e-02,7.355595953939834605e-03,-2.484403827666208445e-02,1.488320937837673934e-02,-4.472321562442937992e-02,-9.335023289533941546e-03,1.306720166187601978e-02,-8.866849701278370355e-02,-9.660651603388089627e-04,5.705054343172342307e-02,-4.388318861579810527e-03,-5.763911520193119170e-02,2.234216887738200291e-02,1.898297917260913584e-02,4.262948606628259689e-03,3.154458976402415150e-04,1.194402821733636655e-03,5.034066787933291764e-02,1.466954320712243916e-02,-9.700330284350957774e-03,1.324844265701276280e-02,2.483775219278806443e-02,-3.828508891389596769e-02,-2.710225424739610284e-02,-1.915853599331749160e-02,1.161296209220075322e-02,4.581615536230713992e-02,1.054833426598748500e-02,5.647636387896982045e-03,-2.932516777770834485e-02,4.436770717783648094e-02,3.627738350397495017e-03,2.651890747802430892e-02,-6.345485763892553047e-03,-3.179108464536414130e-02,2.768157248077460914e-02,2.074497875445852069e-02,1.249282736200654081e-02,-2.194041430373883800e-02,-1.562764233823988810e-02,-9.512556599926304951e-03,-5.502111966640770013e-02,-5.154854117907725630e-03,2.635129049112181279e-02,6.888229453894469806e-03,8.369460213917125774e-03,-7.995384400528597613e-03,-1.816186385939717873e-02,-9.230220807583931764e-02,-1.773846625045672615e-02,1.131506847361156507e-03,1.830322487725613567e-02,-2.533108207302809528e-02,-4.790095025926537249e-03,2.848441236303816525e-03,3.290795530367913307e-02,3.924533721404312864e-02,2.075174046647564399e-02,2.123884179951625144e-03,2.755517527203724115e-02,-3.114491505386330142e-02,2.297719568348119065e-02,-1.072691932561676241e-02,-1.780776320590683965e-03,-2.490421916759567866e-02,-2.076706701214624251e-02,-3.992003609076684965e-03,-1.262226977481587615e-03,8.451258972702718753e-02,5.315776351138563893e-03,5.233300248747934334e-03,5.193667862792347018e-02,1.461048140860411217e-02,-2.979262437909364469e-03,-9.060865695788870855e-02,-2.833993673866787300e-02,-4.238858381659600487e-03,2.798141475112706292e-02,-7.282757878120319460e-03,-1.571852296619827630e-02,1.544155897728091871e-02,-1.187737766453002101e-02,8.379298403776098969e-02,3.065617244743337223e-03,1.649745412665810582e-03,-3.895284856792104872e-02,1.327500376397762992e-02,-7.620031374790130207e-02,-6.170113859069834873e-03,1.997053413705347433e-02,1.265502194084185475e-02,-5.395333378378494582e-02,3.767834789491564251e-02,-1.472855760854840934e-02,-6.750914930164266144e-03,-3.613130895632263306e-02,2.498964818604007196e-02,2.936081276892730206e-03
1.203969999002436723e-02,-4.133312020718737934e-02,-2.530505378428158855e-02,-4.945887640074889124e-02,1.142993523690000700e-02,9.951989756587757349e-03,-6.553470241861915346e-02,-4.910885734343770070e-03,1.471815519140556514e-03,-4.515681456632897328e-02,-4.940648641515074310e-03,-1.476346380668136851e-02,-1.389861112930439006e-02,6.734269691400691232e-03,9.205276586592826826e-02,-3.176520304326518190e-02,2.499142996482628387e-03,2.811243990619336289e-02,1.704883848932778811e-03,-6.310359725089917382e-02,-2.959345912821055580e-02,-1.314996426937608230e-02,2.545905908347045887e-02,-2.283212243273039996e-02,-1.415812775402794203e-02,1.368987339887324690e-02,-1.368772819129942565e-02,3.856678646289940504e-02,-8.219335423653428840e-02,-2.762137214730845530e-02,3.161723305420222757e-02,1.888109288984262096e-03,3.705204291288288071e-02,1.870405101484348340e-02,-8.240392656612719954e-03,5.262638295902478773e-03,3.272788599959132461e-02,-3.654543504960270500e-02,1.688572327836288661e-02,7.147913147255758465e-03,-1.678477487077122826e-02,-4.486049086874594610e-02,3.506481975036291384e-03,4.952380862201959805e-02,-3.314418462738152188e-02,-5.456551220884006681e-02,-5.948398271015600119e-02,2.551185849391307482e-04,3.234817469565016979e-02,-6.430726225823990561e-02,7.714429083042805349e-03,3.635302890968673817e-02,-1.707701521193923794e-02,-1.547627330223113294e-02,1.432838897994308074e-02,-3.944491394654051249e-03,-2.812912512079917843e-03,-2.476115999141613715e-03,3.009340834100274892e-02,5.520087686877860056e-03,1.008838003019552586e-02,-1.506497482982202367e-02,5.603863813200476995e-02,2.376933321891656035e-03,4.430945569565266848e-03,-2.715927090377498812e-03,4.601650207888746680e-02,-9.022027072323713162e-03,-6.093132651786545978e-03,1.497784973790015906e-02,-2.511010815799293722e-02,-2.215531329045217039e-03,-1.207823952828751407e-01,4.825555574513129553e-02,3.546172982671995377e-02,-3.483824729748175898e-03,9.195293937380094118e-04,-2.228831317969492964e-02,-1.486108264788164185e-02,-2.635755278467937293e-02,-2.555739514422408418e-02,-4.176151576826444417e-02,4.283076665576946232e-03,1.468036625255211315e-02,-2.725094986835536331e-02,7.408385791352976868e-02,-2.672942640050550087e-03,-3.118837439718176452e-02,7.391669991031600551e-03,3.282250862173084760e-02,-4.801423603156691061e-02,-7.465427620548874266e-02,-2.182217158070589441e-02,-6.667002776309211010e-02,4.847534819748559182e-02,1.483116235378916133e-02,1.324293410373864055e-01,-6.804421824313807918e-03,-1.950214231190031816e-02,-1.033899855113353146e-02
6.183030083419239998e-04,-3.023578005599913618e-02,-1.433918301999114776e-02,-1.549393465529540041e-02,-1.305068297107782977e-03,-8.190699044974209322e-03,1.968493428010328547e-02,-2.234334571102095449e-02,-1.047008257459023511e-02,-1.753897143158702696e-02,4.088806271159859600e-04,-7.422664876392381234e-03,-1.637421386066328921e-02,3.382137266630042167e-03,-1.440174200454049855e-02,-1.898239591909797568e-03,8.918728210288742698e-04,-5.469652917128016521e-04,-3.686522239832338253e-03,-1.630098008259832669e-03,3.732867484685566378e-03,-6.971263225185895217e-03,2.344143438815170320e-03,-5.676828771984793014e-03,6.264115666714341508e-03,2.257257452344686699e-04,-4.548005416204503896e-05,-9.044795971079787333e-03,-1.211773407282686933e-02,-2.090057577596114366e-03,4.572166431854079310e-03,-5.522932520473207429e-03,-1.206600180893988104e-03,-4.799000244855375873e-03,2.062838995754027408e-03,2.539918868457759216e-03,3.444275674576127710e-03,-5.060713835489252105e-03,1.131782730380898397e-02,-3.010270100927800625e-03,-2.455572591123947324e-02,3.957668680121441060e-03,2.000221678825129731e-03,-2.089830432219075620e-02,5.327194713007086309e-05,-8.407651467559788122e-03,6.636435302728457310e-03,5.178425413906595368e-04,-1.562599393358850980e-02,-2.688388302939096614e-02,-2.712518416585221401e-02,-6.700538292612755881e-03,2.754600267302831189e-03,-8.204293231695790681e-03,1.194269676091972744e-02,8.105272097362331910e-03,8.092007518413367646e-05,4.197240707982394584e-03,4.925679638462808312e-03,-1.168148729993306184e-02,-1.599869843093055383e-02,-1.871015397382312997e-02,-7.936808599867770098e-03,-9.668362228149886793e-04,-3.506188352051711060e-03,-5.740802686716892046e-04,-7.815688244594045861e-03,4.266879488334113929e-03,5.399721535842212303e-03,4.158417964912363199e-04,-3.661528396769373611e-02,3.668497725927802626e-04,-1.148932765211990725e-02,-3.612727105436177449e-02,-9.907841512031710565e-04,5.628835277177978921e-03,3.708350547363866486e-03,-7.968927714484964734e-05,1.759156766192850703e-03,-4.640513302738246554e-03,5.425452517844476380e-03,1.150843589780104967e-02,-5.503735016481667427e-04,5.982175448710932292e-03,-8.287492026811716511e-03,-3.047499266862244843e-02,-6.078724062959420639e-04,-1.949784501119091254e-02,-1.831333929941205904e-02,-1.932274604333705792e-02,1.178708159838739306e-02,2.420084609236087224e-03,-6.080148386539747945e-05,1.272260315686106306e-02,-6.831540739647445383e-03,1.708206888333506238e-03,-6.741148623328759026e-03,-1.375656816661713876e-02,-2.169885682443823544e-02,2.036893754795745127e-03
7.329431341112555703e-03,-2.108743170057440428e-02,1.700400555586911028e-03,-1.907547765079080707e-02,1.209636452704285041e-02,-3.803398037691552852e-02,7.939398786321680279e-02,-3.168350099371460699e-02,4.517533762721261809e-02,9.844047571884385200e-03,1.601457915726439002e-02,-7.118059951222148463e-02,-3.348427848808813775e-03,-2.473708415116315784e-02,6.124616091405180734e-02,-9.673469148326604983e-02,-4.124960206012476954e-02,1.577064091758286282e-02,3.191554392947732605e-02,-3.139412432529454372e-02,3.755898611243276702e-02,7.642446680313431939e-02,-9.105827699532555511e-03,-2.628180097264498638e-02,1.603177131187231291e-02,6.954168734514350192e-02,1.345872404883469327e-03,-4.345424871483254126e-02,-2.680999159534830020e-02,-6.895494628514106661e-02,9.822152587942981419e-03,-2.416055737638327094e-02,2.605881140172569208e-02,-2.693175685426399749e-02,1.901845441556201943e-02,2.265551323354092483e-02,5.592910022686388427e-02,-1.362027565224855664e-02,-1.237049779069715610e-01,3.080638781027691953e-02,-7.740710468139076587e-03,2.508771555339614143e-02,-5.510259250207766822e-03,1.148094955948531781e-01,2.463266881766267014e-02,-4.398038014381965011e-02,9.503592036284785882e-03,2.176044815804282356e-02,5.872103485028102796e-03,6.788421908394684512e-02,1.564881217334804231e-02,-6.225919618880598576e-03,9.339498966655509007e-03,1.383590353156968766e-02,5.161335857082863937e-02,4.461444442073826677e-02,8.390793249948176862e-04,-6.942877632847820881e-04,-2.390988036923754820e-02,-1.616202968098584894e-02,3.625307236087302321e-02,3.879625315056760976e-02,-4.774825114829733819e-02,-7.676653431135967154e-02,1.239914062594918952e-02,-8.870830003134990219e-03,4.519989717113499089e-02,4.550138322535392937e-02,-4.840551942273180197e-02,-8.455419996424240470e-03,-1.311331003771254167e-01,-2.487083931121266550e-02,-3.254916443985091806e-02,8.554212154119300582e-02,-2.236545764159715288e-01,1.722058658679250648e-02,3.819531742478293745e-02,4.248973064186135212e-02,6.909339647653975174e-03,-1.920665930904093613e-02,1.031974089350494450e-02,-7.937796973342169105e-02,-2.410485125173430620e-03,-1.856674696247998663e-02,-9.164775054530461748e-03,4.679547069449906116e-02,-1.141190259376608993e-02,1.608703652315101804e-02,-5.828072451237102658e-02,7.232294302818249865e-02,-1.875961778370041980e-02,-8.625738623765621949e-02,4.558983571451419130e-03,-1.461095570388040200e-02,-6.448330282524492030e-02,2.964534317039693376e-02,-2.362282570874944115e-02,1.631135633810220156e-02,3.491856748666162264e-03,-4.079058697920876463e-03
2.305870491463247064e-03,-7.981201770323075040e-02,1.359793230199761102e-02,-6.247808246378515340e-02,2.307381910500136413e-02,-2.394986325530566382e-02,-3.571466648270155142e-02,9.956625421532720385e-03,-2.643206456936056381e-02,3.674196386490848759e-02,1.139888396966377490e-02,-5.744628252875188384e-02,4.957976833079357631e-02,-9.862086650257655823e-03,-1.912295170819101192e-02,-8.707509942184143634e-03,3.180799484249503123e-03,-1.725825005450148594e-02,-9.196800602513805975e-03,3.241379605348678611e-02,-3.345363769019944755e-02,-4.838542061239367587e-02,-5.463639698850499687e-02,-5.606469332186723997e-02,2.068436843244211842e-02,-4.014210514870688445e-02,1.214991241736122773e-02,-2.469805075551259957e-02,2.238665656304236577e-03,-4.656681242154959294e-02,4.135121771850240602e-02,4.321513948014180421e-04,2.857869673668194874e-02,-4.259211903956659773e-02,3.031668933977736333e-02,1.604755050528922436e-02,-1.591936557309523576e-02,-8.272285462613103088e-03,-4.783776770896396198e-03,-1.693500735244085273e-02,-5.928091519940550252e-02,-3.901961268692103607e-02,-1.495587255693264133e-03,9.550857123735451842e-03,-5.546268185809142409e-02,1.013278271386724300e-02,5.431301209629221804e-02,2.352218055456635915e-03,-2.557915879739047077e-02,2.728490656642749979e-02,3.676606223741559626e-02,1.329472290455431006e-02,2.780088621693951878e-02,-2.354681911015770249e-02,8.790106830589713982e-03,-3.246730170536829552e-02,5.054105422784315946e-03,2.267165031452884547e-02,-4.793268135736256097e-02,3.258997314704698695e-02,-2.233435877222962954e-02,-6.283747398092355552e-02,1.405223858531318495e-02,-4.276284851882742460e-02,1.344824506381946463e-02,5.509683405729783566e-03,-2.110335507341315475e-02,-5.249644362804279166e-03,-5.099304026328444449e-03,-4.966397589333619231e-03,-4.584590582503994538e-02,1.002336068065443932e-02,-4.899939405313996632e-02,1.526104315651740165e-02,3.376432798936597479e-02,-5.269568073519604462e-02,1.104704598553864908e-01,-1.576733309734067905e-03,-9.795707735709764663e-03,2.188156524627373270e-02,-2.534545187089412913e-02,-5.356194684152040114e-02,9.720431055088548170e-03,-5.836911451870932521e-02,-7.664319491524690907e-03,5.433313407106034158e-03,8.075889574622206746e-03,-2.121106907259900226e-02,-1.854928587590336242e-02,-1.961535215556322806e-02,1.491047421767115466e-01,1.959188655830088749e-02,4.608610939806172951e-03,-7.236076053743882575e-02,1.480799092637269214e-02,1.800564372450981152e-02,-8.454431810986665075e-02,-1.229507660590285247e-02,2.081145424531869251e-02,1.191572297934890244e-02
-5.630274941837274836e-04,-8.099094580408509490e-04,3.023669842628315049e-02,-1.253762172771584861e-03,4.956396357557206998e-03,2.436595743708955611e-02,1.725243306567923740e-02,-5.216254512345346733e-02,-5.979484526714484022e-02,-4.163666590824127147e-04,-9.518949523198797294e-03,4.037139286455009718e-02,-4.968767588757995457e-02,-4.340775406024086069e-02,5.854136242883999780e-02,-3.895253430166036035e-02,1.211799201628007208e-02,-2.119870264409893981e-03,-4.103197096267207494e-02,-1.712351040818310688e-02,3.780660128776169165e-02,3.934730755403439972e-02,-8.261934228169412475e-02,-1.756200796346766386e-03,-2.058579698670979369e-02,-3.146956533162663383e-02,-2.243197009905814956e-02,-3.209671648326881122e-02,6.602133527182090129e-03,3.706598642050969866e-02,-6.976534772402530338e-02,-1.519377889861762108e-02,-2.178931271358690303e-02,4.245361176244095286e-02,-3.311856711355564559e-02,3.628441765476264885e-03,7.513610329307851381e-04,2.384121699340822562e-02,-2.361267935732676987e-02,-3.628904059646293617e-02,7.170138053044119823e-04,6.871007997147108096e-03,-5.107742122523585213e-03,1.477472503592654023e-02,-2.227345709002721136e-02,4.047108992808478439e-02,-1.052621226373957469e-01,7.594562748404266525e-03,-2.358248755405864018e-03,-2.099100402983930871e-02,-5.121266373964689089e-02,-1.289396977981798267e-02,1.774341504521893126e-02,6.739629115593966102e-02,4.191866929209706744e-02,-5.672413881377045414e-02,-4.458502262361773404e-03,-1.511949855660241725e-02,-4.350145432180139472e-03,-7.927335606718873690e-03,2.884951448618585865e-02,-1.062948926852181307e-02,-2.179988446457974474e-02,-7.192781584265253887e-03,-1.828217085586911900e-02,8.626110251688896488e-03,4.389485677600351438e-02,4.001865743630029365e-02,-4.037522356111486466e-02,-3.092039728403876264e-03,-4.638024031207844608e-03,1.426245580006649250e-02,8.129881268860258969e-03,1.359188389890137773e-02,1.672420290826632724e-02,-3.319284168377267807e-02,-1.854334232403398730e-01,-4.889766448062651122e-02,2.155791163327479623e-02,6.411219422680461064e-03,-7.541759433638800525e-02,3.214134991391740664e-02,-2.399257514946097607e-03,-1.237985008312511917e-02,1.853420153087741162e-02,1.286289272967639126e-02,1.186839983166620635e-02,-4.158028387827968769e-02,-4.497325935578389694e-02,3.359677441525885880e-03,-5.680191672982880247e-02,-4.954600499892067300e-02,-2.638513580854507518e-02,-4.385711971860205283e-02,-4.577735419042115728e-02,-5.829439838068353058e-03,-7.405998244194564317e-02,-1.062920225802304608e-01,-1.405795530089981767e-02,-1.643873845618865851e-03
3.085076948838437905e-03,-4.517396382746998590e-02,-3.529834087016102406e-02,-1.879922247738944827e-02,5.632142419525297018e-03,-4.831041378058053420e-02,-6.675615157134877353e-03,-4.622649135990300473e-02,-5.867479238473573971e-02,-6.263027063566725672e-02,4.427048068010685350e-04,-5.762765244324778713e-03,1.246926646383607687e-02,-3.502721211835830867e-03,-2.695229039446536690e-02,-7.245331132803001055e-03,-1.249995155242896719e-03,-1.350931958713251241e-03,-1.962328078353325293e-03,3.634703620492088245e-03,1.462248437636187682e-03,2.191331709839511744e-03,5.668405489484044067e-03,-4.953322554259163325e-03,8.560361608619769871e-03,6.076139806108888340e-04,-7.181139704293531927e-03,2.401364825833776162e-04,1.142144337140268279e-03,-1.169389289726749381e-03,4.412191409032793082e-03,4.334230284976366837e-03,-3.503231606517359653e-03,-2.943190153294129863e-02,-1.450257069950526383e-02,-2.294176697112102186e-03,1.543796586896477654e-03,4.850404400779695022e-03,8.176406074896741365e-04,1.323911940418195585e-02,-6.629678978763792196e-03,-6.285852884828988484e-03,7.362438724616810577e-04,4.086002947996218888e-03,-3.261526669232812231e-03,-6.722151771440735939e-04,6.565365478707262288e-03,3.102883078149948175e-03,-2.399586401701964827e-02,-1.754785699703372698e-02,-3.036166706555752659e-02,-2.770682040464577528e-02,-5.559354503817680142e-03,-2.227210494326250720e-02,8.868214260715920555e-04,-2.171670198340302019e-02,1.355935436562140124e-03,-1.306795863539717689e-02,1.249608376915070044e-03,1.832901561765290857e-02,4.490168392998316292e-03,-7.347294993208601174e-03,1.059414089465478270e-02,-2.099543841158528403e-03,-3.084893484361938155e-03,2.005298629328878483e-03,-6.685052905449338778e-02,-4.082603018322667789e-03,5.618758106546219719e-04,-6.533015452924182190e-03,-1.747094210995293884e-02,2.210436167471103042e-03,-2.014732989699048824e-03,-9.259505338717850115e-03,5.031375480522103268e-03,-5.404125974383100321e-03,-7.042433036713386524e-03,-5.849511183468572573e-02,1.133768472712348273e-03,1.853685898573275998e-03,7.662334690543085199e-03,-6.535802281950289783e-03,-2.985987765154990425e-03,-3.643143919680507520e-02,-2.472103813193757618e-02,4.243894639622784216e-03,4.434731287553990843e-04,-3.627075321403955277e-02,4.322988269082922441e-03,-3.286785708470280759e-02,2.765263399677023691e-03,3.698337682569295681e-03,1.154676845677789047e-02,-4.484659577867771210e-03,8.999106497905980107e-03,-1.438743471460569292e-03,-2.236661511191789797e-02,-6.170434161878179946e-03,7.340783297339839412e-03,1.485300976439357049e-03
5.192118563701508989e-03,-5.931594565157879972e-02,1.436367587041549078e-02,-8.996307810001109850e-02,-3.141491912874096876e-02,-5.682059503344579626e-02,-8.728389652158075052e-02,1.327919027388012874e-01,6.980235390639129289e-02,2.955695113917088460e-02,-8.797094508872643770e-03,8.646048735435801812e-04,5.122137885164565474e-02,-2.752618270443862175e-02,-2.608849280527607631e-02,4.158775622415067375e-02,-9.398266317338459241e-02,-1.720177844187430888e-02,-1.387293032141061894e-02,3.093181663400726422e-02,4.690236679309021939e-02,-2.726494930875756999e-03,3.905120211046942541e-02,-2.041971633843434747e-02,-1.874856737127250997e-02,-1.705690764643306295e-03,-4.032804535602907414e-02,-1.410658075543712309e-01,1.592224546181144826e-02,-4.535733064230732664e-02,6.911609872861057546e-02,-6.029857787786155332e-02,5.311419232078229413e-03,-5.814466862526180418e-02,-7.071986662931070700e-02,1.516345926720323936e-02,-2.265424955346146546e-02,3.534810576083653646e-03,5.383628617483642020e-03,8.959839956810719888e-03,4.794204915283443308e-02,1.600240643121874501e-02,9.960247619196468168e-04,-1.156999049049895097e-02,-4.753211408921982628e-02,-6.783131352121740155e-03,-7.095995467766746251e-03,1.197049582819665475e-02,-2.392332759244528151e-02,-5.802678762855498738e-03,-6.500253932132862844e-02,-1.058193759304738718e-01,-9.097358055932398520e-04,-7.353293422518884792e-02,2.591171604984837326e-02,2.858211533493754120e-02,1.859807505485724932e-02,5.244416253622118801e-02,-1.296039274809919657e-02,-3.877753877627281021e-02,-2.813970287452625951e-02,2.841475608004010583e-02,3.703774181308294028e-02,3.131035983147511387e-02,1.605291931309991635e-02,-8.246794231827155779e-04,4.888294563361905015e-02,-6.597765969324420610e-02,-3.508848828921014035e-03,-1.728808978073314434e-02,-2.079655485312648100e-02,-3.844427554262917334e-03,3.475906745276505228e-02,-1.669273828720664599e-02,-4.336887236847396243e-02,-1.183063891539223693e-02,-3.090949083739298955e-02,2.487999683974569456e-02,-4.224676597957064544e-02,-1.391421298015232955e-02,5.008898714110421313e-02,1.959652881624883089e-02,1.159739661918144510e-02,-3.927822047233157920e-02,-1.816822032551600186e-02,-5.800056199944413765e-02,1.840016471548963292e-02,-8.204140883105877011e-03,-2.638855835075572601e-02,2.500709478410844191e-02,2.283277984196183108e-02,8.260077065126912588e-02,-1.022405589556400589e-02,-3.893727422356473705e-02,2.292236630356919713e-02,-2.318707111168382545e-02,3.776455087325520515e-02,-1.498505810785414824e-02,5.086596784595055765e-02,2.070088663029083856e-02
5.498732149933278131e-04,1.545690291623895950e-02,2.018319643846776864e-03,2.719266867679647013e-03,-7.886897377771288561e-04,-5.505349420268035310e-03,1.686678512263764876e-03,-1.037092034942764876e-02,1.796321018547639495e-02,-3.452891358670801426e-03,1.252029783218746358e-03,-4.107536926145881513e-03,-3.205272746294746816e-02,1.168562887539981859e-02,8.758539420962376150e-04,6.524040773320533525e-03,1.382262603068148412e-04,-2.619702056173425948e-03,7.084507273988004897e-04,-1.414937386298773490e-02,-1.203040655990392270e-03,-8.200515554772899729e-03,-1.396470887011173889e-02,-1.109977683124915328e-02,7.078106662850764536e-03,8.886583890925889740e-05,1.734548157920454744e-03,-2.492111034560004577e-03,1.062887881764898804e-02,-4.106086713847786332e-04,-1.467700831023315000e-02,8.969812857010928120e-03,-7.085920905364481194e-03,6.367173752926976252e-03,4.320362812826756757e-03,-1.160723763331418914e-03,-2.810319683469530028e-03,6.890940591088219949e-03,2.441431510180408840e-02,1.036900224577817602e-02,-3.107437366766625103e-03,-3.405522069368387573e-03,8.504116520331519991e-04,-2.435875089085712329e-04,1.234157373653980809e-02,1.428988428814421431e-03,-1.141610083561938292e-02,-4.230021649799154196e-03,-5.675498550734974293e-03,-1.059076452586298414e-02,-4.274992211725019489e-03,6.979361218379305856e-03,-4.682189184561429303e-03,4.611525678350375681e-05,-5.327905318274133578e-03,-2.373897838666016221e-03,1.346032830539001333e-03,-4.395157834807098679e-03,4.630800761189786570e-03,-4.532073553890393906e-04,-1.491296725201633755e-02,1.218795320164319483e-02,-1.579334010449791326e-02,1.211772764150359678e-02,3.363900315434772016e-03,2.026281087806045043e-04,1.259520307350476230e-02,-9.151736528996479159e-03,7.197039092094413820e-05,-4.178231988430181586e-03,-1.285007922243481399e-02,1.422179239560939640e-03,1.187159012291605711e-02,1.715901969547871733e-02,2.757722753732214874e-03,3.437199667554221259e-03,-1.826459735982987123e-02,6.792014394716933481e-03,-2.072147338816701569e-03,-4.558985380741499734e-03,-4.383442285859267228e-03,-9.069549946555259187e-03,1.589299028451070022e-03,-2.175819571264128380e-02,1.932085913987308850e-03,-7.145483607521517684e-03,1.683008295226118885e-03,-6.598383745132282464e-03,-1.304063002294006055e-02,1.532390689816425303e-02,-3.759921249227840865e-05,1.468192135434685797e-02,1.702057503570095567e-02,7.861130286454251839e-04,1.851147757047629655e-02,-3.496435867077345681e-03,-1.152164597957884605e-03,9.117146840892223492e-03,-1.965419289230984582e-03,-2.553113580259822155e-04
-5.938407002272767625e-04,-5.071360165373678744e-03,2.811104380553102605e-02,6.340456415753607800e-02,-1.539798328164794679e-02,4.426762635993932576e-02,-2.947563524084250916e-02,-6.140400037361599256e-02,-1.400110198823009688e-01,-1.952483062801550068e-02,1.693387126891350916e-02,-2.968247433156281229e-02,6.104209823840578419e-03,4.570787268719380542e-02,3.451099120152918004e-02,-3.842871688715832068e-02,1.437898380719100123e-02,1.556884506554484342e-02,-1.452164840345244708e-03,3.943116757944085254e-02,-4.784947379009332064e-02,5.063379003414312032e-03,-4.158279284301383272e-02,-9.715209423031456737e-02,1.690108973217087709e-03,-6.205333187146025616e-03,4.208830732630911009e-02,5.450523134935895964e-02,4.409551318115491336e-02,4.153496964219890314e-02,-2.557677668133316595e-02,-5.472818746491558278e-02,2.530845816405317278e-02,8.899646903864168179e-03,5.859584219726762799e-02,-1.717283270900880551e-02,-3.330392373434591657e-02,-4.694066794891632588e-02,-7.461355828563209780e-02,-6.609561334351436723e-02,1.496777176986372306e-03,5.696000314626747940e-02,1.957409435329527866e-02,-3.753830980883075125e-02,1.342265377238673063e-02,1.497323101699361836e-02,-2.868318103670802408e-02,1.639122467335890621e-02,-4.439581369466010473e-03,3.536626269873314327e-02,-6.158477729641946563e-03,-6.359404718972194726e-02,-1.875501461359153910e-02,-3.530297330060452442e-03,-4.009234619023850643e-02,3.943205915818498442e-02,4.449177340888265005e-03,1.806150695297611269e-02,-5.203385922095309091e-02,-3.451469250303704217e-02,1.919641197717420053e-03,5.893973643412218216e-02,4.168193042388284447e-03,-5.093935302437315599e-02,3.673086292096785360e-02,1.859931933904056603e-02,-3.829497050046159340e-02,-1.798179278937729261e-02,2.842488277424096502e-02,1.463677304692840783e-02,-5.584628716896753581e-02,1.682300528832922706e-02,4.075972554253029512e-03,2.298996557723199247e-02,-7.658469953702925874e-03,-1.708047115607186361e-02,5.044270071573246639e-02,-9.697970982344868152e-02,-6.131949892619418738e-03,2.647198380901670881e-02,-2.015081903299001109e-01,-8.741183755872576622e-02,3.181684379454161049e-02,-6.767756915192721379e-02,3.052118871661001990e-03,-3.138386027691092428e-02,2.342159413319828271e-02,2.759421644153647879e-02,4.658696568843535141e-03,-2.157317686488311598e-02,2.753756943509036784e-02,-1.429091001844911418e-02,7.830432765470716344e-03,-1.656395799996953147e-02,-8.342481552435276893e-02,6.309712024416292211e-03,-1.165934496754728045e-01,2.047231575722362196e-02,2.803537708141753265e-02,-3.890380725696124535e-04
1.803316593364978149e-03,-3.024481393829760514e-02,-3.697100700923118544e-02,-2.754262319186246560e-02,1.125068415703918455e-03,-4.304140448989656614e-02,-1.715473669761937228e-02,-2.828894576788863746e-02,-2.460190102005815199e-02,-2.400817779029876947e-02,2.161179169769863150e-03,-5.799364279421219230e-03,-5.538225559556471172e-04,-1.215518412610525588e-02,-1.177519972572201729e-02,-1.320865585613471144e-02,-1.071365593081059428e-03,4.563844765487106922e-03,2.050967875100850619e-03,7.626352170538072683e-03,-6.864488975651368043e-03,1.035405730331560295e-03,-1.130324603944753321e-02,-5.979295870032329090e-03,-2.218451251839829563e-03,7.186734234123897530e-04,2.136342254532210688e-03,1.009657466908739192e-02,1.235565911567802246e-03,-1.660819286087824448e-03,-2.333169627796417779e-04,-4.525171706333063794e-03,-1.817180037420957836e-02,-3.709438160280830593e-02,-6.188354539889840376e-03,-2.041943175360724316e-04,-2.534727612629932968e-03,-2.464831888041827150e-04,-7.608154338089142404e-03,-1.993794263913389528e-03,8.943318298791021236e-04,5.577605330746315121e-03,3.599455008754759607e-03,-1.264498727624054596e-02,4.013697014760739604e-03,6.048125647006424681e-03,-1.014847239910417719e-02,1.180153720564280743e-03,-7.758256638968710241e-03,-9.468366772024084180e-03,-1.708544439251753755e-02,-1.312935417733939771e-02,-2.734587277787429906e-03,-6.387021392095205800e-03,-2.539052332370718163e-03,-1.682548571779711108e-02,1.676864057580030720e-03,-2.385473290078974490e-02,-1.825264906549818600e-02,-2.154863759205827897e-03,-2.628049127253607314e-03,-2.418083511581739769e-03,-4.046509305657018142e-03,-3.714498669833966177e-03,2.530800322459213127e-03,1.045006332945624429e-03,-1.458483220835465020e-02,-3.481118022865896302e-03,-3.037288067237847635e-03,-1.860784454810249667e-03,-1.986340215712148818e-02,3.240015793630957237e-04,1.795193508662853640e-03,3.847424275317912028e-03,-5.396101953607383532e-03,1.445186591527057801e-03,-4.585926467387662145e-03,-2.120696905043484293e-02,-1.953244050172986239e-03,3.123414913781001959e-03,-2.029770009255044833e-02,-3.922218001295688095e-02,1.668320168415393873e-03,-1.985521210235767497e-02,-2.285668561896405868e-02,-1.567494558318685213e-02,2.208713563703933527e-03,-2.739008179458543579e-02,-1.906246615463093666e-02,-1.062350695901441433e-02,-1.389887655895502734e-02,-6.588588089728705625e-03,-1.655503831503793996e-03,-1.645172023671948036e-02,-6.299336787872660340e-03,6.105185017970568128e-04,-1.029856761469103744e-02,7.095958214306625697e-03,-2.149157134270308217e-02,1.251560418971008797e-04
1.026810915118952366e-03,8.818752960748285630e-03,-2.568213420596062932e-03,-4.710879860283886944e-03,1.431879960362644278e-03,-2.633616431845892461e-03,-8.132764302836566163e-04,-6.190530014693916561e-02,-4.479640012016951334e-02,-2.392897028804466183e-02,8.884243537062962029e-04,-1.454841515247168662e-02,3.416238849169420805e-02,-7.834259726788299783e-04,-2.180332849774674342e-02,6.116576164436841184e-03,5.053002417181247027e-03,-6.472201931332043079e-03,8.909623032349685192e-04,1.203227306742944876e-02,5.897962695129786714e-03,-1.047981469346479302e-02,-1.880124176075419597e-03,1.283320670000450640e-03,9.711757035512845818e-03,-1.399580837121684133e-03,-6.217185061063179759e-03,-1.502806777041384122e-03,7.870868396038033579e-03,1.397748692504531239e-03,1.242823078785668979e-02,2.794919355809497366e-02,5.559357559416436799e-03,-1.735986930596591232e-02,2.576961743575405944e-02,-8.544004966041935907e-04,-6.052941881486788994e-03,7.725440519215127574e-03,6.749355440049883102e-03,2.246034129294530515e-02,-9.311260843794699066e-03,-1.350479782760352805e-02,-1.036060963855782837e-03,1.279050422112913699e-02,3.289361158485872624e-03,-5.356268721567506233e-03,4.682024480046982975e-03,-3.963685599376751134e-03,-1.246508104102117195e-02,-1.291173192508356278e-02,-1.342400784181056392e-02,4.690015794635354549e-03,-3.389916663966647918e-03,-2.573710849328901366e-03,-1.528580270876068759e-05,-2.320563333717551649e-02,1.134543663333907560e-03,6.809408046687220363e-03,3.936622198271730322e-02,-3.867481928705074519e-03,2.605430617532099400e-03,8.684723109860128035e-03,2.073503597541889211e-03,2.863362486763173110e-03,-1.132611130419868646e-03,-1.545403789372242582e-04,-5.349299878726114510e-03,-3.932198074008553222e-03,1.038879941124816637e-02,-1.790164887374239315e-03,-1.940553597245285936e-02,4.870014262351095259e-04,-1.323296518114254472e-03,-2.313582005688053552e-03,2.577181880460190783e-02,-4.675366438765296909e-03,1.001871207134175578e-03,8.180960429601079678e-03,-4.806854503652707375e-03,4.294415829137854940e-03,1.839012687538104512e-02,2.502604364355193178e-02,-5.091068033028417483e-03,-5.020341700685815138e-03,-9.342325085299991311e-03,1.986273917200548518e-04,1.385809645999751087e-04,-4.525356475611365522e-04,6.522436527905271959e-03,-7.910982423585653095e-03,1.249676534537352487e-02,9.778775964874586446e-03,1.320189579373180246e-02,1.018638148641444648e-02,3.037025556684927463e-02,-7.690518648475509755e-04,4.786757786363804494e-05,-5.253792889537112556e-03,-5.962435437803492548e-03,4.673705886981372143e-04
4.053004281378569384e-02,2.397143816657881440e-02,-3.436372307993688230e-02,-3.055705205275124903e-02,1.581675886420324563e-03,-1.386803513004488710e-02,-1.236561502869748808e-01,-9.585989104974208808e-02,-5.359449569554796539e-02,-7.693517552897001510e-02,1.582407245743646870e-02,2.505180440554058766e-02,-3.128469994941774496e-02,-3.637702817943662924e-03,-4.574907677447549031e-02,1.782759291333589277e-02,3.195128342648745345e-02,-8.249478578198783316e-03,5.953243936601777461e-03,5.706037258251125087e-03,-3.416505262219771827e-02,4.130063394264073956e-02,1.434136988174631970e-02,-4.170615341491756660e-03,-7.589629904915516645e-02,-2.413595332395188434e-02,4.149414678875072704e-02,3.869638399025523284e-02,-1.871498326279970358e-03,-3.928571159196335427e-02,-5.168057230420612658e-02,1.086374683383640148e-02,2.853274654851700384e-02,-8.430102732799825416e-02,-6.224155044921428001e-03,1.020691748913328707e-02,9.538745967180716975e-03,-1.298709530986544465e-02,-1.680380619711279930e-02,-4.605766143421122921e-03,2.491879032233503682e-02,1.900512457770642261e-02,1.381256446417294427e-02,-5.791633562653445561e-02,2.017290577240130750e-02,3.560798418306996421e-02,-2.213026161991652960e-02,-4.704505432663534659e-03,-1.930040416067722517e-02,-1.095628104857442470e-01,-2.193830872706440532e-02,-1.515122291246405635e-02,-9.992446232217688101e-03,5.973365032285058102e-04,-8.597761404041923822e-03,-6.879927468287241887e-02,7.801131369923383803e-03,-9.911782576525508814e-02,3.075420426161105600e-02,5.361921155796769978e-02,1.655670333087911478e-02,1.532789646745743618e-02,-1.652694387492255335e-02,-1.419546962968914854e-02,6.746855022729809741e-03,6.607199640864817175e-03,-5.906763978971704687e-02,-2.849819860984090930e-02,-3.952386310755624105e-02,-2.302372457801075273e-02,-2.329640407697577964e-02,1.990140633370505660e-02,-1.370426422038736707e-02,1.305772823997141535e-02,-2.850861308424518670e-03,-1.160843968054026815e-02,1.896157770661121775e-02,8.523951515147972988e-03,2.134661049904694116e-02,-6.419186874470621251e-03,-5.695723703250896858e-02,-4.552223897070414166e-02,-2.243438432609890301e-02,-1.769892729998106540e-01,-9.995652529017570731e-02,-3.059269437393783396e-03,-2.189364249999173773e-03,-1.381352123443377322e-01,2.465980221632970912e-02,-4.253468193531306785e-02,1.762338760874951685e-02,-2.164749775932197848e-02,-5.870679641818331296e-02,3.645207181199659058e-02,2.779354076727314285e-02,3.140995670574628362e-02,8.457201489939258909e-02,3.055869603435080323e-02,1.325509151541291904e-02,-8.867655701619353223e-03
2.724885376122677949e-02,-4.178114010200464218e-02,-2.202620353061530978e-02,-9.077992850055258134e-02,2.937020277672956065e-02,-3.377052271208887558e-03,-1.907810523228859259e-02,-2.865432528411925028e-02,-9.331455859413627721e-03,-8.499542041781169011e-02,-1.587219911959231872e-02,1.736396212556172089e-02,3.704501532613396070e-02,1.293938028558042769e-02,4.878268310717354117e-02,-1.132711027787132278e-02,2.244756707461442041e-02,6.435119094385959764e-04,-1.916862722417245549e-02,-6.585808406137266813e-02,-1.766999223958203372e-02,-1.123389355923598391e-02,5.629019829558193355e-02,-4.909095079161490682e-02,-1.921299633690673123e-02,9.790622833709877737e-03,1.180500134055976862e-02,-7.041972755068620117e-03,-1.508319616239402325e-04,-4.032147742427219517e-02,-5.235197375491244896e-04,6.189752131755807407e-03,-2.392602970748902713e-02,-3.065375039915878633e-02,-4.613412870021253026e-02,-5.199402437687361718e-03,4.549567660275159742e-02,-1.886775826222099675e-02,2.975867977022991426e-02,-7.603456984210325842e-02,-5.621831414104710989e-02,2.656863978997046905e-02,8.438783801149086355e-03,-6.593386955242318964e-03,1.327754454701476992e-03,-1.363730595576674309e-01,-2.530879183766276703e-03,1.854914831943382282e-03,3.268780242555222038e-02,5.435427515475189063e-03,-8.230606981231349331e-03,-1.556042854455968322e-03,-3.556786400316123715e-03,6.768542379203579262e-02,3.381217669104186890e-02,-3.354841124793116192e-02,-9.645954139628567809e-04,-8.414126578565109260e-02,9.587012907605937939e-02,-1.779796385839560544e-03,1.219182109932755859e-01,-5.849083466257389702e-02,-5.602442228135542934e-02,-2.521009025862755437e-02,-1.279326756063565117e-04,1.441231382443683602e-02,-9.584404950464532613e-02,-2.544059496819651642e-02,-5.730057603178776576e-02,-1.909169810058538100e-02,-1.462247232881862952e-02,2.202319096990447683e-03,-2.200694893188625753e-02,6.084850446220091413e-02,2.226287517230896365e-02,-3.825401869989900755e-02,-5.858084497994520135e-02,-7.798914449688804096e-02,-1.817942967012624658e-02,-1.686614319295088107e-02,2.199181315771169681e-02,1.896768280646007800e-03,-5.071734312274874673e-02,2.643917515182270511e-03,-3.089038722740920506e-01,-1.613783786509765533e-02,-2.202741572351025329e-03,-5.474590648379160096e-02,6.168718602703717607e-02,1.239255262585433823e-02,-3.274295857501373364e-02,-3.188640355789480740e-02,3.585171997599402582e-02,-7.481561247142015647e-02,7.408089185159788537e-02,1.253214671313095281e-02,-2.974299939020744882e-02,-3.942400750998916251e-03,-9.519470571248875301e-02,-2.122376630442893500e-02
-1.436086950809858237e-02,-2.023025595080730349e-02,2.201663831731952986e-02,1.259583944526103394e-02,1.679781135456630964e-02,-3.993502439050621716e-02,4.233445570806829844e-02,-1.036317126244857140e-01,1.686627209314932579e-03,3.022873644027353202e-02,8.014523972612761990e-03,2.538673481125771139e-03,-5.162570370991455271e-02,-2.486740496323859226e-02,4.231957031693593663e-02,-1.234182534707635968e-02,5.845149856990451698e-03,-2.603527754411267409e-03,1.556474508643524400e-03,2.592974419658924251e-02,-3.497997348417981184e-03,-4.703898431088392174e-02,-5.389822393115418532e-03,-6.269703657406934180e-03,1.601459887325902554e-02,-3.428544555193368398e-02,-3.643240485478665275e-02,1.920306448962960221e-04,-1.623004336555039506e-02,2.815236315401594552e-02,6.136198414299910697e-02,-3.241839779014264039e-02,-5.154923226182814289e-02,-9.180019265133043324e-03,-3.915390470720619270e-02,2.589886030735077255e-02,-2.693187057120229391e-02,3.057143040500332701e-03,5.767627881597422318e-02,3.106727354799586837e-04,3.972774156131877489e-03,6.410934427088431364e-02,2.537360423900024767e-02,-2.556389661794416374e-02,1.138055572085426917e-02,4.644797483899101159e-02,9.967454148284082219e-04,1.241671803942616219e-02,3.161986361555141345e-02,-4.816372129229886528e-02,1.773047912073905108e-02,4.657119037129030942e-02,7.403685286067451972e-03,4.447198759058482165e-02,2.440661459894720442e-02,2.549192632608281855e-02,9.008790565766776337e-03,-1.801553110959657270e-02,-7.670757826852134774e-03,3.934355049982440206e-02,-7.731670466957511756e-02,1.470859808446282717e-02,-5.258395386649061809e-02,3.393920875653853170e-02,6.127943247089345791e-03,-2.447526275072178792e-03,2.910579743631091869e-04,1.745295202292674458e-02,-2.718145706517061111e-02,3.698941482419650789e-02,-1.190665863839382721e-01,-1.307363863343397568e-02,-6.040368386916050714e-02,2.910060948709473211e-02,-1.661848434921305018e-02,3.489805600459544577e-02,-5.529994388266366856e-02,1.400320886749185090e-01,-9.434239492660810231e-03,1.528756934908814639e-02,-6.041240829584718780e-02,-1.591373574879444142e-02,1.369676157700422219e-02,7.602626965526520196e-03,-1.243775948344591140e-02,-2.464060923660529590e-01,-2.658232072284117450e-03,3.949455943919789880e-02,-3.008764817615345102e-02,-1.215242545530310497e-01,2.650990343700438887e-02,2.362519010512992290e-02,-3.984231597628204447e-02,7.738021422927299220e-02,-8.739047237483463237e-02,3.030452371595615188e-02,6.595575043516788485e-03,2.692847009264918295e-02,-1.306904770476759181e-01,-5.421998233302793672e-03
6.387653232904319826e-04,1.933282201750814331e-03,-1.764946931633805047e-02,-1.300695589840674370e-02,3.294129227547223059e-03,-1.286946269030698510e-02,-1.308788427939383331e-03,-1.454045301170904698e-02,3.883382454535534321e-04,-1.812204121891820841e-02,-4.656960948971554089e-05,2.843413556301247185e-03,1.946224884173518646e-02,-1.640049909796370206e-02,1.715708044847703059e-03,-2.828555623256562637e-03,4.243480007616784802e-03,-2.100101907250619679e-04,-1.025274222107281415e-03,1.486544824123632591e-02,2.758861469438455161e-03,4.526437101767878972e-04,-3.011060678952144371e-03,1.016474212508379884e-03,9.405440410908842697e-03,1.965699825920520349e-03,-6.240619986271537731e-03,1.309709300609083679e-03,7.932809711051749466e-03,2.592251648179708101e-03,2.736441729479335491e-03,2.067519974698952406e-02,6.515292802292522133e-03,-7.686724009828654197e-03,8.111932803508505041e-03,4.710789783270534752e-04,-4.488588955243989764e-03,3.706737274089563425e-03,1.165303261508270766e-02,7.978422688133784968e-03,1.379821956565514818e-02,-2.705649199187675109e-03,8.473544159626117183e-04,7.639398054838661759e-03,1.495239912992382637e-04,6.962656911103898283e-03,3.968212880617964441e-03,1.988583486013456841e-03,6.110461429895743327e-03,6.104669982819831663e-04,3.076971322650420230e-03,-1.055525781459564633e-02,-2.638897223195708734e-03,-1.365428942450339946e-02,5.632505717637369992e-03,-6.681881718671705238e-03,1.034777074086456116e-03,3.768837660109768638e-03,1.621060292576657208e-02,1.190264658285311236e-02,6.599525817595605116e-03,-7.030996196483758377e-03,4.264082228919548016e-03,1.727779202181582274e-03,2.700810221675372606e-04,-6.836595701679915775e-04,2.751439367466695975e-05,-3.700893854781806339e-03,4.001971246502960405e-03,-3.603081098865048258e-03,-1.415974452821133073e-02,5.548129342463905492e-04,-1.413307957681122270e-03,-1.546548421900718374e-03,6.607315929472385233e-03,-3.292372097141279836e-03,-1.018176326586706787e-02,2.187587818245858608e-03,-4.506059352655739439e-03,2.136992705657262542e-03,8.266082826726415742e-03,-1.531263876440672883e-02,-2.680153817588733049e-03,-8.454857835352947923e-04,-5.405905872062282541e-03,-1.130482840892676512e-02,6.989974052582833414e-04,-1.841829377369451001e-02,-2.772819514477180194e-03,-9.873150410420197202e-04,3.058185115151633611e-03,6.966673262796153378e-03,4.681321723536111673e-03,-2.679916724156771943e-03,1.055661311356590956e-02,7.827869546050285115e-05,-1.330096844005812691e-02,4.132557818247901971e-03,-6.383229840808680305e-03,8.808849465117403682e-04
4.266945562064420466e-03,-3.710586441168631927e-02,-3.089395192764528980e-02,-1.993055130956255389e-02,1.038149311342291201e-02,-3.550311166344911895e-02,-1.451003084638066883e-02,-6.342669366632157357e-02,-6.251194162724366121e-02,-5.683311706429960974e-02,9.308251304279252210e-04,-1.501309184258540520e-02,-2.553549283170303513e-04,-8.770563061924127601e-04,-2.795332557100910567e-02,-3.688368502185720554e-03,3.532697295992580713e-03,-7.114524671673682710e-04,8.294765125677205789e-04,-9.636326045904674772e-03,-5.424093131776492119e-03,-2.790890120481257864e-04,-7.980590967637956820e-03,-6.631247007760957511e-03,6.018642275823403442e-03,1.042416568447588048e-03,-8.181558118598295697e-04,7.227562477208375989e-03,5.698932627504219028e-03,-2.647039230876553888e-03,-1.148730515054541485e-03,1.007464011345021509e-03,3.603451057780891753e-03,-5.008140387434267815e-02,-4.464544317522634899e-04,1.334259684824817913e-03,-3.602860012317615507e-03,2.555491445560330397e-03,-2.799034891876596171e-03,3.930126442662665136e-03,8.068599590764766183e-03,5.488961228385705847e-03,4.841191451116196379e-03,-1.466195119178972592e-02,5.314590635059029781e-03,-2.415119214563686556e-03,1.804418014709934567e-04,3.348746867214347309e-03,-2.651157384323609215e-02,-3.737875465618620274e-02,-2.541165072120480165e-02,-1.796495982126855573e-02,-3.862454021481841887e-03,-1.509168623819074836e-02,-8.463683081088639549e-04,-1.755025560504946958e-02,2.958355579386930979e-03,-1.775226257542968436e-02,1.294572824451195245e-02,4.075803623062112559e-03,-1.277127353400102014e-03,-1.594959773618485205e-03,-8.998829175460262494e-03,-1.762750780984287651e-03,1.450893585881534451e-03,2.569684740472749120e-03,-5.995735745930829558e-02,-5.447181873888491677e-03,3.251859122737071114e-03,-1.139279118694217635e-03,-3.998213859249000190e-02,1.374518013518054001e-03,4.409957077887247806e-03,-4.126456107155910581e-03,5.659228234854590291e-03,2.160187659031243251e-03,-3.866403161857974100e-03,-3.508408286454661740e-02,-2.391380279414642869e-04,4.295729740733681724e-03,-3.447709233681921660e-03,-1.450560435394970989e-02,-3.024628213031690070e-03,-3.477571077182158021e-02,-2.763184345695323882e-02,-1.446063380273686881e-02,2.146288840127050061e-03,-6.342661878928965158e-02,-6.156264905173143738e-03,-3.303028943555629676e-02,9.086943158199176085e-03,-3.330475170384924327e-03,5.322870710839132727e-04,-2.442372151508911699e-03,1.731880257304040636e-04,3.013138812492116396e-03,-1.592375957319102850e-02,-1.266033982776966754e-03,-2.416225612796063169e-02,1.472483568895014772e-03
-6.852201762309101732e-03,5.229266804853887479e-02,6.026633753492199874e-02,-1.057684880602886499e-02,4.591733790388769811e-03,-1.353981411390978162e-01,6.772237086127294581e-02,1.081827958775564563e-01,4.413620906888401918e-02,7.469744145419936199e-02,2.475030231833106557e-03,1.981422915024797990e-02,-1.146432898058018512e-01,-5.659688283085193006e-02,2.214523820361287074e-02,-5.295982410884122332e-02,-2.083185295968137049e-02,2.165297589166602713e-02,1.460555070334415215e-02,-3.881787887850942503e-02,4.425242513865756955e-02,-4.764774434047347462e-02,-1.614161045731616340e-01,-1.091290823227311461e-02,4.791371467485050495e-02,-4.722172889308925980e-02,9.524613679956528065e-03,-1.022332216127820603e-01,-6.136236716114257077e-03,6.209228612666684716e-02,3.388815937879983975e-02,-5.183276146534145784e-02,9.079535410182082433e-03,-4.812983418658791507e-02,-7.010148314046378212e-03,4.218708886809372297e-03,-1.016117211503436181e-02,6.461007308667790494e-02,6.861994160839711421e-02,-8.889214101500818310e-02,-8.723257306435958092e-02,-3.953368980408277639e-02,7.284066960295363692e-03,1.974544682571927751e-02,5.391426738838907273e-02,-3.919197982081418924e-03,-4.799828570128531618e-02,5.161959141083350550e-02,3.276968639664433469e-02,6.946962046141627600e-02,-2.090368149059485328e-02,9.255024258134838741e-03,-1.261948046757623747e-03,9.355552412440454671e-03,-1.369391148743626281e-02,1.617037778924733035e-02,-2.413302492920550713e-03,-3.517516152840451105e-02,-3.080000649935897908e-02,-3.816551622844338576e-02,-3.380131240126822700e-02,1.120320111409049343e-02,-9.113335551477626251e-02,1.607259236391847187e-02,-1.662687803384437987e-02,-5.203359377258675103e-03,2.990100906724297083e-02,-1.160999624861525168e-03,4.892527813669080711e-02,-3.421415072764059928e-02,3.923607383671408322e-02,-8.329439374080148048e-03,4.259796892280598955e-03,-7.510034373591514822e-02,4.661570163102900233e-02,5.130366298296457767e-02,-5.347411477950361064e-02,-4.481424939085499465e-02,-1.435210996618726045e-02,4.899281007043188030e-02,-1.877421535519737707e-03,-8.438720843326841334e-04,3.995495691874002830e-02,1.993240228653150176e-02,-9.314565507619192164e-02,-8.560015317487053299e-02,-5.980277683981029789e-03,2.410035216783814119e-02,-2.914534529979648236e-01,-3.973549466601089541e-02,-5.214117265382055277e-02,1.200926964421326210e-02,-6.055636910078367185e-02,-1.383823314734490204e-02,-6.785077819591360526e-02,-2.369248377905867203e-02,1.231171083259303620e-02,-6.070564263426026647e-02,-1.697700620987343395e-02,3.393015964069771156e-03
1.580015104070706805e-02,-2.622029770806815971e-02,8.559418570981235444e-03,1.679620296671893720e-02,3.011399685668774209e-02,-5.698271965084546892e-02,3.116941868710873531e-02,2.968874809131741982e-02,-7.923900921155742350e-02,-8.915201754718411753e-02,1.065885155652302818e-03,-1.491515659850759998e-02,1.127334846185970574e-02,-1.716727168517420210e-03,-7.281062374315544483e-02,2.923112121797945620e-02,-1.241851815156712162e-02,-3.440602191127962312e-02,-2.812212056705864702e-02,-8.513038105263687205e-03,-2.811230842084455617e-02,2.037655511849717493e-02,4.950275750595526519e-02,-2.575971026041893111e-02,-1.126812763165535363e-03,-6.889426223180665498e-02,-1.763630516952707436e-02,-5.917847590202915398e-02,7.359129346234424655e-03,-6.159780847468286635e-03,-2.488885227220673235e-02,1.000825171094828735e-03,6.786864959775615325e-02,-1.220246891397771261e-01,5.502514906428945807e-03,-4.330369153649444116e-04,-7.403550251240506759e-03,-3.139393290268657614e-04,1.620419259779585369e-02,3.625906781786474714e-02,-3.181804989109445619e-02,3.833951523012583962e-02,8.421406686045984006e-05,-7.015105359481825509e-02,-5.535726156355870453e-02,5.074909353278881687e-03,1.904352938414327970e-02,-3.057177503383952735e-02,6.531666571566338564e-02,-6.010464989578383731e-03,-4.346610958043444634e-02,-8.359164500831987865e-02,1.965583538775651090e-02,-4.698763107307101644e-02,-2.601966799359890087e-02,-6.325414947337276717e-02,3.247417345899064004e-03,-2.126149223398448446e-02,8.887862407071315737e-03,-2.328837092595729963e-02,-2.493300658148210960e-02,-4.159968569419506684e-02,-5.092272149882796917e-02,3.926417238414776391e-03,-1.767472051710775732e-02,7.653192576608271180e-03,-4.775763783159740761e-02,-1.285637140611648745e-04,-5.547877749988328749e-02,-4.666987581970361704e-02,-3.970289465614966831e-03,2.311364967091035158e-02,1.998060225463676662e-02,6.456593376628651931e-03,-2.253787115600291296e-02,-4.085785048596865532e-02,-5.673161180964573364e-02,-3.313063706648636253e-02,2.673324406900405223e-02,2.342298284342993198e-03,-2.540695624865933061e-02,3.550187372096684502e-02,2.903390552073733741e-02,-6.594258288088226949e-02,6.001759441914936155e-02,-7.086894087394087459e-03,9.917981879746474647e-03,-4.420204588461659756e-02,2.478042865417822219e-02,-2.206273882492965910e-01,4.696356348874475284e-02,-1.811884336086910449e-02,-1.451057300383442467e-03,6.034438409827328625e-02,3.356833413097225910e-02,3.496414772431701489e-04,8.258709082288570591e-02,-2.855758130056672284e-02,-1.954539646885317117e-02,1.691170947571875652e-02
-1.844954708518472620e-03,6.651389129572153960e-03,8.529714433306859189e-02,7.300248880280293950e-02,1.482437190996623542e-02,1.205238562026635443e-02,-3.245394472705894623e-02,-1.959577816729938561e-03,7.436283101410021135e-03,-1.747075860436254555e-02,5.922717359443268638e-03,4.344108697423463422e-02,-1.315372904234156717e-03,-6.432437693623310748e-02,9.509063620699917396e-02,1.791638468263055325e-02,-1.222595428769830336e-02,6.491792468912693098e-03,-1.775578312619261303e-03,-1.038002308442960708e-01,-4.874665094940091453e-02,2.369208530999410492e-02,-4.049964618722964871e-02,8.112144099262405539e-03,-5.386950903363761645e-02,4.782022602394954414e-02,7.070646191831524499e-03,3.116660991158034730e-02,-8.084192280650502604e-02,1.289064834738632911e-02,-7.169153142102905121e-03,-5.113764353869961615e-02,-1.171371968597931419e-02,7.250398022846649138e-02,3.618786888953711561e-02,-1.228776456868507436e-02,7.285202126306146268e-03,2.977578317533196434e-02,-1.263999559660367554e-02,-4.716900772790962038e-02,2.160125611026970233e-02,-3.821937055532689809e-02,-5.208373585478581064e-03,5.475224766574406099e-02,2.322680856978074498e-02,-1.068619201271879815e-01,-2.448877832744243005e-02,2.929917382010453417e-02,6.096447314302574222e-02,6.426456900514657946e-04,-1.507892388235601913e-02,-3.959021797295375622e-02,3.348820341398123235e-02,2.763749913745436326e-03,1.790263879578495726e-02,1.536164934788103453e-02,6.302239846336364117e-03,3.456124044043620835e-03,-4.028666900070971418e-02,-4.458398890446460539e-02,-1.358476267588780706e-01,1.379986066084207957e-02,2.531298403996908378e-03,4.756422906858619182e-02,1.763007077794152139e-02,1.009902577727609524e-02,-4.676120967916681456e-03,6.677521292979271550e-02,4.719163470175406078e-02,-8.186999966507322452e-03,6.039989087255291482e-03,4.811106076088936256e-03,7.098552851927576735e-02,2.404858328739823900e-02,-7.631297499551817354e-02,3.616176017934341971e-03,-1.936873781708518469e-02,2.998874729402394371e-02,6.503470944237818921e-03,1.987640842696693222e-02,-3.168306064854778392e-02,-5.014605399214578166e-03,2.288826865105673611e-02,9.926064662287225129e-03,5.435683098329674445e-02,7.328137785622439171e-02,1.483053227901277339e-02,5.404080362750137562e-03,-2.254845475909272173e-02,-2.267407123348270243e-02,-3.160753660783293117e-01,9.064084282403040219e-03,-1.207131009217912304e-01,-5.765591657546361576e-02,-9.424969449170599034e-02,1.883606934646811504e-02,-3.916223635549031384e-02,5.500449549094979691e-03,-3.413439582024326013e-02,1.125724160204867206e-03
-4.519582764097664768e-03,1.542961913183805815e-02,1.002330620380066824e-02,-2.116339929583754657e-03,-2.609303508391946479e-03,-1.324562145710020400e-02,-7.870668729960646204e-02,-2.236269414282822734e-02,4.560281974737924460e-02,-3.377217947162735462e-02,-1.078737779564875945e-03,-4.334024959823275236e-02,2.958773067632842341e-02,-3.989470092475763674e-02,2.826357645465249480e-02,1.955638322503994164e-02,2.329114479012166228e-02,1.725835704560164940e-02,3.870292330087009985e-02,-4.017795183192258979e-02,-2.323432026674367851e-02,1.451161092369461780e-01,4.751317003976799486e-02,4.996963573684481269e-02,3.134404384701302421e-03,-4.521572250149343691e-02,-1.128977650338225044e-02,6.434248752191817911e-02,6.380333998285755981e-02,-1.614841037719190811e-02,-4.452812840633636748e-02,4.689264654930372367e-02,-7.032097398350690282e-03,-4.809851747050043064e-02,8.512727239288558900e-02,2.771628824382703013e-02,-1.976267474775130276e-02,-5.127077235943931777e-03,-3.768159290600055916e-02,-1.528239466803714593e-02,-2.506507480119490178e-02,2.315677643036084463e-02,-8.216574336628708342e-03,2.339274066544315758e-03,6.638427093541568284e-03,3.668842159906815503e-02,-1.461936339725714191e-02,5.974530499787966686e-02,7.614720168059908867e-02,-1.465642049180640796e-02,6.465744695428928684e-03,-5.434429204416323794e-02,3.747449676875469482e-02,-9.397769181998884974e-03,2.783931058308990875e-02,1.260925480238405706e-02,-4.431461100098493984e-03,-2.640620195922951594e-02,1.082890650387404070e-02,-2.150649102563738022e-02,-2.612847783329472207e-02,8.216354891002257410e-02,-7.249063183678801370e-02,-6.016286558524457789e-02,-4.856194440797929716e-03,-1.427993016820356016e-02,-6.979803408164961254e-02,4.652627394511682501e-02,-4.110732217237059172e-02,1.113141189838641465e-02,-1.489453697490499516e-02,-2.023307591016910989e-02,-4.177968886440552691e-03,6.183575157822929214e-02,2.847934218475134394e-02,-1.730798045526469936e-03,1.034589360298938943e-02,-2.025536316519864228e-03,-2.153466333235691185e-02,4.903145759153951233e-02,-2.688716261916231434e-02,1.643736677263090556e-02,3.033763847956812143e-02,1.852847807615077419e-02,6.428340423503726975e-02,-2.090733853688335822e-02,1.000543303675036425e-02,2.723733045378709874e-02,-6.888091110061507483e-02,-2.328861261695535159e-02,-1.650793553336632122e-02,-2.376912577009105687e-01,-3.248128525730994282e-02,1.323212462963926786e-03,-5.580504856183382545e-02,4.597815532623433094e-02,6.149773648841499324e-02,3.457026673368910306e-03,1.411066219584506017e-02,-3.332910980190533900e-03
-2.433520635752868966e-03,-2.958733321515815123e-04,3.147332474075881237e-02,4.502542400194864403e-02,-8.039953012503851110e-03,-1.465941522094510799e-02,-1.853182284418286238e-02,8.376248311377391953e-02,-2.078216404189027131e-02,4.261982138220147404e-02,-8.996657468521579090e-03,-2.239227935396364416e-02,-9.765512092986021464e-02,3.269627502848848621e-02,2.972781731979745254e-02,4.742490189371946496e-02,-2.912228541443531368e-02,2.768239383559264240e-03,1.293041512841881790e-02,-9.933447873209830595e-03,-7.563334165314405076e-03,1.359553377307686287e-02,-6.675402955262584037e-02,1.354175562104635577e-01,-1.067622807345127572e-01,-3.785564839508923085e-02,-3.868811429385246321e-03,-6.866186536096789694e-02,-2.905780309019139612e-02,-4.224049556408534384e-02,-2.390117945467949007e-02,-1.637728558032224002e-02,1.416559003301961703e-02,-2.141795507575500884e-02,-3.088482693324447800e-03,1.965895018455937962e-02,1.567952752569383434e-02,-4.738632225825887417e-02,-9.162432910796070029e-02,-7.580531297302309235e-02,1.670508723208180210e-02,2.423809449767390378e-02,-1.891688386454777951e-02,2.094407610894410618e-02,-2.746932469460659776e-02,4.135986748705538889e-03,1.121181894424217373e-03,1.787525966047176160e-02,-8.848170301742805041e-03,-1.839745657372371043e-02,-1.331361244221610299e-02,-8.678726105873130203e-02,6.089975796072295833e-03,5.970455473450974118e-03,3.458427719416583973e-02,-7.292835794597590793e-02,8.363898737196708011e-03,-1.181359362238231826e-02,3.005721743048100220e-02,7.455523630640449595e-02,-1.118831092825851685e-02,1.919287346926002585e-02,-3.184436974541976495e-02,-3.770199614808609351e-02,6.292054423809353546e-04,-1.049975863466496434e-02,-8.699657224494117269e-03,-1.926376340982687875e-03,-5.868930866623946890e-02,4.313804600327651728e-02,-4.444839002412069584e-02,-5.234700174557542149e-03,1.093819408897776617e-02,2.624847377138702850e-02,-3.065447921139040008e-02,-1.583502011793631696e-03,-9.968135729841726481e-03,-3.899645435488136719e-02,-1.694096817586428216e-02,2.218675451241824623e-02,-1.613196650078344355e-02,1.510403925580852159e-02,2.655941320604824143e-03,2.584489138381010701e-02,-2.647123000231668341e-03,1.306633817477350079e-01,-4.134458021073048398e-03,-8.841275163996983530e-04,-3.785555781607705811e-02,4.838528587301341860e-02,4.036262649237567476e-05,-5.980365286865195473e-02,-3.382685142910949461e-01,-3.441682227736609506e-02,-6.738544869439164198e-02,7.136899109159034610e-03,7.667210759893025585e-02,2.209193865932630382e-02,3.584705176985759217e-02,-2.194501731924470862e-04
-1.497059861266893436e-04,6.789633356357285474e-03,-1.362682606430034443e-02,-1.561942107583092106e-02,3.164157395038701311e-03,-1.652997083426886032e-02,1.372414598045931626e-02,1.490915024521064468e-02,1.189820810211462791e-02,1.154819059516042599e-02,4.927813133607666669e-04,1.539876333134716346e-03,-8.270805615722536322e-03,-2.964863323777596274e-02,1.238786551013381330e-02,3.048836108700877807e-03,-1.250011651330599138e-03,4.726882804185292969e-03,2.534869835640553640e-03,-3.739905563893181073e-02,-1.335645611202890791e-02,1.715275361079358516e-03,-2.850970105272178368e-02,1.281894294208886682e-02,-2.915761401320922722e-02,4.440758929000597098e-04,5.585083688249201789e-03,-3.337602497713495348e-02,-7.818677170276362026e-03,5.220432681358736469e-03,-5.839726712606570051e-03,-1.097658246718085685e-02,-2.306635729870239182e-02,2.615513535713692456e-03,-8.188413740846861577e-03,6.908861739944797790e-03,1.523458157974088125e-03,-4.250540661457848264e-03,-9.316132551483228413e-03,-2.718213520328582183e-02,-2.906511826719042693e-02,-3.226475189532916621e-03,7.338933496452898280e-04,-2.139636602174548735e-02,-1.135127844075979782e-03,-6.508128249188338543e-03,-1.318950668785965306e-02,3.948388821425960829e-03,7.030875809659058347e-03,-1.256382475901792091e-02,7.571928944247718549e-03,4.489930236994859984e-03,8.072851415405117234e-03,1.534904463789317670e-02,1.000080832320723254e-04,-3.553974284781852289e-02,1.422290716515457526e-03,-6.625691480915415522e-03,-1.515655533263265964e-02,-1.111106115870465552e-02,-1.123305319848716052e-02,-1.335958448423303808e-02,-1.325953986507537492e-02,6.750326891428941149e-04,4.658955286893703453e-03,4.248261793846870756e-03,1.628857763019773974e-02,6.750869318877155204e-03,-3.793637897643656332e-03,6.294105146939075850e-03,-2.345733476046415328e-02,4.773645134670998283e-03,-1.983935569846158146e-03,1.363668840948702859e-02,-4.886996747906685590e-03,-1.347580093966509402e-03,-3.155979034282028334e-02,2.889526300502957834e-02,-7.611212698089620844e-04,1.993507881279967236e-03,-5.708242149660165861e-03,-1.810166762722981160e-02,-1.036379453323881287e-03,-1.221286738177043522e-02,5.981679139009204484e-03,-1.711135810622045617e-02,4.652592886060749611e-03,6.776916757437844233e-03,-3.119938197321620033e-02,1.154882837693619983e-02,-3.350786465491927685e-02,-1.529787587295691406e-02,-1.756841526556565669e-02,-3.420521640192124291e-02,-1.310174978726365291e-02,5.328984039386816009e-03,1.242758214017991754e-02,-1.153793171857918484e-03,-1.525569612055643377e-02,2.781560871825865602e-04
-1.227242988337453461e-02,2.199967726814397798e-02,-3.423054538137405151e-02,-3.686821409820503770e-02,-1.352731333323576972e-02,-1.216102053236477708e-02,-3.036502402598261971e-02,8.173963107579698684e-02,-3.623636032201299484e-02,9.808574525683048939e-02,6.223756915031922621e-04,-5.335827549951815268e-02,-1.278708721612350774e-01,7.580078564483272267e-03,-1.247653855707920104e-02,1.386088516224816443e-02,-3.522616851541605226e-02,-1.890553909111701569e-02,1.411203457006693536e-02,-7.791065924548862265e-02,-1.186265912456049704e-01,1.719575686423231026e-02,-3.342693148681037674e-02,1.756686988361950280e-02,1.753098637080610991e-02,-2.386015207519376000e-02,1.124336467001704060e-02,1.364106981593005696e-01,-5.157089156961826293e-02,7.406167824253828691e-02,-2.912685105871795979e-02,-5.676973404822566877e-02,-1.464372637633320172e-02,-3.215333984935639378e-02,-8.583247038602528911e-02,2.478254588395817793e-03,3.066782449645417616e-02,5.628800539590440855e-02,-1.368850470971503253e-01,-2.280409708693163090e-02,-2.266258211097002193e-02,4.899215271282646167e-02,-5.201847643537978010e-03,3.799695561049597214e-02,-4.588873930083183644e-02,-2.725097840894925849e-02,3.633749583054510235e-02,3.137612121025323830e-02,4.871053934138752650e-02,1.605481867770061979e-02,8.637828308069420841e-03,2.384125732598179823e-02,-6.988721917314545326e-03,-1.822925500051315525e-02,-2.749684785347860511e-02,8.500405169080567369e-02,1.035415828470411664e-02,4.639872481906324314e-02,-2.475777202095229626e-02,-1.417019604399053119e-02,5.756745386486623178e-02,4.862096703939445402e-02,-3.497419226239548845e-02,2.133711412261937029e-02,3.080273282921680220e-02,1.844463382767532605e-02,-2.093488783555082222e-02,5.319673427677471152e-03,1.444570624208199247e-02,-9.729900562953856097e-05,4.976533059286530197e-02,8.643393158795524556e-03,7.132609493378484593e-03,-5.890693165992165990e-03,4.252497850427484558e-03,2.302985132574176738e-02,7.621817536170648333e-02,2.594582693290991421e-02,2.331948600325454632e-02,3.736068213288343265e-02,-3.635790743720089535e-02,8.322767434543279844e-03,-1.709409099140572763e-02,-3.599510321387938694e-02,4.316206791786917490e-02,3.078336811161387979e-02,1.361201490995087200e-02,-3.042205648039821367e-02,-6.257526390173707986e-02,2.968077069851249739e-03,-3.791627766146422234e-04,-1.044971689492425401e-02,-9.462187541267240432e-02,1.180105824259559955e-02,-3.442327837313873817e-01,-1.850631158828426603e-02,7.835986562780539177e-02,6.576858339166721801e-02,-1.021277004784396439e-02,-8.729331468668175345e-03
1.003884674188450970e-03,1.680234875697585867e-02,-2.905029008871261309e-02,-2.476453625453062593e-02,-1.254369792958729736e-04,1.893222962287049917e-03,1.573616350578636858e-02,-1.422928937540473941e-02,-2.050078515569958224e-02,-3.388059346327292054e-02,2.572633253912133024e-04,1.133935649821146523e-02,1.112871974170840522e-02,-5.987589694365801594e-03,-5.701914478392091333e-03,6.388436728676232142e-03,-5.567636124066565120e-03,-1.138016692858959599e-03,1.187138645652779196e-03,-1.151331866611220167e-02,-4.560131524274692490e-03,1.085986904711541343e-02,-2.018796724194306738e-03,2.205844876448180211e-02,-5.701869723142664707e-03,3.319210367198899714e-03,-2.306152955026061820e-03,-1.264677202364627301e-03,1.910068917612234990e-02,7.190813346276066741e-03,-5.752095374561737133e-03,1.146148758218709998e-02,1.671623224275019595e-02,4.965855042642534391e-03,-4.431897386049220115e-03,-1.006986431025695683e-03,8.009967392197467210e-04,4.734866665920683948e-03,1.001256120798156221e-02,1.316722069670146072e-02,-1.043340928926059577e-02,-1.050658856319195995e-03,-1.439351289503138865e-03,-2.458959316801063392e-03,3.983695836142171548e-04,1.745142714623846951e-03,-2.336741689597727535e-04,-4.351446446828194370e-04,-2.266981077679111611e-02,-1.239897317600461603e-02,-5.634445236906961141e-03,8.728261092856395495e-03,3.037693058711152857e-04,-1.028532278962052994e-02,6.824771978002929819e-04,-7.134854881827724926e-03,-2.428196715918792164e-04,4.299095016206733177e-03,8.266927589848743069e-03,9.175828868621005441e-03,-3.578114508892248080e-03,-2.640984895859885707e-03,8.413891741718892633e-03,1.342146672119969497e-03,-2.480338730263971590e-03,-2.943896144252009200e-05,9.345316887838229364e-03,-2.157761019164237699e-03,-1.980543736622656509e-03,-1.133336336681918001e-03,-7.282075704188459980e-03,1.830135490312808245e-03,2.004301241541839914e-03,1.440267558795160817e-03,-7.145907384003355326e-04,6.665745844161924871e-04,1.715686086526698600e-02,-7.911632290179217500e-03,2.044811179090785715e-03,-7.501391337837832411e-04,2.287314223916724412e-02,1.281268038000731371e-02,-4.274344817323617006e-03,-9.210192790319638584e-03,6.510054342280827307e-03,7.978922823899807157e-03,-1.050341377407459876e-03,8.657003039050696841e-04,-1.996563522495730086e-03,-1.201736155957382028e-02,1.996970955939193944e-03,3.227059637789346080e-03,1.672754474375469022e-02,-1.974880861635597111e-03,8.539584108128333781e-03,-1.702047126883467860e-03,1.106514817850698905e-03,-3.485908246387014759e-03,9.376634338609083491e-03,9.576126021652799254e-04
-6.599505421266502019e-03,-2.484779192695277250e-02,-1.625121146082566387e-02,-7.343555341901199240e-02,2.766480538848590728e-02,-3.630033017881523216e-02,6.815584868871410462e-02,-4.841239878224757459e-02,1.287364463853426545e-02,1.669160206100557889e-02,-2.758990447452747824e-03,-7.224334206571443595e-02,2.879679074716655005e-02,-3.166106540125388988e-03,4.679179867151212618e-02,-9.065246849519315031e-02,-1.432135581573011282e-02,4.481945263057404011e-02,9.535308446136600904e-03,4.030998494826541767e-03,4.718617462325535097e-03,-3.526044442557458442e-02,4.301521082326180412e-02,-9.262111193094049733e-02,5.117989323746818808e-02,6.348345749183588460e-02,-5.855844080039748940e-03,-1.700333926525624331e-02,2.485872807736515255e-02,-8.966383974753026204e-03,7.078027080913432134e-02,2.208261611473877686e-02,-2.743907461606561599e-02,-4.039343400478477564e-02,-5.243442935496505503e-02,-1.944451045701927477e-02,4.942838303572279213e-02,-1.586580499853897444e-02,4.148398628584940365e-04,-1.228619480599219514e-02,-8.824930389913930584e-02,1.863223740852557693e-03,6.723785480374813196e-03,1.149068841579090929e-02,-1.547897741534569847e-02,-6.197455443240165729e-02,-3.491894936244516190e-02,-1.494449175787329479e-03,-3.822766658300388171e-02,-3.878041116117551812e-02,-5.005630188091486675e-04,-8.879713723527817015e-02,-1.748001838113716995e-03,-1.838149905532050765e-02,-8.324137436135584794e-04,-2.092035309255440081e-02,-4.939410218122827941e-03,3.088521773199843883e-03,-6.909024763729708363e-02,5.039407675871019482e-02,1.707240584380220402e-02,7.142113307362078778e-03,6.916540433446137504e-02,-1.412232996362425275e-02,-3.321660197462821852e-03,-1.422903183669893719e-02,-8.371162000524708449e-03,-2.459953532263672773e-03,1.701898555904240301e-02,2.763543587218531689e-02,-4.917451199280888086e-02,-3.055154769046089513e-02,-7.198987916291194056e-02,-6.163790544493151502e-02,-4.312133340190697078e-02,-2.771997279694253871e-02,7.484542486344408774e-02,-6.812694585129032421e-02,2.281337910212530382e-03,1.285988183726012243e-02,1.972598825193698155e-02,-1.055100626328612512e-01,2.310792832155034518e-02,2.003778926780168043e-02,-2.335955544029727493e-02,2.373269689920882303e-02,-1.157102111746910467e-02,4.882692781688843797e-02,-1.197366412414428184e-02,6.130885740509287550e-03,2.906961804030185059e-02,-4.736942638076245549e-02,1.022827277387214004e-02,-6.417162716581850668e-02,-3.125628782699375191e-02,3.996051280198058969e-02,-2.455708211744749014e-01,3.338606760853220223e-02,-7.416566255110783323e-02,8.321741847672623621e-03
-6.388221035019424343e-03,1.341747499223565863e-02,1.533837300385503151e-02,-3.441893629835040408e-02,-2.172980569763341419e-02,1.018030116009184527e-02,1.113398483138057088e-01,-1.390672932647789468e-02,5.366551575290073178e-03,-2.608378446046180285e-02,-5.248606073356924112e-03,-4.167551668280943845e-03,-4.735915308916885391e-02,-1.823581490312303072e-02,-9.139961988605758980e-02,3.643660644917837144e-02,-2.275452095625634871e-02,-1.479170773314453756e-02,-5.181687261707313731e-03,-5.731349617590582313e-02,4.715566874297309752e-02,6.690153732031010360e-03,2.304348069537675431e-02,-7.935804036744219248e-02,1.511272486311570360e-03,-3.958322883891661481e-02,1.699133583076175430e-02,-6.585521223020150694e-02,-3.653852023797694686e-03,2.760247072625855724e-02,-5.976583485250219069e-02,8.816556171957402877e-03,1.044344118276116090e-01,-4.316151191516297975e-02,6.374465340354786014e-02,3.793802401827394040e-03,1.591341013771731261e-02,-1.339780726314338324e-02,-2.344076886660182227e-02,-3.185987296601617766e-03,-6.097698538866553469e-02,6.579565976782447353e-03,-6.194170236717423152e-03,3.192083973688310261e-02,2.433911863859710735e-03,1.943297685079813791e-02,-1.283197943979861796e-02,-2.672547362141004194e-03,-1.710044994044060754e-02,-1.288735939729976560e-04,-1.633684855380095405e-02,1.340916178050451102e-01,1.761567113619450994e-02,-6.953846532093223287e-02,-1.227527441466969363e-02,-3.298004433388764672e-02,9.705844364960336838e-04,1.137115027943417372e-02,-2.935994707179232985e-02,-2.866459610985764433e-02,5.692551080199975688e-02,2.917137460569846699e-02,-1.733496060324283064e-02,4.406718182162476516e-02,-1.849013644417338287e-02,1.341666257639352426e-02,-1.949522210989128312e-02,3.776082611680667278e-02,2.941380714764035148e-02,-1.053970252776662009e-02,4.872145932765693278e-03,8.918320888024116461e-03,-2.644155069533063798e-02,-1.624566772451668806e-02,-2.417868118940350725e-02,-1.931436996027017725e-02,-9.452745996647227145e-02,-4.189753226240799239e-02,-2.065309963471414177e-03,2.350759332545463570e-02,3.668328632558649077e-02,2.788031821237689153e-02,1.065529744705607552e-02,-1.834040825909478501e-03,-8.337697082979035612e-02,-3.545063276740509361e-02,1.431045100743442815e-02,7.518875706036125782e-03,-7.357768349754942316e-02,5.916441038586550683e-02,-7.497882816645384807e-02,-3.050937449346577748e-02,2.161863358292131707e-02,-1.949686563889489396e-02,-3.838618858703284759e-02,-1.097082928423035939e-02,4.418794953352962740e-04,-1.318551589290699599e-01,-4.524471923097728859e-02,1.315253451920546206e-02
-2.789092990355142906e-03,-1.596687338570756953e-02,-7.967532827365644138e-03,-3.023037301471968169e-02,1.689398197934084342e-02,-9.448996104701705423e-02,6.869494698166686564e-02,-1.850188428631884680e-02,9.287142963294272441e-03,-1.841373892863518158e-02,-8.029280767135344582e-03,-5.570996737411503669e-02,-3.721577208722340411e-03,-3.620312084095423516e-02,1.901159436940468711e-02,-1.046655138911253141e-02,-2.222885158806942930e-04,1.244036272791354883e-02,1.429020970876870335e-02,-2.420788169168624094e-03,-1.228090896363589167e-02,-1.610532497879325897e-02,1.140968049417940833e-01,4.170350506213317543e-03,5.401742395836287534e-03,3.038083259925803206e-02,-4.026463453628918027e-02,2.045140865416610054e-02,-1.246357848586711857e-02,-2.416776834230276172e-02,4.757843041761276870e-02,2.152746364990823849e-02,-2.730229648857358110e-02,-4.720119986613088847e-02,-2.068257091389739608e-02,1.556021440111886832e-02,1.181207214064050186e-04,2.131778813420625099e-02,2.710786446787485232e-02,1.755515799214425743e-02,-8.277636615468883519e-02,-3.628329064001779153e-02,1.869060830885347843e-02,-1.389642248516199767e-02,3.801844840610336951e-02,2.233326256155987802e-02,-2.040570266415681761e-02,1.073535665702849730e-02,-2.214215042134856301e-02,-1.852833375008661188e-02,2.821344162522091553e-02,-3.311296889160081358e-02,3.896408080220135906e-02,-7.073694596436660986e-02,1.861457475640476353e-02,4.657448223258396636e-02,6.425851151686216324e-03,1.162322146354693303e-02,4.200143052405893446e-02,-2.332137236134340652e-02,-7.096159614030922436e-02,-1.277715993568905029e-02,-3.822376198068409142e-02,-2.138091351943415680e-02,1.331701212071288070e-04,-3.229556993488808675e-02,-2.084141189211505957e-02,1.712377837522328222e-02,-5.486887411310202578e-02,5.292044990450843478e-02,-8.569538723878220021e-02,-3.808050602339593110e-02,-2.544337298563879163e-02,-7.867167240711211984e-02,-3.299549458377085132e-02,7.010835755211085318e-02,2.798598604992694194e-02,7.679916361820936233e-02,-2.155918680656654374e-02,8.215392313448494771e-03,4.799134486968787382e-03,4.644299765271467373e-02,2.154534000755525466e-02,4.062865053918308239e-02,-1.956753440217896128e-02,-1.215199355980274287e-01,-7.845325249979509530e-03,6.498184028514764066e-02,-4.088915829825983533e-02,5.445456197741205956e-02,1.974285517750166193e-03,-3.605249576013443841e-02,-3.853076518660411565e-02,5.155847486233178234e-02,-2.223822324430657985e-02,5.178665590311514605e-02,-3.620286438616056139e-03,-1.088031348328754970e-02,-2.776813263560880540e-01,-1.003251240118496063e-02
1.325006348532340242e-04,-9.094642341700154287e-04,3.587857166174067414e-02,-1.410033859407250692e-02,2.259267585978547155e-02,-2.244271080111412409e-02,-5.372050227638822811e-02,-7.542356315128712074e-02,-1.437691164296414914e-01,-2.408451050392383663e-02,-3.331203511190602897e-03,-4.560508389303338100e-02,1.598763563358985076e-02,-4.907984231760290084e-02,-1.372904515563052319e-01,1.357192327720226944e-02,2.680175742081435455e-02,-2.651844898303533718e-02,6.196326331804043706e-03,-7.780489430039921883e-03,3.063697508351899412e-03,1.781752642362257819e-02,-2.806227325574905257e-02,3.983016261058500151e-02,-1.739049084096961489e-02,4.978989912313930635e-03,-1.157257978719841533e-02,1.301877210900193212e-02,1.666765413799874834e-02,3.233916985977463611e-03,1.642993806217226543e-02,-2.191720305196634411e-02,4.385268920999896292e-02,-4.687330870477660061e-02,2.461237703446762445e-02,-1.629589695791488352e-02,9.482797407935282183e-03,5.027607415107227667e-02,-3.104894174275239782e-02,-1.488456019959256450e-02,-1.289290439970911667e-02,-4.040580112346806724e-02,-8.580355763718520296e-03,-3.772618617677647723e-02,-2.937108168356563839e-03,9.555050627371844407e-03,1.464959449975434397e-02,1.448437583281345607e-02,-5.140710812532053170e-02,-4.610765237825790314e-02,-7.728834344461393835e-03,-4.306032982534027664e-03,-1.223841062220507210e-03,3.542100230342679762e-02,-1.544623433812242382e-02,-2.126247058225964881e-02,-2.666860287912015473e-03,1.389137944334772889e-02,2.012181615290112996e-02,-1.946398419018907991e-02,-1.194557669044546758e-02,2.931146377410700360e-02,1.594177200139930764e-02,1.829425932026640042e-02,-1.130339885321753751e-02,-4.776623788924423859e-03,-2.223487471423338940e-02,-1.143155574248901594e-02,2.771894521711199422e-04,2.465399638930601198e-03,4.198100770891433076e-02,-7.810377203665816274e-03,7.470952493050535617e-03,3.163563862297915502e-02,-2.026302322291321720e-02,1.493084326927136829e-02,-2.247966317257093019e-02,-1.408230993607620385e-02,1.097268705858392944e-02,-7.933772164684493866e-03,5.755012591387425464e-02,5.613885495132191206e-02,1.058362122704448356e-03,-1.405815223149429333e-02,6.960882191891012982e-02,3.222433974919414190e-02,-1.363502094074914989e-02,-8.191154691754472250e-03,-2.030782647806124094e-02,-5.588772441382033190e-02,-4.948695695899334862e-02,2.388624796419057741e-02,-1.113962726042158451e-02,2.344419682243307351e-02,-1.143240526056497897e-02,-1.241122095672725703e-02,3.376956768931928254e-02,-2.356241012905106041e-02,-3.609802895507895071e-02,-1.159877836917626130e-02
