,time,species_0,species_1,species_2,species_3,species_4,species_5,species_6,species_7,species_8,species_9,species_10,species_11,species_12,species_13,species_14,species_15,species_16,species_17,species_18,species_19,species_20,species_21,species_22,species_23,species_24,species_25,species_26,species_27,species_28,species_29,species_30,species_31,species_32,species_33,species_34,species_35,species_36,species_37,species_38,species_39,species_40,species_41,species_42,species_43,species_44,species_45,species_46,species_47,species_48,species_49,species_50,species_51,species_52,species_53,species_54,species_55,species_56,species_57,species_58,species_59,species_60,species_61,species_62,species_63,species_64,species_65,species_66,species_67,species_68,species_69,species_70,species_71,species_72,species_73,species_74,species_75,species_76,species_77,species_78,species_79,species_80,species_81,species_82,species_83,species_84,species_85,species_86,species_87,species_88,species_89,species_90,species_91,species_92,species_93,species_94,species_95,species_96,species_97,species_98,species_99,ground_truth,timeseries_id,noise,n_species
0,0.0,0.04,0.08,0.09,0.06,0.06,0.06,0.08,0.03,0.02,0.09,0.06,0.01,0.02,0.04,0.09,0.09,0.06,0.02,0.06,0.03,0.05,0.03,0.01,0.03,0.05,0.04,0.08,0.02,0.02,0.02,0.02,0.05,0.01,0.07,0.01,0.08,0.04,0.01,0.06,0.01,0.01,0.08,0.02,0.03,0.02,0.05,0.08,0.01,0.01,0.04,0.05,0.09,0.08,0.08,0.06,0.03,0.07,0.06,0.05,0.07,0.05,0.07,0.03,0.03,0.08,0.09,0.09,0.05,0.02,0.07,0.07,0.05,0.04,0.04,0.05,0.01,0.07,0.02,0.01,0.07,0.05,0.09,0.01,0.08,0.05,0.09,0.07,0.03,0.02,0.01,0.08,0.08,0.01,0.08,0.06,0.05,0.08,0.02,0.03,0.03,100_sp_gt,5140131,0.1,100
1,0.30303030303030304,0.04267167086190787,0.09731725471821709,0.12921130570603837,0.07998211901706122,0.08266443956981255,0.09477510855742861,0.11150465502377305,0.03691817649999362,0.024744025059781502,0.11346245803948432,0.06415412868738113,0.012948240510983342,0.02074850668687386,0.045373580796278,0.09025610616441032,0.08030778984169114,0.06063608978449025,0.02161071587999631,0.07228715755372742,0.031516057127065865,0.06088529052137729,0.024957904070984468,0.012132918767155169,0.03291691636259494,0.04896829547245433,0.03852068595118746,0.08080303780937409,0.02244150604506886,0.01939640155098299,0.020358049192042402,0.021639524393827984,0.05219337565978436,0.009332203643140151,0.104998290070037,0.01175616770586116,0.07149827610071184,0.041998996696857624,0.00953620333575472,0.05748746638550428,0.01063297713101112,0.010543232423801343,0.07070681511964594,0.019911964909414367,0.034105741476325536,0.01748157927698219,0.05257227679520862,0.0957140046167127,0.010364628898155067,0.010649100872201556,0.04979711216428437,0.05508024627641302,0.12094782801292735,0.07050074720587296,0.09063594122135299,0.05978464360813961,0.037921460477279824,0.0677177281536717,0.06622440563136707,0.05199142375551476,0.07891473780537797,0.057921836225371066,0.07931748695530422,0.03575449401196488,0.03046652883290836,0.0776327077350369,0.1029863674583302,0.11498440846780766,0.05272580771471934,0.02284990398959837,0.0768010090119506,0.09481963452703739,0.05205473257719093,0.03685492145128957,0.04909646447046252,0.06148368590315573,0.01002426919856071,0.09035881224143419,0.03141423974975002,0.008986813568042434,0.07219085111659902,0.05660471191591588,0.1144599394497667,0.010461905383240428,0.10053156548767009,0.06101887909581585,0.09819646186914538,0.06413279189506611,0.04072807957365896,0.017614922652430913,0.014126596413716535,0.07931971601219588,0.05774061162867292,0.009686673061693182,0.0805766952259884,0.056952804007509544,0.05784568883416096,0.11213402345634722,0.01990340744094205,0.033562189822824065,0.032386973794507536,100_sp_gt,5140131,0.1,100
2,0.6060606060606061,0.04170006831780961,0.12580424923554695,0.18484354518338644,0.09859786033560951,0.08052210335970099,0.1107695913271316,0.15208293768406456,0.043559757691704094,0.02979641747208825,0.15260706788913977,0.06264628538877094,0.013509083359830575,0.01952065822324391,0.04961457501237488,0.09496268734128993,0.09188898189436796,0.05757624821337248,0.01991489433215582,0.08102771955504665,0.04036634202700021,0.06274016849886845,0.025726649921188987,0.014955698989974169,0.03640930924477178,0.04753138395693955,0.0353456990737256,0.07684987447249035,0.02035186231093626,0.01938870334412611,0.021527231378836942,0.019625097711461988,0.06528818815557122,0.009860351472193123,0.11841828197614472,0.014068637608140321,0.07908509954253082,0.04155087924789665,0.010324170460818596,0.05162172934417032,0.009280947944671138,0.011622211753042969,0.06365606759693752,0.02105302872285428,0.042357461108347656,0.017800099503646763,0.0628901730766402,0.09813293571147429,0.011470044078029883,0.01307921982958405,0.06994490199453965,0.07633253795485,0.11842668140815969,0.07972552394094677,0.12624217730756745,0.06334289756030677,0.05197558017842211,0.06810859988510178,0.07543480621727652,0.05100371452791375,0.07589276946394476,0.055634181466939193,0.07920349750551534,0.043152207467948525,0.024766042053712908,0.07496053169327486,0.09157855526229566,0.12504519438688327,0.06300740254517423,0.0253384754559832,0.08488470212728817,0.11057389992691678,0.0537398604312629,0.03794898241635462,0.04891890883383818,0.06265730178404409,0.01364651478046341,0.1122373063636676,0.04325453085414174,0.009872831887960974,0.06925228122835331,0.07034871476587881,0.14317910061251068,0.008985370602012939,0.12273316271229394,0.09225604701423416,0.1067545493061369,0.06866481712020496,0.05084432494576952,0.01748839982213583,0.017375400971175046,0.07909738365243815,0.05297103916085459,0.01011104007823138,0.10071257803590118,0.06043912748811854,0.04836609395126899,0.13912747005577192,0.02290659686213412,0.04049154575340365,0.029575505718276364,100_sp_gt,5140131,0.1,100
3,0.9090909090909092,0.038736014662740986,0.1264125697025138,0.26626611623475066,0.1221878280443156,0.08384002058150851,0.1602350006365504,0.21807465344274363,0.05120403019533574,0.03635466143637683,0.20888897299739115,0.06244647393113403,0.016665109802807287,0.019904858407175697,0.05619264580653033,0.11650342824220815,0.12350352881341774,0.04520100183230761,0.020688614452944346,0.07719700238627306,0.03525313295858991,0.05680487316412557,0.02237268066292099,0.015616248317165415,0.04548771837774633,0.053628740082211676,0.03666467388303185,0.08260437530802754,0.02406090547283981,0.021026012426468874,0.020643763958594744,0.021674329867346933,0.06932788794968635,0.009888122392796118,0.16882236437732162,0.015169729737144273,0.07087944544449878,0.03993226012077816,0.008573385636932412,0.06738154224514455,0.009045323693680166,0.015640908739448595,0.0541681112063376,0.017838756946266684,0.0472994820081822,0.018967852427914815,0.08042851273330537,0.0899142545672604,0.012581159584553015,0.016818812995328947,0.0937713293686483,0.09595227299874645,0.18024206321872946,0.08980006714164464,0.16455057835989023,0.07067438698190548,0.06507649369579906,0.044333392394773075,0.10207560941904993,0.04747556642420306,0.06949544581929959,0.06907856469760876,0.08338640193294325,0.053847487617680545,0.0273770692427615,0.07178367142437313,0.06992020893644943,0.16078012667641808,0.0636370558640445,0.026871331235811844,0.0958244076971077,0.1363054396990758,0.05304821772635671,0.03462605447743151,0.05652204552105789,0.06937298950217229,0.013618998846499288,0.12917087987738585,0.0583075092508106,0.00903061453612458,0.06735925198650447,0.08674096585551212,0.17430708825948935,0.009338040758834706,0.17501240988113517,0.12643549503647236,0.140573551598902,0.06305720612399267,0.08260754294391698,0.018134234401892605,0.023315861918372666,0.08553553354087132,0.05478468989875344,0.008294516916294712,0.113349503557818,0.057475817110455546,0.05444107828581271,0.15515242076487654,0.026837232957623417,0.044508050320969356,0.03221457267323009,100_sp_gt,5140131,0.1,100
4,1.2121212121212122,0.03777471570753172,0.1619761176622694,0.3651142587824048,0.1519992745541081,0.09863208019096478,0.1977675790035713,0.28315975497088136,0.07296139667845129,0.05576857939255981,0.2527282991150479,0.05276013371246828,0.019400484175985798,0.0220947724819678,0.056642862995225265,0.13605297361814217,0.1439938970846019,0.04616364697586192,0.019687848687671178,0.08541698323529931,0.03554188226947928,0.05283385719946245,0.02261801324742755,0.019028226701757578,0.044488875735677516,0.04743726648294415,0.03895072087818644,0.08380066407917137,0.022525656892701532,0.021152332536351005,0.023147931879035234,0.025952690403804445,0.08340281309369474,0.011793290069887906,0.21051474555001898,0.0162355570283699,0.06870143329396375,0.03847887303951275,0.00933963245927456,0.07275163519586993,0.009756492782013716,0.019339007200206256,0.053981057262107016,0.020795118087316555,0.05288821737832521,0.02192935568087327,0.08030783264663056,0.0824821056082766,0.011611275331833433,0.02055864420268501,0.12053844919375531,0.11563959788345284,0.26875931679781495,0.09477941653350401,0.2228823968221105,0.06724511037508661,0.07812686994645676,0.03924509882433473,0.12353181276435458,0.04614638559485685,0.08130084950208835,0.08773319228398946,0.07683014952023827,0.05790706188716223,0.02592425800276192,0.06289191175675608,0.060819332243133364,0.24671324992876767,0.06889965684155415,0.024870590102688602,0.0933199096818692,0.12379467935699148,0.042020742231051296,0.03621408560461206,0.07005668141223126,0.06779218662719623,0.013846753421019327,0.1528422511847974,0.07428360624903811,0.009477892327729557,0.07708504971990793,0.10498376687451227,0.1738773899198551,0.008422631804695636,0.21151443397695813,0.15266481515610691,0.16310314047608293,0.05483777898126152,0.10558495198974997,0.020997491334435923,0.0320860474646596,0.07757884422636,0.05692294791198297,0.009269369727732062,0.1335267745201305,0.050527218499996134,0.05991207319000924,0.18202948137419686,0.02815439562186988,0.06551197631389602,0.03554157875264467,100_sp_gt,5140131,0.1,100
5,1.5151515151515151,0.032254224279407745,0.24176919571484595,0.4845589554391518,0.14291263965330173,0.12403915219832838,0.24432509413014372,0.3355657271339509,0.07723262372301916,0.08989160039441076,0.3199644893613417,0.04920024058212434,0.020859736490965557,0.024204237848684942,0.051918412642601296,0.18238240981374124,0.13978393019272567,0.03879349208614959,0.0217459156042861,0.09944519422097772,0.040295926098966664,0.04280986550796678,0.024567150493022123,0.01983504712521177,0.04760443838108142,0.04804540192156225,0.046257980489532044,0.07791113947978218,0.0221305865656495,0.023619264223830743,0.024671915660668994,0.029871450136760784,0.09985651427075092,0.013474199280079199,0.3320534527737541,0.014519616497082135,0.06432772139953544,0.040484940492835755,0.009817667425817555,0.08427866331730587,0.00904274326714944,0.022712514741773115,0.06079531668640828,0.020348339148566864,0.07246399986467245,0.021392520016824842,0.10258809269792833,0.09727373462752582,0.012680944638364635,0.028178755480589075,0.1729959629097991,0.15540311256131698,0.2875209073106604,0.09890231174994547,0.23218213224952483,0.05913081462722863,0.07942051155518175,0.03867926672932237,0.1649650810108462,0.047313012229852895,0.07607972290493346,0.0971725277071321,0.08042419112988787,0.05992471800779738,0.025804704502889627,0.06501744046519112,0.06353940764189774,0.3576809270698141,0.08490939010579102,0.027533067437088443,0.0759836971500887,0.1595580456202849,0.04726572885794145,0.03449228587705014,0.07937534946683325,0.06872933492423805,0.013668772492823993,0.1584669261771001,0.09492248443161204,0.009520051000551664,0.07183214885802967,0.11596627825900332,0.21626737024304357,0.009268644936153184,0.2703171583660017,0.19041093453732555,0.19249284811062248,0.06080107443915695,0.14651590600034392,0.024735902994750824,0.05042034068073724,0.07104767168213728,0.0570714382504428,0.009371003555909639,0.1503339054951804,0.06704439309025241,0.05375264770771855,0.19754303299407225,0.034861791923522345,0.08336831553786918,0.034527605436962885,100_sp_gt,5140131,0.1,100
6,1.8181818181818183,0.024797846890937395,0.2989615525847869,0.6231145782212737,0.17259202798934672,0.1417146316227662,0.26673137120257545,0.4367031798966137,0.08607692161520566,0.11489812600916072,0.40366220120234214,0.049895514925222706,0.023256460301025992,0.02634570914807076,0.06155683654513357,0.2197697998937406,0.13315812284840203,0.03683546951811255,0.022784151274052485,0.08861909153878725,0.04517734220549514,0.04530439918082904,0.026486155574957666,0.02192839206386711,0.05001659917926879,0.04333049785704378,0.04046119111963517,0.07519912452363266,0.02149567422674012,0.02317907727299126,0.02575182205321401,0.036085605788477554,0.10298891320859355,0.01611231482898428,0.4068527039827411,0.019583229416580864,0.0751340525180195,0.0416672838762973,0.010024495388178869,0.08714789978885026,0.0097299527865529,0.029112230293638672,0.05356406308453003,0.021767505213405532,0.08604090990772033,0.0247047182678717,0.13428902766309558,0.09450607191188112,0.015963538299573154,0.03427977677864947,0.20629860293358593,0.21829349629477557,0.35882104665295533,0.09589319793578013,0.27757620247759823,0.060886198014341184,0.10174864972630004,0.044418273847577495,0.22355759022272462,0.05429464070395993,0.08171631680013106,0.09481798641214811,0.08705691891935473,0.05293487195443263,0.023421450105514996,0.06280265286987767,0.06040555642182999,0.40653670505296174,0.08780779027185408,0.027665675953785197,0.06875704910521785,0.21202655744507676,0.0463415137120833,0.03284465461230343,0.0935454560118883,0.08444917923843981,0.015880640694598464,0.1679497306973936,0.12156473670676336,0.01156634956045539,0.06835797811193849,0.1454920949391541,0.24961515702684897,0.0082672019202057,0.24390411010661184,0.23788963411809194,0.23215776935033428,0.0533891776836202,0.19040684106458117,0.026866922942519703,0.0634818453238395,0.0773034308008908,0.05648913190221331,0.011513814769906044,0.17066705157212195,0.07185284553247698,0.05654792130863678,0.24201976205787412,0.040642780230823065,0.10721501594511586,0.02890411104660196,100_sp_gt,5140131,0.1,100
7,2.121212121212121,0.021264867880130284,0.46290476312971207,0.8618788283360718,0.19754398798732767,0.12247558352881137,0.35219520610313565,0.519290171691001,0.13909354620186284,0.20021393419696207,0.49913662695861283,0.047096303788523745,0.02667677798216298,0.026478089158697732,0.058328934956825514,0.2594455252753705,0.13735003275852578,0.039290600370695615,0.02347130365669332,0.0852944648348791,0.05241755398028278,0.04181228890247598,0.026158892276163578,0.020393960631653447,0.05154357854155049,0.04479473285246258,0.046603678614800546,0.07576770833568333,0.021942648312785976,0.020722342059135583,0.024788761464355488,0.03869116925726616,0.07019161057790346,0.015330874459232922,0.4920505230215676,0.02494546585807978,0.0712544974774094,0.0494804184510519,0.01096677866061759,0.0938751087042225,0.011746292806639337,0.032555218849378786,0.04743553155376701,0.018011128541723542,0.09566659062637337,0.022788946997694404,0.15061799854200106,0.09991137950103365,0.01823008161156949,0.03975044418762523,0.2600794976135913,0.21695093346299058,0.3948984589266366,0.09879259210786805,0.331099206968522,0.06827248419827561,0.11137423784417778,0.03987650060342901,0.23075058464741338,0.051952988901581953,0.0832051974265173,0.09060483875071351,0.0870478350534905,0.05714090173396834,0.021353855754862847,0.06551928004214709,0.061464508963178316,0.4835605346276642,0.09613412495136348,0.03195466085895535,0.08111024903066331,0.2689750574411757,0.04568062124002047,0.029349764480042232,0.0968142344946514,0.07895187645508847,0.013607557985622498,0.20827809857613766,0.14533315017305284,0.012507941906743295,0.066047251290706,0.13710009277432544,0.2797845028694778,0.00892933309623995,0.31897273012263466,0.26928936087620253,0.26768801588448876,0.047911101881777454,0.2451257409973013,0.02743561453321586,0.0943006003589572,0.07856706507830091,0.0591306701957826,0.014094355677066421,0.1915535881010878,0.07217946297848435,0.06686615245120543,0.3081633125791969,0.05011121070668867,0.116395953818142,0.026433937193908803,100_sp_gt,5140131,0.1,100
8,2.4242424242424243,0.014427797968842034,0.6796658199834863,1.2060582263841932,0.2467762515084992,0.13145653612410976,0.3767810321101034,0.5279473380051751,0.21208354023176446,0.2522068610926751,0.6103975504805392,0.038260518193676304,0.031165511804315194,0.035420177029277466,0.06130193216483974,0.31278799336522917,0.13566067142562824,0.04165089347100522,0.0232660732144435,0.08692162652506347,0.05568498071045102,0.04167191830520104,0.027349906760125834,0.021356589196533347,0.057259929112689324,0.04935078736413833,0.04678434756308307,0.08142786652750904,0.020184268418626385,0.020663548119508473,0.02898637040896978,0.04219304007927425,0.0813310402726916,0.020016757970475498,0.5038341678997968,0.024906005340023508,0.06621906136787577,0.048054974751049674,0.011146129949189723,0.09695591213433995,0.014090018467486174,0.03967652537642371,0.03900739383197473,0.014867869512137961,0.10816609785420915,0.02734120168029452,0.1473656118449069,0.10111388804106357,0.018145012268114352,0.05281125900348792,0.27872225457921995,0.21900341630499243,0.435946286160483,0.11830329464148712,0.3477644478645455,0.07272680714030849,0.1519047033473177,0.03699229587827436,0.22858780122029007,0.050057824317370665,0.0958740344089092,0.0987798327549347,0.09611382784279714,0.06846553679492222,0.02290047075632398,0.0769534055636119,0.06206113552930589,0.6027814089391644,0.0955982358854782,0.03263437828783569,0.07186993212668649,0.29356292377646226,0.047220164895989215,0.028946416726413366,0.09556966626807958,0.08097688627570057,0.011450974882548835,0.2223082179142127,0.18419882615785546,0.013143594517901721,0.06243844286785188,0.13194083176849147,0.2792277131187971,0.009103781571495072,0.44720920955608207,0.3172923380035719,0.2931940438283049,0.04714665894514033,0.29213736322652356,0.02908796005121682,0.14224922380335803,0.07809451485838384,0.05904164648317547,0.015507951840151222,0.19188038874626798,0.05446783189098188,0.0650486928073562,0.3922729466172315,0.06939082352760831,0.1405136612614767,0.029074060057848905,100_sp_gt,5140131,0.1,100
9,2.7272727272727275,0.010986539665672396,0.8129701234884348,1.1946854791499013,0.29989482610639173,0.13850816867694749,0.37514839309578085,0.56699619296793,0.28435876199805393,0.41212178711217795,0.6603962965538508,0.04034206668183586,0.03450225631630241,0.036120503659004266,0.055438614390004304,0.391806039819684,0.11648496325347313,0.04037304554778761,0.021615692057454367,0.08400589573632744,0.06345205444800217,0.04828144199489388,0.02862674086172315,0.020755798810718738,0.0683087738900842,0.04821395993896109,0.0482181357036461,0.08479584646522484,0.022057358121240284,0.021788378695946214,0.030906133092431284,0.037243236118452386,0.09838683938598174,0.02294107767067401,0.5357109375836584,0.026825124148532768,0.06804002048487143,0.05136757300250645,0.013634383514896733,0.09818812308627832,0.013675633962339626,0.05365892941754498,0.03568278062105294,0.01143112143319695,0.13209187410835732,0.027336810448045774,0.18413581590241854,0.11212908105861107,0.019175383410239506,0.06543168228846656,0.41051188515822434,0.3113956922030147,0.4695593335950684,0.11529034578960116,0.35615389591745383,0.07864407581272137,0.18873121254432582,0.03262241278492663,0.24705083260728172,0.05925376544266485,0.104622812309061,0.10590855434052247,0.1277585994015487,0.07033202428556733,0.02192278628036625,0.07740824275848437,0.06520667492110484,0.6789513393125625,0.07550012530430172,0.03539323054383062,0.08862750996413725,0.35354011929666646,0.04668238449219318,0.027559783934204732,0.11497240076119444,0.0734712620628269,0.012211263936763977,0.26004282477100926,0.23000260490420404,0.010017533160461228,0.05840537100201982,0.16459496860112593,0.3206003643224067,0.010195929213438934,0.45823537923627194,0.350014102769873,0.29707966900318017,0.04367947898839192,0.30592505894631905,0.03219985842994394,0.1389593743804383,0.07957833693358057,0.0661990225930863,0.019544030885245676,0.22648478681425827,0.054946385053796405,0.05783297026084687,0.41253237953986704,0.07864511117002458,0.1910553600596481,0.026819593202481104,100_sp_gt,5140131,0.1,100
10,3.0303030303030303,0.007994904747376417,0.8495406919139894,1.2333848219117667,0.3668756484736128,0.14874874538456417,0.4764038936874372,0.5525251616122182,0.42258780559419123,0.5407207808084985,0.7802774227394399,0.030870326441010777,0.03978617661366222,0.04044976967831284,0.0687096679072276,0.3347727522782355,0.10941079734559636,0.041893015721404886,0.020551428945180708,0.0795892837783319,0.0826908978949043,0.060032124454140405,0.02788080001201053,0.024322935448472156,0.07538436694452179,0.051543193965561736,0.04673892838286574,0.0967043627928102,0.02494558412758912,0.023088661675680855,0.034930273285343316,0.04239889426656546,0.09596167038796001,0.02505518175735824,0.6140090680097797,0.027479227417165693,0.06995398376229625,0.04907737832902025,0.015433813558910825,0.09043706337584126,0.015673222981571068,0.06497924443839771,0.028061347397842655,0.011412597488020811,0.14281756312912824,0.027513057323575944,0.17965383604454105,0.11372686855264993,0.01823180697481281,0.09320390394491597,0.47534452890261286,0.39057221479785176,0.4262750718097727,0.12889021507665652,0.414448340169822,0.08098333462296148,0.17345493902181341,0.027618225108355106,0.3312581318110716,0.061108277663344195,0.13271436156925479,0.12863352126187416,0.11633629201773873,0.08797636305160404,0.020034261774599132,0.06745312990273283,0.055893821050004774,0.7801292411573216,0.07179320894592839,0.04499046947194516,0.10397647414226655,0.4261166436703729,0.04861080697589162,0.030674933567912507,0.1253943619861126,0.06781011599929783,0.014617752292338037,0.33215286244966513,0.25966097303526664,0.008993953192407329,0.057734599778606045,0.17157959001806738,0.3918806472662954,0.00955436687458895,0.5241283747147275,0.3691144300877951,0.29846154714234924,0.039283422074721096,0.3384071080868208,0.03914403085257113,0.19411621992920336,0.08585623739740053,0.07327334494502272,0.02073277499529914,0.24541793831845798,0.052115969640085205,0.052069866677067235,0.47831850438703694,0.09352727492995778,0.2050134911107221,0.02228191916531907,100_sp_gt,5140131,0.1,100
11,3.3333333333333335,0.005935550751600294,1.1231826518802555,1.4235527200841234,0.45801546601259213,0.14927196779454865,0.5767042003101355,0.6920398990493914,0.5484353157173177,0.6715646440765007,0.8396976203799387,0.029644527638912583,0.04355683728213386,0.047510111907619904,0.07643497894757953,0.33276754061984565,0.10495525946598191,0.03398426838263641,0.022729916265468105,0.06885462673148998,0.11195787606900529,0.06555818356523054,0.02809251051053942,0.02568754199150036,0.08645997276146951,0.042060519982058245,0.05193736822911634,0.08247178930697642,0.030769564861788994,0.023969541337371763,0.03395452439790213,0.04374589834965183,0.10677669723587337,0.02859290944602238,0.7538273538304792,0.032665603499288084,0.07386542231962762,0.05917613300454157,0.016095468871386468,0.11125692988654477,0.018047435776865874,0.09077426894657263,0.021850423338492325,0.013045814056816782,0.16449334008948535,0.03287012561138181,0.20433439831613742,0.11445636615378767,0.018645354616113267,0.10643716164455407,0.5416838008108646,0.43841266714932153,0.4870754494784474,0.12220713397623474,0.4575738798305755,0.07773839868476114,0.17008893605469014,0.023549692884636896,0.3189755756852008,0.05713065081253133,0.1318587840774849,0.1555149698858831,0.12624493048485286,0.08676158329851129,0.019489889560173005,0.06580259258971517,0.047753915836443145,0.8205027800008453,0.07078441453648614,0.04968161944055765,0.09708604376993069,0.46286430531198824,0.04142599558201693,0.03776986558154648,0.11189575037332514,0.07747982397553967,0.014965334392280066,0.38561666838162223,0.2916838494247156,0.009771277109490672,0.05628806174907824,0.174909584575481,0.4252244006109303,0.00988006626243526,0.4982036566743889,0.42953204674706214,0.28596041705421377,0.03567376986665735,0.4303500058549574,0.04464302422219522,0.23445336271546188,0.0992002899311071,0.07833983738954814,0.0184789518130212,0.24979089270679913,0.06398760653808887,0.05300844825813811,0.5706047219775338,0.10940520028429573,0.22231206972748965,0.02065279485326484,100_sp_gt,5140131,0.1,100
12,3.6363636363636367,0.00448420483216871,1.4070333631329754,1.6761346575088096,0.4900923356076436,0.15328518995007556,0.6173803647946197,0.7132406672206487,0.6876946594891475,0.7113442034109281,0.8903778805388978,0.027011895246395187,0.05070979824883167,0.04736825881471356,0.08991898243664943,0.4612271655830821,0.10559541002424819,0.03167628031514603,0.0248000058256322,0.057338101588251734,0.10009899336607292,0.051042114599604824,0.029515197960370713,0.025428483089694025,0.09378540102851184,0.04315015043933573,0.05432222406236969,0.08823553051194344,0.03259981637528459,0.026332663472307154,0.04668699751186773,0.04597661783926326,0.08354497039508614,0.02914517808482072,1.0371114749010721,0.04483717570904579,0.09195946416075132,0.06445012496201442,0.01652829566103277,0.13301353008048433,0.017857468208337605,0.12362387405534937,0.01841040957439624,0.011049996187743816,0.22104102946799487,0.033100858313088746,0.2506589733347255,0.11826066945960254,0.019666547431034485,0.11309818069078433,0.5439337371531677,0.5173485036419402,0.4961912038146778,0.1434813698312025,0.4207057450817306,0.08777803731166783,0.19131823761024289,0.021700095791214596,0.41143253889693226,0.0650458201484127,0.13232275077514488,0.15419921940818693,0.13813968772544072,0.08707009866613462,0.01821717979336641,0.058433912230487474,0.03930002368476026,0.7988307036013405,0.07576245576664034,0.04423251236098342,0.0866580498515312,0.45959295863093075,0.0398208064481337,0.041405965320167396,0.11661374434123978,0.0940170699946928,0.01517577184981944,0.4068593270557204,0.3315652698952804,0.006794713584224534,0.06015225912852775,0.16028457434137003,0.41467386680167,0.009207037177157823,0.6244736361041777,0.46181384534976344,0.289473885167484,0.03932663910176157,0.4760981435596532,0.049624300531369396,0.27973186607361344,0.09567434912866016,0.06705521736278973,0.020043009177970188,0.208454504717616,0.06813383561800795,0.06023923613428278,0.46960448714342556,0.11879977839557088,0.2874486543426684,0.017726687023651645,100_sp_gt,5140131,0.1,100
13,3.9393939393939394,0.0,1.3092376810408508,1.7176746022993028,0.5180784784514112,0.13748750554564262,0.6617978622990718,0.6076396004124475,0.953770287386395,0.7639111283596582,0.9194765555909754,0.023724431825027408,0.05146931444348578,0.05080555622927056,0.10529157767077724,0.5436402191865607,0.10922198595438865,0.02613849483716769,0.024988696201395284,0.05749634574529827,0.11836427988038126,0.04805164108291784,0.03281083348968809,0.022527567342897827,0.09356307434785344,0.04184473741187927,0.055559108437551984,0.08242953140582092,0.03151346547839954,0.029494242946168,0.05134927371779285,0.04548844436878379,0.08370197528370549,0.028807306018775448,0.9602619253170975,0.05867442133331798,0.09410956044008081,0.05790573259512066,0.018111583636966553,0.1425810694681697,0.02178875766706226,0.1663381590844818,0.018241628693724712,0.011991165748848454,0.2500413913641288,0.03621692300923748,0.2882498121152632,0.1302781242750712,0.02257049619141966,0.14196027176642403,0.6237603575059523,0.5951368668321908,0.5069460357695893,0.1409204637299909,0.4062446570938442,0.08290546491907154,0.24613079372251614,0.018625528267779183,0.4433640215882704,0.0669490263999246,0.13329470563077594,0.1685025710251233,0.14297999080424248,0.08235816208226387,0.016429192204365516,0.0591277798752761,0.040272983142323415,1.0571408354713838,0.07501975872420198,0.03512869654965014,0.09420102013159176,0.49509467561222487,0.035471596400037074,0.04472453595518515,0.11239926904710495,0.1059698769209682,0.012085942670551447,0.35995931767467687,0.38692118628696,0.005975005347036719,0.048815747563530604,0.1828507204998166,0.39900482517128844,0.00882403022749533,0.7294283970402213,0.511681307986528,0.3082650100685075,0.034387635622148444,0.5266618094474783,0.06819764152771451,0.3434355061031018,0.12082407457646749,0.07825186600826545,0.025906221121196327,0.2129403822238617,0.0542311450890522,0.05960328161840665,0.5338944749828293,0.12556877759867366,0.2988319300748563,0.01580838807567629,100_sp_gt,5140131,0.1,100
14,4.242424242424242,0.0,1.4364313913591515,1.6206442817845046,0.47536809496909965,0.10963191113887416,0.7135806069571601,0.5245781378957876,1.1277784989738422,1.179475002043822,1.137113430313044,0.024253018258018327,0.05831693456991637,0.056719537165371606,0.10599194219499908,0.5195388045503022,0.12686779089597552,0.02537167759277447,0.022158418386846786,0.0482819390870365,0.13751852577995602,0.04924206293296516,0.03562367659788449,0.027056170344721964,0.09829964051747382,0.03917549090725706,0.06332043683133175,0.08002984096708694,0.037376912355954126,0.027042121463369845,0.055946424431438435,0.03849487443750016,0.08780258244178256,0.02817675578079835,1.0101749291545004,0.06857734110990077,0.08904520127619081,0.05847758646036736,0.01784146079202298,0.17259614212191476,0.024478799764055054,0.2122264351813673,0.020070415636302665,0.01206889824301982,0.27538563861561716,0.03945893981037493,0.3267574847665899,0.14259092822170383,0.02769514464599716,0.16186332788250835,0.6834148565735496,0.8208810331602664,0.5326233261419533,0.14340478153342165,0.41957064728709986,0.08554241052093832,0.24966432551868534,0.017783553970524505,0.4785921563305005,0.07784142150843253,0.15022180077133007,0.20163038622857196,0.14253505945346026,0.08264253246870477,0.019055253486334207,0.06429873812274974,0.03663302009891047,1.0876263362211191,0.0671045138442696,0.039308752249185654,0.08040553964301418,0.6182951270784801,0.03275487903741694,0.042092374613593074,0.11873866471138948,0.1167354975915974,0.011520004576108269,0.40556603959687104,0.44361845399065675,0.006009218670369159,0.056782224527519895,0.21220174576402065,0.4136472018963294,0.007671315030334151,0.8878292922984921,0.5102337020228741,0.3468135221109374,0.03134566508197017,0.548892307330158,0.06713692630853706,0.4097076892838116,0.12691552886088012,0.06691937191245341,0.02307069363649226,0.2325433144309219,0.06046817381956444,0.07101282441362655,0.527736508559422,0.13141708888439843,0.2989494684525048,0.013746346091387095,100_sp_gt,5140131,0.1,100
15,4.545454545454546,0.0,1.645612481696972,1.7024866772894258,0.5174384820641198,0.08899297711722488,0.7292002415758986,0.4434139196155619,1.4375786000821944,1.2313960518696276,1.1745801128685658,0.02467321238517655,0.0672192395072884,0.06402150122613748,0.10934476105751985,0.5510461866661804,0.13003538734786693,0.019185744862920347,0.021835035609415566,0.04863694002137905,0.1459408168018369,0.04918577655300274,0.02908150143082134,0.028133759092175397,0.12412286750829689,0.050386997670891734,0.052577576759909844,0.08557428648268102,0.05261001358868906,0.03177613351626697,0.052768928319042306,0.04006382800481659,0.10299961531361355,0.0319226631286969,0.9657947028334867,0.08820870819760936,0.08448603721552399,0.0632106756667352,0.01784628317323452,0.1487640622898206,0.02568137050832827,0.3121161106806759,0.01985012935989394,0.011067706955958921,0.2816356007374828,0.042405431010472026,0.385053393491291,0.16023599655669207,0.03236614399987732,0.20903760650762432,0.6473053775578628,0.7481703333496182,0.4544120352200296,0.147304299909103,0.44005628828933846,0.09390773250864258,0.2636585976631894,0.015242396699478414,0.4132914726671908,0.09114247539114348,0.14471052317183314,0.24304610944462043,0.14375980875384858,0.11376661505606006,0.017634560993795848,0.0712654620151981,0.03788241750100921,1.0610181673022034,0.06446485346340759,0.04194724194413953,0.08675327072841542,0.6531677288285851,0.03254309366963528,0.04164368551056674,0.1269367310219813,0.10917445212710786,0.01253813970998875,0.3680241009495728,0.5184788119133193,0.006008917512831239,0.05427934136051157,0.23838471929455007,0.37122111528811563,0.007664266127466791,0.850683277094932,0.6379583102720237,0.39072295488036785,0.02704513405139285,0.6197001067441791,0.0674268641891522,0.4364124205448855,0.14162426212770604,0.06630210154254434,0.02668211163132267,0.2529216989224887,0.060067905377136806,0.05984275595775129,0.500752429050542,0.11255761921328812,0.35084263529789517,0.013323011726418395,100_sp_gt,5140131,0.1,100
16,4.848484848484849,0.0,1.9225362859548216,1.2791721486890415,0.5454950184868756,0.0705535796985373,0.7719466343916859,0.3528199721014068,1.3237261479184184,1.2676812459806244,1.2950440256875941,0.022287974808332205,0.05724508171841496,0.07649533174221157,0.11876276827409012,0.5604206462155134,0.12299183500898318,0.021510217637554372,0.02244847752630188,0.048567004469978456,0.1799422254007997,0.04696108170905271,0.03004357738994389,0.03020441766915101,0.1322040410415318,0.051469309823022454,0.045060602353636105,0.08972608677110823,0.0666059341184479,0.031782576135711095,0.05580101466157222,0.035338939382486764,0.10818876735508372,0.040378472313794544,0.8886640905229769,0.10829716068125361,0.0736143489766106,0.06155288379709903,0.018831681648551018,0.16920060270237058,0.025326928721302013,0.34015264604834455,0.021142276835221182,0.010124626176655554,0.2811199138520674,0.04424637211382409,0.40816137643227424,0.159755570937091,0.029616515131757736,0.27312370457140195,0.6640033778058017,0.7761923284585232,0.4470106234134021,0.13465196717642453,0.4271185994672711,0.09390168827287754,0.3197537385941379,0.014313672241813276,0.4313042290946143,0.09144974560435744,0.14098244281555705,0.1976848764662752,0.13628204766376725,0.11590474441768578,0.018991429403767624,0.07505815611715354,0.029231134114934797,1.028608364245606,0.07228321683725894,0.037797189726863314,0.06992587139062259,0.769287546543157,0.03129683189831178,0.044054439191885744,0.10056558520388642,0.08923274832698184,0.011574841047603972,0.363774746772816,0.5426623036916862,0.006336597014075152,0.056151382315116585,0.22591212154199874,0.3408591231675858,0.008040267962810172,0.6500131601445696,0.5845974061707622,0.4157505704187856,0.023973587869289072,0.6656001945066233,0.08822915391184213,0.4219830707028871,0.1551114500337626,0.07064377171524587,0.02934769108435559,0.268415380072469,0.06428629923857336,0.05629571886602415,0.5536936544551345,0.1194298308051731,0.37695929064575384,0.010636802681163461,100_sp_gt,5140131,0.1,100
17,5.151515151515151,0.0,1.7915569326035439,1.2592156487681796,0.5003948530333724,0.06351915674622537,0.619252626606299,0.3169826023319313,1.2896299695136633,1.374706569238125,1.3615810654829121,0.01783203113717153,0.07424584627610269,0.05644353556665424,0.1461095203646755,0.5631018687605148,0.10878956713643362,0.019919704335061097,0.02472514996453446,0.04350188254968363,0.2328880377520281,0.04740221602379641,0.032794709681125835,0.031288518283508704,0.15658940556248335,0.04590530365139403,0.04767034510388625,0.07361229996373816,0.07718997956391596,0.03333279459117355,0.056695873446749506,0.03846889028450909,0.12189514861631735,0.04743704839722054,0.9158514880304582,0.1288664822978283,0.07770131983701367,0.05135384280492721,0.019774734040073787,0.18979597003534007,0.02592484523698619,0.43816703801249196,0.025801457337718534,0.009156070213782376,0.2939886191310719,0.038011287476539944,0.43020847193837836,0.15951419476327053,0.033272641268077996,0.3224691042738012,0.7994391236097884,0.9026581774130905,0.5120411320551149,0.1228320881521179,0.35809078133532185,0.08688522973371093,0.34319776264305585,0.015384355920436627,0.4395303509714048,0.09250329346979934,0.158903689909355,0.20071275737440347,0.13939828468337245,0.11810915967458027,0.016204424199403683,0.058081565457323514,0.026419706391739135,1.2311865053223192,0.07472221097993052,0.040613378277730684,0.06253336041894474,0.6944383514336246,0.029672727550119963,0.04699756292040219,0.12221285548585609,0.09236394447854239,0.01350750677327376,0.3169637449636439,0.5427290426315319,0.005408930252696755,0.061947348457800026,0.27773165094874785,0.36518844579006726,0.009909294193532833,0.615273657576793,0.5718977449718091,0.3992655019863369,0.021560471751900456,0.6845500410191506,0.10930248968675939,0.5155994264877677,0.17028365104836546,0.07108673255630332,0.03050936591830667,0.2503589445210626,0.0739822709785612,0.048049526039899704,0.7042845122070651,0.14738487512664428,0.3278389106157884,0.009683411234664926,100_sp_gt,5140131,0.1,100
18,5.454545454545455,0.0,1.6888871920175481,1.8938540797136605,0.5308070644258033,0.05373292868818561,0.6374088066849402,0.30031475033589033,1.277240050224948,1.5036409274685398,1.4725085680493757,0.01418371994628074,0.08886848851608548,0.06190028575357419,0.12454531137428343,0.6343771242160543,0.12335081227459707,0.01957236223316262,0.02327393665661654,0.048191015990105716,0.2517224680400137,0.043547270782842845,0.035277264365272946,0.03976825659200743,0.16278282465033597,0.05035300580670091,0.05615894294963657,0.07780698054080742,0.08729110516229543,0.037785392034145694,0.047570104891010004,0.040592077968283166,0.139477406277293,0.054724148896370194,1.0655477350945,0.15995009260738846,0.08650193203874965,0.04912128918979575,0.02130268418821599,0.20354730637387747,0.02214070820423178,0.5470908206837813,0.02639484515050066,0.009501994411136779,0.2970746529131219,0.03236512555757497,0.4039674963666796,0.16513063449581816,0.03318396408717678,0.40122546597942377,0.8348955874093439,0.9059506623725805,0.543074608598626,0.13805225473870145,0.36602333414916616,0.09621943325964497,0.37965540342719667,0.015593356455756109,0.3986647845074074,0.09723375331479206,0.1812880278507562,0.21518237383280994,0.12357311820229533,0.12659628601422718,0.013760560242946654,0.05188355090804879,0.027133137384029535,1.264503796724041,0.06950581384231483,0.04127916233416713,0.06247192177025084,0.8582279480447882,0.02423040559756665,0.04519052807484592,0.11163107286386259,0.10335677350341707,0.014018279909799751,0.3551472302408576,0.449070713513156,0.005403086835123156,0.06967679365952564,0.3053615561025661,0.35252521017431293,0.00995032245797226,0.7218184361468996,0.5908514756151871,0.3794206065945602,0.020023018769582616,0.6688508280099278,0.13087000916522404,0.5340026841845422,0.1853055620604134,0.08527555153290982,0.03491946546472473,0.2693673505889229,0.07722200335896143,0.044286821945052804,0.68937339811936,0.16062845463391778,0.38081761327375524,0.006294379132003628,100_sp_gt,5140131,0.1,100
19,5.757575757575758,0.0,1.7117404937052174,1.8237152682692062,0.5752346414736424,0.052498082575597835,0.7689420375589017,0.29198609968936723,1.501545821856718,1.6235963791482653,1.3135815977814955,0.010199376420282022,0.09965450252461461,0.06808720022072258,0.13428502385686475,0.7392711572027044,0.14182248263132816,0.017370681810523102,0.025121763748809894,0.043776636440725054,0.27997895479730434,0.04531307355950743,0.04393870696028599,0.04274137195785803,0.1784008355068969,0.049940223456313784,0.04819335650847777,0.0829513619159177,0.1138641784740954,0.043954919298331944,0.051660153650716634,0.04547290742226521,0.14314131186369114,0.05393408145753969,0.7916756239888353,0.17716393117560383,0.08680000716324435,0.04599625873131734,0.01737210421269362,0.12939019761607976,0.022626200503762076,0.533388259088214,0.033341092805678,0.007214251195260164,0.3316656547151437,0.03547818022652261,0.4101177129855172,0.18073161275117852,0.03379735565950026,0.5760651574691373,0.9298322387017084,0.9229187310607138,0.6360598986056428,0.1308258711853499,0.27335829291693126,0.09533838586222476,0.3657101812165804,0.014509476359968729,0.4262634262910897,0.10008121462618895,0.19605166043655745,0.20893185536968772,0.1270013254057772,0.14604441455886927,0.016769221923991648,0.05495997820772119,0.02571081625087832,1.140366218653822,0.06745070068693124,0.04968026405293607,0.07627493651080536,0.9133944987402582,0.021852094497133424,0.04781733027054788,0.10597602638723896,0.11231754773000024,0.011789273940588497,0.3753779940199431,0.5039791576892066,0.0052124701115224365,0.05813369484030432,0.2571218163171136,0.3293972526033212,0.011648774006727796,0.6961412256266041,0.5889839520481294,0.39509867949389904,0.016290483861325533,0.676586917317139,0.1421069454432397,0.6256410318318747,0.1993260149021437,0.09814861401569025,0.03712098109044171,0.3034246487716841,0.08030697773004256,0.04092901809117312,0.6453875109144579,0.15871390261799392,0.3424633694107986,0.0060913484376971475,100_sp_gt,5140131,0.1,100
20,6.0606060606060606,0.0,1.982587402324162,1.9049268847885779,0.5577839815281117,0.04181100588616547,0.8475055158563193,0.21601054421350663,1.505947776102498,1.4935172867049216,1.2589153212079247,0.008182373527541184,0.11715286238224197,0.09190031135831514,0.12571123933478878,0.721767624967602,0.12961046628221937,0.016117618793370463,0.027471237868907213,0.041193895594783134,0.29831465237308485,0.047658709688301625,0.037508250991036295,0.04838379833467223,0.231266230650146,0.051664462618718904,0.04461743616128712,0.08226892978429323,0.13981248977555433,0.05861160467679484,0.0563334361681508,0.053486957425328586,0.15751483203170152,0.06450133595158196,0.8732700100430103,0.19081550310868833,0.07694434899317198,0.04522477956394774,0.017917929889472318,0.1216344993195651,0.02464823094596601,0.6452516184690469,0.03577896186517612,0.006656686650615524,0.45320387422060354,0.03688757771331511,0.3839879119440896,0.20010918097048375,0.034739561580799126,0.7263862229951344,0.9106188130107596,0.9317820297125398,0.7242689738849368,0.1371478912734962,0.31956741450418796,0.08765279249568347,0.3933951476146901,0.01362523282665291,0.41759584056072324,0.10625914651425578,0.22027526349280438,0.2699007041354738,0.14011434179590102,0.1626712865850676,0.0130713032526271,0.05649398516654341,0.023721156697347843,1.2505915239941,0.06180103359493583,0.05693742073344168,0.07513076966109879,0.9015062737515799,0.017834859307724465,0.049447077788896454,0.1075695542374225,0.10280868345401808,0.011973480440869683,0.2790123620713336,0.5521842387817295,0.005270792783216327,0.06835180321181195,0.23548038803876586,0.33484436634228076,0.011094684330899465,0.6447924938323503,0.6755964010158945,0.33341681732495565,0.01719261884206005,0.7611499964805464,0.16207815111426782,0.6334337780373173,0.19893132369490163,0.10430185418040232,0.042659376778778624,0.26112475513130073,0.08381661629219567,0.0394946722547325,0.709572910839253,0.1710886390252718,0.3397790349303385,0.004566269464468317,100_sp_gt,5140131,0.1,100
21,6.363636363636364,0.0,1.8181616408760313,1.7334416896090266,0.5645896801358454,0.04167104188818704,0.9296382088355606,0.16538429624028633,1.7771585359318864,1.4017903470604087,1.1545519931012942,0.006470112195158277,0.1424474388899889,0.09074620552992115,0.13899049059087248,0.6121116216187554,0.13465459616062692,0.014333220127478345,0.02688779716094302,0.0357253971662388,0.3230075608577812,0.051059883636068386,0.04629161108922816,0.053541282156717065,0.24184345430994478,0.05420991034191611,0.046831244246894665,0.08469192783415176,0.11430346136197603,0.057386341297691344,0.048648156458805526,0.048727168434780754,0.1275104041393743,0.0830369445266485,0.9007522897641231,0.20342303143672102,0.07056366230698234,0.03766143149884051,0.017808346841554672,0.14031801482010256,0.02929384091903042,0.709023442792998,0.036415831232714566,0.00544672850634461,0.45116641267743246,0.04088576617579183,0.4113694082731615,0.18282452703964233,0.03910833332633442,0.8960481071171229,1.0159727195116315,0.9261077822665826,0.7858257062898834,0.10805039062801451,0.31832078188767676,0.09955953933557653,0.46764979066520307,0.012660359992670593,0.4001425088323361,0.11927822906936367,0.19199464896906585,0.298927542914507,0.16560067323229571,0.19811155435396574,0.01696786646501095,0.05376189032600506,0.019614691895113993,1.33122305372164,0.06127248076908047,0.06080041561298969,0.06656397645466167,0.9500380659624305,0.016511065892533577,0.04908946083395772,0.10659175002699606,0.11233816049618113,0.010968353127971085,0.2868006994415451,0.4700874602650448,0.0051291400038740945,0.07198899696527107,0.24111587947617524,0.3415387162125315,0.011498271313031352,0.7169366875304286,0.6098974601789179,0.2756648561344238,0.01408904526481584,0.7462075364373514,0.18893507666389564,0.7013869103252748,0.21459960089106517,0.099230438467497,0.04649485974461179,0.2962288889020532,0.11052957152274301,0.036457026747147084,0.7926305364901547,0.1828947387604298,0.3695491268340394,0.004559596751041222,100_sp_gt,5140131,0.1,100
22,6.666666666666667,0.0,1.5053764190909869,1.5976427989262934,0.6734836870370872,0.030228572059914943,0.979982742143128,0.11796188884121986,1.5182392430499818,1.5728890674279508,1.3460163342856541,0.005151929796250018,0.1287306985599626,0.1057030964504845,0.14233479471187716,0.5935655411744488,0.1287797409961953,0.014025375975225733,0.029973416287926477,0.033336136691822886,0.286997819524784,0.0571554350759806,0.05004554749210494,0.06540649723590622,0.22701283634229993,0.05249853047097125,0.04254369319589675,0.08627630279691574,0.15000048790450057,0.069287588972073,0.04302932978627082,0.04951636036387687,0.15217166178293395,0.08125766011932542,1.1085731563438175,0.24265158644107018,0.0678398408912706,0.03631298018758224,0.020595524120472063,0.1337024723713999,0.031774550164302445,0.9330027078778391,0.043031074213065505,0.004279652304263728,0.4459268382021893,0.03935921345562757,0.4452491268288013,0.18443243567974754,0.03379304456420076,0.870298491033892,1.0416767924433001,0.9077674015702089,0.758316858096274,0.09771933478938823,0.3017048867913062,0.09554882133184558,0.4565939644003387,0.009823626135432051,0.3685787273511644,0.13001388026462077,0.20478788042159354,0.35995873066707795,0.14488314109333078,0.22808779988635836,0.0150107182156589,0.03650408216808095,0.01648592349221192,1.3808120143391538,0.053872054539810955,0.055550276565411116,0.06894759758136977,1.0247614573000194,0.013411206936417468,0.04860509161991304,0.09315110893969245,0.11319174365819042,0.01054814574743604,0.27538131163010937,0.4438752108181225,0.005457415806782762,0.0669079214574512,0.25567032504496606,0.4244175106723658,0.010687548699793305,0.64529886864288,0.6484258694620795,0.23888817620504788,0.012302341712198815,0.7693355972192175,0.23566909242890377,0.8076147846274502,0.2373785976723051,0.09405211202703412,0.04298244651922639,0.30250937782338005,0.11814075753625988,0.03248094305074226,0.7131011547106321,0.22664142768381,0.4422849462862353,0.003898418072197496,100_sp_gt,5140131,0.1,100
23,6.96969696969697,0.0,1.5452654506278551,1.841946623767461,0.6415158021787501,0.023190757153234112,0.9991755569753327,0.11544511430311502,1.7147417027357226,1.3732702844847373,1.1670371790959033,0.003998729391058474,0.1503715830033756,0.10021117456505066,0.1451734368421314,0.5675580167027082,0.1312239196238869,0.013566015832629856,0.026289903588537323,0.027051315343165742,0.2881798280243785,0.05342548885141597,0.05056504389116942,0.07626921530897257,0.25581096347178345,0.053728451527294226,0.04218323930560408,0.09302407549889018,0.126659212432371,0.08036248523518752,0.04095328480948212,0.04468591641185338,0.149667391393653,0.0960998648259488,1.0913880506992646,0.3317416773564712,0.062764795960981,0.034555952247591476,0.01601175654403972,0.1363686258331784,0.032060268941833815,0.7388218477633197,0.048636260809437316,0.004365261915877868,0.5029102694947389,0.03719296334275113,0.3787517591724917,0.16846484189372155,0.030003764072032146,0.8626533207297523,0.8942594229898793,0.976993970370012,0.7394158433703074,0.08946926666648367,0.27231156212093754,0.10514196721174224,0.5429244268635335,0.009113332488246237,0.32742642181943327,0.1476085433513097,0.25852224410789604,0.362191529482254,0.17170004838896716,0.26978378889129606,0.014525397959551205,0.03736051481362088,0.014676987801998165,1.1711257608798533,0.052189779021309925,0.059289981662747265,0.07054307152841129,1.1618536206801136,0.01151652669736283,0.039970343107068304,0.10046764417279908,0.12707481082829414,0.010463554645382742,0.28642780887471464,0.3652220249648598,0.005783189421658622,0.06715891625518647,0.22526536387189822,0.4509898793090372,0.011011293675000346,0.6616996435312622,0.6154631074453132,0.27398060901738913,0.012260187348164435,0.6685027126083264,0.27517008953140076,0.8330231213395743,0.23261103892409218,0.09396932960700563,0.05902709438153944,0.2960926311672911,0.12969476596625568,0.03326462568400452,0.7498009123426385,0.21560738312995043,0.45316612580996674,0.0034785996688214272,100_sp_gt,5140131,0.1,100
24,7.272727272727273,0.0,1.6842074943293823,1.6974041694134447,0.6330617343611604,0.02023576043756887,0.9488384314787178,0.09168965225349174,1.7142992681136235,1.4304671332910854,1.3881117550038995,0.003940836138586838,0.14390635614652514,0.11132846304778654,0.16402915443564456,0.6506903153866815,0.10754187873956918,0.013120816424809341,0.023792454457832856,0.02337610273451677,0.3464086293309283,0.049724495926667826,0.06755257869379923,0.08474846369784679,0.2642210485329473,0.05761524900035019,0.03959135662620372,0.09739750871914495,0.15865461329060918,0.08353411186078966,0.03962018360654255,0.049313682215732776,0.13796707692889174,0.09407625347931423,1.1309982442044053,0.3336618573682704,0.05552005829721025,0.035813319556014724,0.018391970621318435,0.14108027526009229,0.03813773962393555,0.9031783201060055,0.04775079379996806,0.003585540023837431,0.4731113502633623,0.042858270771826225,0.32782826833225903,0.17915007943520342,0.03077032806758847,0.9406834334349846,0.9712896311775987,1.0270696549259701,0.578075818817851,0.08428663132825567,0.3152586353289127,0.08160876207449896,0.4891224081642637,0.007487810342339194,0.3535651500432957,0.1801731318286099,0.31144889336754594,0.33499542198701904,0.16505174583493132,0.3565009197740846,0.013534286557018523,0.03420638831728799,0.01459875597642856,1.3109711170602079,0.051966855523632394,0.05760237032503516,0.0527006851346916,1.1461512692789644,0.00930765700076134,0.03354490315722729,0.09544264568961072,0.14114368480052347,0.009359998566076696,0.31646768979515716,0.5093379752964728,0.005566141099626451,0.06895192752255704,0.22728799420891954,0.4743777100035868,0.008878974168566886,0.6425687023610674,0.620834929592019,0.2833713868731705,0.010848729832406085,0.679825119778325,0.3334323591690995,0.7842091257129961,0.22576273462716728,0.08502525589957854,0.049662047503056174,0.2805086957343953,0.14100336904818958,0.038005108373423475,0.7951813008801057,0.18905566086132508,0.47680175366838906,0.002943158970343738,100_sp_gt,5140131,0.1,100
25,7.575757575757576,0.0,1.7703107425062128,1.6362155559921345,0.5959699810417111,0.016541885722640603,1.0028258616100143,0.08254253442192619,1.8006822582305437,1.465700334576024,1.2663157155998255,0.003633863356613808,0.1361567067740919,0.13853466140160892,0.17337882449797234,0.6308715513490281,0.11756103269984804,0.01210855199241941,0.023001326977147424,0.022396858717232397,0.34068866512986407,0.04455842743338821,0.06675267354285037,0.1099054112349365,0.27915017023476935,0.05042512415700905,0.040072154495119486,0.1112166221365148,0.2036568820150844,0.09549380269837904,0.046480386422998475,0.05752939261929873,0.1468765391292055,0.1049517434413202,1.3501184537125581,0.3364126978565724,0.052285229569065284,0.030821734240801237,0.01610550110330607,0.14976684985939417,0.0395359667598796,0.9066339957685787,0.052729115994649474,0.003338394985607203,0.4697390280452021,0.04880080848930658,0.36088133572038944,0.16645286713050958,0.031196078350014773,0.8769326702839396,0.9359829475472056,0.958168332242094,0.5590466955071467,0.07740972423684964,0.3067997834598413,0.07783630670479579,0.5390907693411845,0.008074520575688696,0.3527742451021163,0.14316633108128676,0.3565865075531003,0.36273672694724335,0.16968152074558054,0.33908226080730275,0.014050523979897723,0.03266607789402367,0.014524232021263012,1.3713511261544975,0.06080015145227273,0.05454338290817415,0.046648244488843665,1.0805829884570926,0.007783929881545897,0.03305305786071347,0.08382636091186134,0.14916230046559875,0.008878206567339012,0.32884329051462236,0.6381886694053303,0.005913756365239533,0.07043797724774108,0.2043503558111706,0.5168295584869586,0.008946639437164974,0.6489952341317844,0.6490192294553612,0.29325396476879173,0.0113914461343003,0.738973543163348,0.34269115592776306,0.7644882029111232,0.2283220716118332,0.08275008897336836,0.046929109916575146,0.29130298215756967,0.14826206762679703,0.04444389349717329,0.777911147831434,0.1567522707422998,0.5088824149739628,0.0,100_sp_gt,5140131,0.1,100
26,7.878787878787879,0.0,1.8482770379452664,1.7300462124441534,0.5445591536003337,0.01438374096875597,0.987580756404554,0.06864487292310593,1.708645007152476,1.5339238341990376,1.4912219243991163,0.003476357452643663,0.15466345048723937,0.14630059739528242,0.1665189112148198,0.5626677204862084,0.13820174387107778,0.012350307395041504,0.025328849320796477,0.017101037645229637,0.3366870667826501,0.042721438827852516,0.062490185508939006,0.12627500202521036,0.2917215485037461,0.04329749389299733,0.041344561152111915,0.1082430046909727,0.2344775088790478,0.08998478892381334,0.04200028449393012,0.04533249981060542,0.16294419784901434,0.10592571539895755,1.4169643148637006,0.360279132085142,0.04899456326655209,0.035765347917296186,0.019220800799303,0.13096923614169084,0.03855870843125047,0.8789327601877862,0.056397035676816615,0.002730482388936601,0.526442788290067,0.048672155901432694,0.3503329148492298,0.19004025624207108,0.0327760826665801,0.8064245780572289,1.046021903680924,0.9881749208587689,0.6013814486920871,0.07056048994303263,0.3348636694575346,0.07028414909214376,0.5331434073832603,0.007778342662259539,0.3338272899953954,0.14422901159228918,0.3896529024672145,0.3686588413197655,0.16836874984229694,0.32124272585162617,0.015073521214036607,0.036404338265268024,0.011947994332957334,1.2171287250841913,0.06575640485375042,0.05240698857849289,0.04376365117154593,1.062052790815372,0.00530096375636413,0.03269496062449579,0.08197347141743701,0.13919574084319844,0.008386582959243528,0.3213803194660115,0.7222346941449946,0.0059489213114294025,0.07235443725436663,0.2138743051384034,0.5350254259830629,0.00830887776066866,0.5459483498819168,0.4763975247060439,0.2918706550822173,0.009127001403332228,0.8440022237320615,0.408555728108617,0.8382667086832315,0.21005520419264134,0.07612479293204996,0.05717996511747669,0.24592397322048676,0.14977183315738396,0.03398094596804935,0.6637957106733388,0.17587839886584192,0.5590509876732292,0.0,100_sp_gt,5140131,0.1,100
27,8.181818181818182,0.0,1.846174517729133,1.9998824125315453,0.5320379832635732,0.00975820000557798,0.939267060365351,0.05759053704856504,1.4438506810083742,1.4160400597737532,1.4373637757421114,0.0029107805806078643,0.16386696744369167,0.17561097804201573,0.1608270300312904,0.5684668297030189,0.1549206207637452,0.012304966641766796,0.02574777525134481,0.01890226204178427,0.37514222082433757,0.05036310390824906,0.05586914923598158,0.14653535603432213,0.36082781976869943,0.03633875279515779,0.03799693034179326,0.11106328197577277,0.32820374993760315,0.11098189637031096,0.04941694233367143,0.03594073485545536,0.1494292536713307,0.10642347760971631,1.404869833080956,0.41860898374772904,0.04048957224800838,0.03309388969763528,0.019863172831353755,0.1259171636817694,0.042492814356109083,0.8062534357268376,0.07611381015134859,0.0030318995357749593,0.5742054477210943,0.04520840102332826,0.31905255373328606,0.2008852688958132,0.035447987559501196,0.7914467232265622,0.9968865602465876,0.9396472441352852,0.6160797679766579,0.05317184090972567,0.3838691405390581,0.07522703324589451,0.5790567065884178,0.006904462728003751,0.34949622223342164,0.15042037738891212,0.3980379703078308,0.37745952779600117,0.18018991730013956,0.39230298243087425,0.01444918966975269,0.03794463373393719,0.010885134498053842,1.0693659294211386,0.07056032953727834,0.050245263558578876,0.04719032591552114,1.076184162178895,0.0048088314850516746,0.0390024349483049,0.08646060506053004,0.1530043347669516,0.008526776013663232,0.3643546101692822,0.6815139259769237,0.005646909480199019,0.0733998975225452,0.16169362676774263,0.48346215751432503,0.007583193319048907,0.640000203572555,0.48052497033959873,0.2834853303819079,0.008390943178038455,0.6888156409872693,0.41924173253934105,0.8763494856966559,0.1993739355387448,0.07108205007227007,0.069657659566316,0.22221495416598955,0.17160386778218623,0.03665452679565858,0.622482774863786,0.1845898565072396,0.7267335656385894,0.0,100_sp_gt,5140131,0.1,100
28,8.484848484848484,0.0,1.9846520046055725,1.876937206360408,0.5730824203597985,0.007170451611919405,0.9293098144547808,0.049356270764494545,1.473350854322621,1.4383132457594248,1.490527956923831,0.002637842844914822,0.1977561500708614,0.17574318020797458,0.1790408950171651,0.5281949569961947,0.14395566981153646,0.010809334905230174,0.02307534802952039,0.016854453669475133,0.3367132943670309,0.04308647064017394,0.07252877031611285,0.17620510709246842,0.31162710196649307,0.03627544185798987,0.04535843404598212,0.08534811477964478,0.33446874362470447,0.09775696607112214,0.05421574263369734,0.039420391822316346,0.1711556260645824,0.09291958809083986,1.2454746839155673,0.38182131000301167,0.03487638700163512,0.029373767565152777,0.021164241568249025,0.1391755291137283,0.04157429011595006,0.7471719427034195,0.07581743454357637,0.002590370202868302,0.6275782633136686,0.04643157043068985,0.3029753361392173,0.22340932649561285,0.0422270600422379,0.8510787950784365,0.9990139977532839,0.9523298852769838,0.5907338182433411,0.049391774652385666,0.4106003450534375,0.06616779625705523,0.5819621700579032,0.0062299607306645684,0.3799731073128814,0.13739583812519135,0.4193076923549692,0.3859575200112345,0.17944982733101383,0.41830453445014393,0.01392949927467013,0.03128992588733828,0.011314783039281373,1.0346318491185533,0.07870929562696254,0.06368360900357402,0.04824989499129386,1.057517669390958,0.0052116956272701236,0.04651955246485499,0.0943078408899859,0.15876665979488458,0.00760795694716963,0.43833078581186335,0.7225689653315656,0.0053420417454628855,0.05785726843996648,0.16340003282052565,0.49128915832562814,0.006372421198117172,0.6155771152770698,0.4057085648632831,0.30806215529583775,0.00925416518875068,0.6566085016401211,0.4349426318143171,0.9598126288816727,0.19672825597484536,0.07677169429995935,0.05996177021956231,0.19014960891890462,0.17417675630507143,0.03710967679119608,0.7693245608337794,0.22477058072361508,0.7399416697721484,0.0,100_sp_gt,5140131,0.1,100
29,8.787878787878789,0.0,1.794517903788123,2.063806271078923,0.6180709227679515,0.0056857074897802935,0.8805687625711185,0.04941123019836078,1.3823449125023906,1.6340288630347477,1.567738085330424,0.0,0.2578867929163138,0.2237011554124368,0.16198475891725228,0.5088630863546701,0.173714191351054,0.011780433590001194,0.019088477370226148,0.017692620554661524,0.3341445843869222,0.048209136932354,0.08234955806438636,0.20415330078784455,0.3111871514130033,0.03630755146666196,0.04197684611775923,0.07881244492516556,0.4182415721552336,0.09115774488007466,0.059119502903677824,0.03983378972688945,0.19987008171981993,0.10735246615590786,1.2503841869660839,0.37485826533361116,0.028529624262369133,0.030829939393998796,0.02705210939334874,0.1485362040880445,0.047619489296384834,0.8825729837342486,0.07270676626939997,0.002555614818428544,0.6881866611564603,0.047350859319916914,0.3554443804601572,0.2193645399349277,0.04155022806129255,0.8027732193753624,1.076392598218408,0.900642971236211,0.6199191896182499,0.053851674874001776,0.34258255489547706,0.06023941006005342,0.623677745661105,0.006470128458581257,0.37238238513564154,0.13125190686151567,0.4346168187251956,0.4152163138926876,0.1866678602594431,0.46795091884580886,0.013698421173602562,0.03482000803976789,0.013288473516187546,0.9971406472731601,0.08213298038506861,0.060937523028062525,0.04539325997086202,0.9096110892729516,0.0038276449527489182,0.04358713052236318,0.08598892117833726,0.17721906761812364,0.00672634013106377,0.3964719346213876,0.8004716678854678,0.004814536713000738,0.05919632768228949,0.15610401715947744,0.38517266428748853,0.006660898185617001,0.6681417987164816,0.41944959652990105,0.3194685845424632,0.007722607030838922,0.6816093792233429,0.4376773367392732,0.9489449205349334,0.23847701802907015,0.06861856754288256,0.06780407185158184,0.17805315335651323,0.15562473903304608,0.03488067189113168,0.802831319016373,0.2219326298213941,0.7491436403464763,0.0,100_sp_gt,5140131,0.1,100
30,9.090909090909092,0.0,1.7193266621113874,1.9796379299300064,0.5875591216101671,0.0051034197532047005,0.7319241831580631,0.03312871069021,1.4342861909789952,1.6960252251714336,1.6312606557130036,0.0,0.25683113594264384,0.2245387372137713,0.14394131540664776,0.4873731696826601,0.15304497252135738,0.010797918839748458,0.019847857011058043,0.01979048579662518,0.35595237827028986,0.047101867088144116,0.10617158641057954,0.2380615463550377,0.29213590849174464,0.03864512583119312,0.03550207802815333,0.08369866974140967,0.44453392269856523,0.09732720308002851,0.059381736758224155,0.03951690131260919,0.21539752983422747,0.11867021712372389,1.1209628290229556,0.32787732713247053,0.027934052844753456,0.028300801311433827,0.03062944940252546,0.13568268042564577,0.047616144065815144,1.0374343436286415,0.07142079573520248,0.0,0.6847648843187751,0.05369606356388755,0.4260918742444439,0.20307379354506158,0.028905884853430278,0.9450413228711119,1.1231491420740862,0.8729208052900183,0.64943328957416,0.0541776589981481,0.35505910471653446,0.06324449989608853,0.771450211810595,0.006626804334069229,0.3607771055693388,0.13271468138680143,0.4424166320208146,0.50608565736498,0.20065953680760787,0.4156954512252706,0.016188449695577593,0.03583337880965704,0.012442336348393594,1.1425805966553364,0.0907904859882389,0.058597317549739916,0.04418180060670574,0.9688386385351377,0.0034670640122270043,0.038215079796992846,0.08705112541002034,0.16828084709336022,0.006531933684696405,0.3918758333046888,0.8404602396296764,0.0037483217265063184,0.059736531204823196,0.12831134789419343,0.41763983306012376,0.0061646364904165574,0.6531505734593462,0.42554210890818994,0.3081356200897694,0.007045188970442901,0.6298846548936546,0.42847330843098685,0.7787555115984951,0.2776663299974842,0.07656486043626166,0.0735249509473235,0.19396598124595102,0.16760248016673418,0.0349936234459737,0.8092485498461667,0.24560505331633412,0.8708524987160127,0.0,100_sp_gt,5140131,0.1,100
31,9.393939393939394,0.0,1.8188593468572811,1.908439664306707,0.5832873493185557,0.005001891834304493,0.7719238928212407,0.029199836275843768,1.5221691951860217,1.4851417139285887,1.628984032749493,0.0,0.2787661205543438,0.2776069696729674,0.14514335489447655,0.5151004383745699,0.15316599521400978,0.010954117122100851,0.017673813748081118,0.020313294954204253,0.44738526802368717,0.04845315129292975,0.10655895673299287,0.24618333551915167,0.2787867957669524,0.04375449393443362,0.03567026802182061,0.08170447421789186,0.4634793236087688,0.13427936186610798,0.057413970568303524,0.045665870449429345,0.19003904228790766,0.14692218250742892,0.9999052365057429,0.25883324490550885,0.024012925871865515,0.030752354690494567,0.03494304407953592,0.1400138834931672,0.0499217222561166,1.0293938815955648,0.07224083622529456,0.0,0.6529897738975764,0.048685015509486326,0.37005436443589496,0.21929513588715766,0.02619414537024402,0.9426117432821971,1.0326671263607248,0.8156647012973206,0.6150792377601968,0.049616880781551846,0.3541177199739534,0.07333872844402795,0.7730943317164407,0.005296066957397843,0.34694225620711444,0.16184067654597675,0.46747972128839177,0.5380218587466418,0.19239532565313666,0.4634204127098926,0.013560658253836011,0.033593254796886005,0.010975468874127155,1.203568958083083,0.07582030542150565,0.0523373535351687,0.042183172438463375,0.7269594523980043,0.0026809369608956825,0.03739422214116453,0.09205838768718792,0.1639780890468913,0.005946507180032649,0.38278007438177997,0.6516954570780991,0.004140156013438707,0.06118802673104458,0.12718361903773534,0.49280519098980924,0.005741903971561401,0.7654239092969868,0.4111042032620638,0.36130143485011645,0.0063870840190288,0.6176031298774823,0.44546706477742903,0.8865017074609683,0.28090867157382,0.07322394308380648,0.08990022473614274,0.18889919636964872,0.18990681222613903,0.02965689284630739,0.730181012714945,0.2583084927530417,0.6673903320988094,0.0,100_sp_gt,5140131,0.1,100
32,9.696969696969697,0.0,1.6834602511667047,1.9777028509537484,0.6776539733528733,0.00413604306274486,0.8567118804155809,0.028506458329915847,1.5666722788705965,1.6316837664687949,1.6560525696638315,0.0,0.33624172682277514,0.30800654012285816,0.15450662605416685,0.5479678784163897,0.16688126019923435,0.009171595327799289,0.019361069360822204,0.021649153128785743,0.509255287127239,0.04464390430725081,0.10234156454199698,0.27307442883552513,0.31218036632397206,0.04240390884879487,0.030038372702436526,0.0811895255334241,0.5637074136613088,0.1415096935252324,0.04467522250400739,0.05521806504402224,0.2166899381288288,0.14922237896644894,1.2410889605166888,0.2773296619190026,0.023365575209367447,0.024189235485916345,0.03786666210011551,0.1118492860301837,0.04254242149827972,1.1979764789843408,0.07793077393324974,0.0,0.6707265565760625,0.03827849129425093,0.4015120456628433,0.21468436477137307,0.026201630479806177,0.8180153344121912,0.9438688025271771,0.8159586704552798,0.5413059044061274,0.04010192155531202,0.4098828457979992,0.06833594139587869,0.7750562260902344,0.0042192730537442165,0.3727514729286904,0.16194354091349622,0.5408051567323329,0.5117973700450155,0.22680294912552587,0.4914641772642679,0.016568107321864794,0.037133420267729186,0.009505352242188693,0.979145537539327,0.08258373613489647,0.042161369818809157,0.04354429862741536,0.6634927178027064,0.0027936454876217867,0.041014612844106825,0.11318962353167528,0.1677506029473906,0.005755057305989471,0.3517809797964414,0.5245824597947588,0.004294528568412987,0.05913907470880706,0.13791813536986136,0.5182501730434481,0.00468897208180809,0.7834622284210997,0.49314539693536247,0.32646009829443257,0.006551102692268777,0.5381148113801225,0.5083317007362546,0.6930547826824356,0.275783940954351,0.05751391877095678,0.09425030473838959,0.2106540170794326,0.20245456667912085,0.025514672177229678,0.8585958570275252,0.22064752424453413,0.6659374439800634,0.0,100_sp_gt,5140131,0.1,100
33,10.0,0.0,1.5569833891409568,1.8578012416731071,0.792129977682402,0.003594321860174347,0.8913963194462627,0.021160792357507438,1.5030899778729243,1.606314102963843,1.4862800655419814,0.0,0.34542903639322625,0.36041238031385775,0.14989491874329275,0.5914641250511385,0.16971349878157688,0.009930286608994884,0.018291517887648344,0.021705406495170984,0.484623189512198,0.04811922370895026,0.10381684692707781,0.317500971456269,0.316576894894904,0.049714174369463564,0.03284082667840674,0.0650513090913558,0.5226161874190035,0.17779571744740716,0.04093192670220931,0.05975496374314942,0.21719264122656817,0.13901769066778105,1.2483803046308457,0.2756297872843366,0.02394568165781044,0.023172163737643015,0.0420581730625459,0.10182539862909178,0.04872157958610636,1.1312625859150938,0.06916174176871084,0.0,0.6792853139750545,0.03453731766275009,0.3676371064802366,0.166590026998151,0.026830206649225235,0.8365407336991159,1.0281148297284595,0.8910924567981311,0.5558008112650253,0.03682780328284602,0.4041331889201532,0.08243282754004252,0.7258310313553591,0.0043311335944055136,0.3673959048311641,0.15762123789333501,0.5462347568040934,0.475918705376945,0.2130526501942894,0.49678225102097245,0.017154413182521023,0.03138438838981031,0.008657162152533935,0.9233947828978268,0.07647590398428389,0.030798204662408006,0.04758314203045663,0.7849303028997663,0.0026323513400126303,0.0428089008332594,0.10571032940725186,0.1882838587175476,0.006006476863153801,0.30030425980924835,0.47054374161437684,0.004723614433809971,0.05492028088620703,0.15003255639856333,0.5600644095973635,0.004584026315574795,0.7239963498984758,0.4354223281086461,0.3719049286858952,0.006155795426889435,0.528652589763422,0.6011890172677444,0.8444429529810233,0.26061622657241074,0.062389753262345034,0.10547284853126145,0.1930923911122586,0.22293260329099496,0.023280108985389042,0.7689521316904004,0.19235415662061245,0.6025933368353144,0.0,100_sp_gt,5140131,0.1,100
34,10.303030303030303,0.0,1.7826993566697185,2.0454311714738957,0.8382229062156934,0.0,0.7492931224790221,0.015106817788030892,1.2017035908393645,1.267943099260967,1.4811019615448238,0.0,0.3809509634251841,0.45186982585186164,0.1486648466537889,0.6991287842763797,0.14728998452725925,0.008223703465968396,0.018500820285330247,0.01797682180616128,0.3862318156845899,0.0508636548890625,0.10731851503419458,0.29529010876085465,0.3968065807549998,0.04808413839300815,0.025108794503575796,0.06663654052433396,0.5363685440069892,0.1778468792092634,0.044938471350876516,0.06620113174972546,0.18627306810731703,0.15265207084624335,1.3318208417025232,0.3250240283096105,0.022095981537234927,0.024944627742211456,0.03673859040148191,0.10489764619917039,0.056736987953492635,1.104448379526402,0.07185366684103403,0.0,0.7967116375500046,0.03344451080977973,0.4249055790287785,0.1812749429694466,0.03054306515683325,0.8439398360292207,1.0115967929795648,0.9216732858433331,0.46578883586510733,0.038839120241119865,0.39312928994546725,0.0731902437406442,0.8051160943502805,0.0045430143466433145,0.4419640930056636,0.1611937566461759,0.46487464742714757,0.41793651425813466,0.21149666735588987,0.31234476931855826,0.017305292686564184,0.029932362451828287,0.005766916980680357,0.9698036133640662,0.07613671617993167,0.030813698936210946,0.048024973816005706,0.8352433160817334,0.0,0.043286639735943516,0.10778507425184809,0.17984300649275156,0.006195921885769496,0.284698995415699,0.5266934946579085,0.005398179141037003,0.05790476089373658,0.15757163933169294,0.4961535546687478,0.0038888963088381263,0.6939042330715763,0.49925841769458545,0.3679604551898306,0.006725534312749399,0.5108816136350965,0.6499330429458948,0.8789607433742004,0.2192612957063257,0.06131438275812134,0.10915250829197229,0.18669693594510497,0.23472569894058357,0.0213473572735956,0.7719243528202185,0.19399297756482595,0.671185786075837,0.0,100_sp_gt,5140131,0.1,100
35,10.606060606060606,0.0,1.9922285001990214,1.8174233503027126,0.8062788985922507,0.0,0.9761014604465255,0.014997350039113398,1.139654694995239,1.4562321206872177,1.159433671331482,0.0,0.3618793536037607,0.44468194709521874,0.12563252437932926,0.6250599283899032,0.14896489895265133,0.008215822726979571,0.020148951886777896,0.018451882797704034,0.43504415977549077,0.053341267446355714,0.10555571497554553,0.3242147447605788,0.385021977168333,0.045771701858542194,0.02546834604838101,0.07323840574104384,0.5076942656570159,0.20458448291483597,0.0457111389651847,0.06831914435199314,0.2042018667027195,0.1820341021883339,1.4803057589730926,0.3494769654893606,0.020016194534018334,0.02747233495772624,0.03641236128056056,0.12049722324987754,0.05868866023694064,1.188069408916461,0.0668694296553916,0.0,0.7544361412266207,0.03307135040272115,0.4895386162414619,0.17299757647994635,0.027459061955635578,0.8687053424834569,0.9125541760749533,0.9144915255005363,0.41383360659702373,0.03861873579981103,0.4160032205857205,0.07690809168148252,0.6339098852276918,0.004074558662258003,0.4571950593655916,0.15850370211106973,0.46541662971913755,0.430665055336433,0.23848841307789903,0.3611388083877232,0.01812651898045786,0.027747066504504325,0.006069156208295593,1.0141895901106408,0.06449362912980383,0.030332476459634144,0.04328780688110073,0.8833239178872556,0.0,0.050480499857288044,0.12997313132217014,0.17878659401907324,0.006122794211032482,0.25940394077091244,0.4959701545771027,0.005611961831665497,0.05278010584598516,0.17431821942325249,0.5228514645150533,0.003551326097418933,0.8351584946579289,0.5259865348353179,0.36827301006948293,0.007202899606214033,0.4314803236358125,0.6633122457118087,0.716708332976229,0.2104598471712997,0.06935319503478866,0.119631902997367,0.20069823254339308,0.22527708433751595,0.019916139276271224,0.7180940241653626,0.18346470687043132,0.5813374189806125,0.0,100_sp_gt,5140131,0.1,100
36,10.90909090909091,0.0,2.3378524260941362,2.086486401667607,0.771253324183245,0.0,1.1239899798661088,0.013660977282367015,1.4264857446794261,1.2796643380743808,1.151656778307139,0.0,0.41678043309676693,0.511352820050549,0.14173996988010415,0.6890374875451563,0.13717405684287318,0.009110768527681038,0.020908625271801946,0.0190573277188128,0.5049216222111902,0.056436652364264504,0.09974741702313221,0.26942444832263185,0.29860210034237367,0.04677182385335184,0.0215014329103654,0.058771308274948114,0.5166778994190266,0.18289649219298962,0.04552064892179535,0.06647015029327893,0.20010467005119714,0.21476078256688091,1.2950816537115628,0.31478226159898265,0.01793615979651196,0.025687378956245722,0.03422615774171513,0.11868947649470539,0.06564621842524652,1.1642847383928483,0.07308670026167918,0.0,0.6770210345576944,0.03725654242208226,0.4710371685464768,0.1850519753987959,0.027628973234362465,0.9394017879204095,0.9048779885706819,0.8338585589382269,0.48672733038523486,0.039670494078540904,0.38798015677384945,0.06309345403387664,0.5982277826261013,0.003526127411808083,0.4200917390250765,0.17765546472111102,0.525837728709528,0.37294528112929054,0.23279097682222566,0.40507565833563813,0.019806267409235627,0.026769953950125082,0.00614497589657092,1.0838433603505004,0.05664594710853919,0.03021450872072753,0.032722809779312675,0.9437306004622241,0.0,0.04751042686602089,0.1435560357468182,0.19505526581059068,0.006963212511847727,0.2714348184390858,0.4597050497307727,0.005842386227271194,0.049895589220084476,0.20533678922347096,0.48679146568258613,0.00339906613463304,0.7791154550216569,0.5481155304850376,0.3724613019320238,0.007037356923552169,0.5582686817601851,0.707964738874089,0.7505212062872066,0.25574170219076603,0.06427739380026844,0.13461310725985196,0.18389944121080445,0.1984492069466035,0.019257127750888885,0.6440133314760063,0.18497321803884378,0.6089974314050133,0.0,100_sp_gt,5140131,0.1,100
37,11.212121212121213,0.0,2.2489805760602106,1.8682869020320232,0.6781716475327852,0.0,0.9886664496455266,0.011221477118337892,1.3246215718546468,1.2676878986470377,1.0649076800411252,0.0,0.4148648722496432,0.5140442034599053,0.14620077512080268,0.5604591284556807,0.16360702627733237,0.009196352055593682,0.02064359687132503,0.01756099721623773,0.4769684076969286,0.04961806755969927,0.08852814912673786,0.24976870141118612,0.23450324813044654,0.04626040773962563,0.02485318038852568,0.0600841375704017,0.5202643034985587,0.1713213854227472,0.03550775639891355,0.06341842196501549,0.25348646327379737,0.22543934934060852,1.1062393146543807,0.3349967847626666,0.016349362205988677,0.02380753337865022,0.03827181598641707,0.12772204484801267,0.07645279074250466,1.1850612824281075,0.06999947840462546,0.0,0.5954850352282799,0.03401011025494827,0.46134372580399036,0.18332596159215664,0.029544828465746097,0.8405685338793856,1.1344380131493723,0.9545724012002208,0.6657625106322228,0.03148791926289244,0.4560625476431238,0.04826843292460033,0.5871695880535694,0.0031568716275137665,0.4255739084368042,0.19771266878936675,0.48061288234581884,0.26978965941283767,0.21510606394419707,0.45323493794751224,0.018485991753258695,0.02460891947012321,0.0062138428988952055,1.1173350813669896,0.06449102656212624,0.032288298809701556,0.037157288826118955,1.0615261494316184,0.0,0.043273630896923494,0.13827389047983513,0.1795257032549063,0.00556567280041759,0.3253102908197751,0.5553605147972829,0.006220336105258019,0.054267775402648384,0.22132759969309493,0.47637080624862305,0.003024039479697212,0.7764533904986128,0.5408292107225348,0.3844477468348743,0.007339731115021104,0.6323356343330997,0.5196352246901272,0.7510015009848772,0.2550076245580234,0.06411892179922268,0.15037637195672807,0.19834785956234935,0.2057440098668851,0.021152832474145688,0.6873648284465194,0.16895099765769567,0.6808106274968895,0.0,100_sp_gt,5140131,0.1,100
38,11.515151515151516,0.0,2.390250384634656,1.9847068513874053,0.606281667301573,0.0,1.090714412955193,0.009727672444398209,1.113673774781502,1.2335390477053538,1.1348660299858377,0.0,0.4529604458292007,0.5043379861271288,0.15916889875608467,0.6184923865832663,0.1659411949543638,0.008530815482912651,0.020420835230080547,0.017139829683401147,0.49676420864489323,0.04342437117987222,0.10415005247979167,0.3349976222158152,0.24276444430968808,0.05155105300327746,0.026582569657264996,0.05539321097271004,0.49550772159744105,0.17302637143716126,0.039293039406354265,0.057234793576381116,0.24282159692969726,0.276676448703272,1.0620011100413411,0.3646764560451418,0.013905798414594786,0.023198105819873006,0.04213224288262737,0.102586584484224,0.08459446131459833,1.1140501615974618,0.07335129836026247,0.0,0.6750428265033371,0.03547161921309855,0.39003535589245497,0.21016449714779545,0.03046706759897904,1.0258255178117177,1.0325709704465238,0.7891446840933456,0.7657802495128412,0.029959712263824358,0.4998282998921877,0.04453803202603722,0.6455560403337638,0.0,0.4607120110821554,0.2052378136285957,0.47236084644533854,0.21605966366895696,0.23375390212102168,0.505809484898526,0.01863693693185732,0.025910592005204625,0.005129994810405257,0.9187635182144501,0.06762609341096738,0.03128305471950566,0.033611187076794155,1.1076503052900355,0.0,0.044128150604840835,0.14890867717352468,0.15501909547267576,0.004677910921815842,0.2946687462563654,0.589357301873882,0.0056748815783718865,0.05237163598153404,0.21788853756202203,0.5953700398796379,0.003020408115103148,0.8656633154989303,0.5924254953806436,0.351999130402627,0.007545324485535872,0.637359020814248,0.5039304051725642,0.6790803160209733,0.2758681776653924,0.06488065878520524,0.16332007368030385,0.22415132068008656,0.17185139190679458,0.0245847195958303,0.5992957389858412,0.17779995453806838,0.563303043811859,0.0,100_sp_gt,5140131,0.1,100
39,11.818181818181818,0.0,1.7409628423041963,1.992556876353815,0.5136814313827395,0.0,1.0949802983952444,0.0116672730474836,1.063512779797818,1.3853221487627527,1.0654452827106158,0.0,0.47249454034237104,0.4723534179220067,0.13351976368141585,0.5077023184891498,0.19763851094792637,0.008047551044842489,0.01825600852274527,0.01566951076588135,0.6416419697519182,0.04243852658112926,0.11500662603177117,0.3537752871351936,0.24463451311742587,0.0519186813855968,0.024776823133663917,0.05709076064545428,0.48696223472576666,0.16888201024875255,0.040921953633220494,0.06817556671058658,0.2725618641319219,0.2602994786037568,1.1385262370406217,0.35828866888588645,0.013007241705544672,0.021666173330793185,0.043689102244027854,0.11241255545386962,0.08574110560067796,1.193860241813964,0.09297568654875414,0.0,0.6663162040282363,0.037576837894052965,0.3713500354456248,0.1898133806204608,0.028052063700615658,0.9747436445211829,0.8713638245360442,0.7965329263414502,0.7352398538156791,0.0308657911863974,0.5158313501018442,0.04327138077794369,0.6042965958189718,0.0,0.4042840672081592,0.1977506436808302,0.5223730254932404,0.22868331145211968,0.19971522843818423,0.42458730725361593,0.02196077892996918,0.027577321922728437,0.005201477895367691,0.9780370155785306,0.0659714635319951,0.034772967990229456,0.03203121332702225,0.9215024670296079,0.0,0.04433295325432014,0.1940642472934444,0.15383008822090183,0.004697143332750206,0.308743471828894,0.6189797043016787,0.004373303296821528,0.047400204959907176,0.22365265520406868,0.6272414780987323,0.0034233870045368656,0.7935608814018819,0.6572665120747662,0.3828996538803874,0.0053762460106688194,0.7335585011394496,0.4997365805115521,0.775242374071428,0.2793142253152639,0.06588383314237417,0.15885803845691582,0.25283264800825656,0.17995446518178124,0.022426640463411834,0.6711823092596292,0.1813768614725561,0.5754147878447701,0.0,100_sp_gt,5140131,0.1,100
40,12.121212121212121,0.0,1.9123131320201725,1.6670660260403636,0.5782188059404688,0.0,1.0826385093376618,0.011919445091914638,0.9420957421494587,1.4562605155252226,1.108696601469767,0.0,0.5057665501174289,0.3468364574303732,0.1647629753853562,0.5550999907132733,0.18345021672303236,0.008555940451275413,0.01677166045752675,0.014115949205802466,0.5852269702070019,0.04676225743783042,0.12554732807881994,0.39887139083344014,0.282786241449097,0.048813715861884384,0.023650622077349533,0.04914780425768814,0.4658790637060538,0.18204559392786712,0.04159152854873336,0.05815212180234141,0.27214433800082366,0.2353869454509649,1.0297815574238467,0.34249037399187177,0.011196914162213687,0.02028797977897765,0.043029076110054444,0.1234275562803611,0.10173300635560001,1.1594130194283223,0.10957349647656109,0.0,0.636171287504465,0.03629028500176961,0.4634811908460062,0.19568470869726548,0.027361453115817565,0.8929707082566907,1.0190185082893908,0.7993414797651092,0.7095415369191015,0.032710761595923704,0.5872062618373184,0.04311543981785899,0.5287301346169322,0.0,0.34798830503095346,0.18638656373697265,0.6078022719925946,0.26571022636679237,0.23170708524844585,0.41890819363830367,0.021753466698238418,0.030582202376166618,0.004610562324556636,1.0800368691705553,0.06872073361903115,0.03631815082865593,0.03507495690101233,1.1748740233075972,0.0,0.04099817425493636,0.1761195736762525,0.1605294035354543,0.0035829252991754065,0.27576344073581927,0.5244139517966558,0.004282811525470868,0.042336626420195096,0.2272724084339937,0.5813037057138788,0.002590022710192285,0.8863930636484896,0.697931248034916,0.40438871751540323,0.005176023613393718,0.6913496396255674,0.5089170379552145,0.6887678026473738,0.2964027128495166,0.0663362021715947,0.19160630305159285,0.25988583496127493,0.17199475278181817,0.02031353255280686,0.6387072336913023,0.17324689403325616,0.5851035628662322,0.0,100_sp_gt,5140131,0.1,100
41,12.424242424242424,0.0,1.7694955043158367,1.8747209993513847,0.5424509749026676,0.0,1.269395796423011,0.010004962510393877,0.9710996262059347,1.4028368541704503,1.1982567885182844,0.0,0.5371299403082619,0.38729442746733095,0.15877181287207848,0.63112045545102,0.18510693505341042,0.0088159689143972,0.01919737234198172,0.010690083688518173,0.5711189300261372,0.050669263002541196,0.13810706624425903,0.46848360640226294,0.260507166429889,0.054289403895385745,0.023542915934850497,0.05000156636467373,0.42179308163007073,0.19121596106812744,0.036922560902340064,0.07150921347806459,0.31299604871816694,0.2141742729448616,1.069081052399041,0.29934714507494564,0.01047402893472743,0.018129100538139944,0.044886712160880686,0.14589492867533732,0.11656094677866491,1.0859295750843376,0.12860550155896197,0.0,0.585533018265417,0.036088073404833526,0.4025677089650512,0.2319684606220543,0.02810626385114963,0.9134663016417645,0.9985845149744761,0.6795056118583007,0.624291128300254,0.028847006537850366,0.4859566614649353,0.049118241016977836,0.5780227821730413,0.0,0.31565219209635387,0.19212694575714337,0.5582303446501582,0.3070894035935515,0.2103477068804858,0.3942327854386911,0.02179822688781447,0.03264624800236893,0.004536238138874832,1.0192227139936543,0.0629483912225945,0.03602797611637516,0.03770275078645012,0.9534882316642824,0.0,0.042203857993302875,0.15709359382950616,0.17133317177711366,0.003429042495701332,0.27309060117168604,0.5706190590446291,0.005035815635325285,0.04219186927221333,0.2201482981938469,0.48182560236529315,0.0,0.9236506397091326,0.8325827569487931,0.39120281904924825,0.005422355449815532,0.7925501798455141,0.50866476571179,0.6916130957307627,0.3515867754288971,0.06679307066139499,0.19303444298439731,0.24504241933545468,0.15426719781772608,0.01996827663981598,0.6228468495961585,0.1556535571766372,0.5078275433928654,0.0,100_sp_gt,5140131,0.1,100
42,12.727272727272728,0.0,2.347547419407031,1.7830853235479027,0.5732785665253411,0.0,1.0459415038817406,0.009959271039943155,1.126044858120737,1.3444548622081938,1.2153310922635223,0.0,0.5029175238367135,0.40718986515003,0.16494439195188962,0.6284907050808713,0.17582209914844213,0.0076053011172268125,0.013308605062797275,0.010133248462003036,0.5959886244714485,0.05142539530540381,0.13509318235578757,0.5727803481772065,0.3059943682524978,0.0529750469371964,0.024060185989276367,0.04870688349321013,0.4362445902099418,0.17939128258724196,0.04285522205228175,0.06573605668964623,0.2764926661728331,0.2555603109591981,1.0894266317475079,0.2602889029402415,0.009985620336425114,0.019603170432886407,0.04490456040706753,0.13233131415798025,0.13618527826867374,1.0634702433353078,0.12191715174525271,0.0,0.6447852025416755,0.03193565163377204,0.4160425181365346,0.1780219914882766,0.02127956697033251,1.0075802906796683,0.9559215757777594,0.6921348861927471,0.7095162125260537,0.03054117929326217,0.5661183248542597,0.06102463608319848,0.5660201442104348,0.0,0.2865192192440497,0.20104604977275867,0.47180471847860467,0.342551822642053,0.19330356111949695,0.39413530868727586,0.023080021934029995,0.02791892999133176,0.0035301725243014684,1.0035540891846078,0.05459494742860057,0.03547509613120191,0.03467692452661729,0.9550561839457623,0.0,0.04276091440475826,0.15937900561493276,0.1633663823128055,0.003092093190606466,0.3285412818510369,0.5482936598158346,0.004840662239938762,0.037605500336077916,0.19798940444343285,0.5707487823794872,0.0,1.0115009125769203,0.7645005865161486,0.37036430145986127,0.0056359741829333145,0.7164640564966442,0.500010937911524,0.6742661690067835,0.42454796514249626,0.057329644066917096,0.2338054433198234,0.24656053498477093,0.1410860487053106,0.020396268173195238,0.6254769817323138,0.17369881973253082,0.5203356195071818,0.0,100_sp_gt,5140131,0.1,100
43,13.030303030303031,0.0,2.359207621517154,1.585558283329065,0.564075296597668,0.0,0.995383140269996,0.009171598053666121,1.2222263616529767,1.1967880705664298,1.130802151893828,0.0,0.4595156465289636,0.37328819875255853,0.17763141297245966,0.5931236537783247,0.16034786040043633,0.006620678858320011,0.012904548214045138,0.0108393855283122,0.5692193694132479,0.0537771977857458,0.13109121272001995,0.6160890833645074,0.32126638713968136,0.05398926225441203,0.025064040526138667,0.046190287341524146,0.44393933125059226,0.19607353872535355,0.044246060956794855,0.060182376845959805,0.3238172263406981,0.30864680459527066,1.3353755584010796,0.3102462952371914,0.009331624402741169,0.01828533841095258,0.05668940095640084,0.1250517992082831,0.16822862267106728,1.037557230278337,0.13416758582098745,0.0,0.531268859222828,0.031647276670547356,0.4383004666557043,0.21083598354123376,0.017272947745244828,0.6643033965196062,1.0426698346113443,0.7167008208313841,0.7659550174575196,0.025665448481646883,0.543855396807954,0.0693388439522776,0.5962210190693413,0.0,0.3442016376975763,0.23781815255737215,0.5346202580956744,0.3456046294136827,0.19334566475786588,0.3637917886975583,0.027383072852536994,0.02808205661280355,0.003197249511507583,1.0942328404423003,0.05708332778498754,0.03792982199353591,0.04174385878996215,0.8264513194338268,0.0,0.04023790881722979,0.16741876464632022,0.12865952858349072,0.0033544711549513507,0.3173486918004996,0.5251497112336586,0.004112471083917328,0.03430923948177682,0.21225322773011926,0.5695091850223536,0.0,1.0330979131348617,0.7737916968109202,0.3421696010049308,0.005257772615458594,0.7522971957223025,0.45343071490142844,0.7402735949761973,0.36077301437878306,0.05527795853488478,0.23329517076704256,0.25940105847780465,0.12998618585792987,0.01663709953342621,0.6396771477921638,0.19268601274026984,0.5523288203032485,0.0,100_sp_gt,5140131,0.1,100
44,13.333333333333334,0.0,2.0466602861365746,1.8146920391895887,0.5482811760491673,0.0,1.2387107712649317,0.009228922939091829,0.9847980694452529,1.375784015292789,1.1898366192511598,0.0,0.4373872093664388,0.34799047089684154,0.1820316876146241,0.6070837812130871,0.14860592967372732,0.006778353573371265,0.013120740131858788,0.00864469882740965,0.5253397136320512,0.05776581205074578,0.12443444523647028,0.577353803727285,0.3210846401773429,0.05698519765403737,0.023299075304888252,0.04609271938984506,0.41848828795882864,0.20835651354417764,0.04879548230873596,0.06667580515484628,0.3123746157298212,0.3321190525604278,1.3348441018369277,0.27460047851584524,0.009155821754072238,0.017738457371022046,0.05083571356733101,0.13938388395357135,0.1674811581897665,0.933304404355823,0.1513365385726119,0.0,0.6408604283657652,0.03482035094942679,0.40882457816118967,0.2169236945070302,0.016444171234270395,0.6786043198522064,0.9231582166382889,0.8992370106320215,0.8606030176116353,0.028959223732673525,0.5334246274607947,0.07498418414036936,0.596303708656243,0.0,0.370257231627588,0.19362664176714034,0.43724627498045743,0.37153334236612084,0.19248556556037721,0.41025389223460307,0.02679423888320139,0.027235422023260153,0.003233124721186873,1.0074229719579324,0.056557628556179386,0.04075862440770221,0.038403233597831335,0.9009001707536046,0.0,0.03767208235874859,0.16677624847390038,0.11937150594792494,0.00297791819293893,0.40677653197507824,0.4814836098371918,0.0039046884544756697,0.027695691944693655,0.23782690558265357,0.36953412838380206,0.0,0.7619183707766913,0.787298221902921,0.4145239661793777,0.004687446419012865,0.7613303949671308,0.46363922730801604,0.676109806124675,0.33720113586765743,0.06003619115198865,0.2504578281905943,0.2642786452457126,0.15269591910113559,0.014531979908698898,0.5165293542884448,0.1749611651312561,0.6249657794118291,0.0,100_sp_gt,5140131,0.1,100
45,13.636363636363637,0.0,1.8649205389729422,1.8285392818310842,0.49409449513898007,0.0,0.9041220506511815,0.00792391692565356,1.165186641353906,1.1343982834600004,1.1720517015480327,0.0,0.41307862713944515,0.34978311454879607,0.16344782244817327,0.6030935627143926,0.14960080466503886,0.0067427981671537175,0.014163390118282533,0.009295831052947805,0.5908397810639262,0.053583237945682614,0.13808378625723167,0.513564279669411,0.2844288745119098,0.056091239875184155,0.022963659993255694,0.04764649154988077,0.5175807573579806,0.22102489402133071,0.05710688150108228,0.06793419828076412,0.33653802293680296,0.32667908341816254,1.2014337760343075,0.21185839301988058,0.008796080730570685,0.01776717819821363,0.04797219539438673,0.14503792904262683,0.19961369572553123,1.0580445802249365,0.13239092729693724,0.0,0.5348821801187927,0.03692980034258396,0.4160606277808228,0.2147922704470759,0.01567959562154894,0.6752844146604925,0.7462703556477757,0.8732053449034709,0.8263998139638897,0.02993490401508009,0.4758948094613196,0.07143549943469842,0.6635027442219086,0.0,0.38019086352004544,0.21768953959353823,0.5045271248783765,0.38073630711953665,0.18175555197825316,0.4190745046902083,0.025775263382994087,0.027419546934906763,0.0025229982911708837,0.9700495147996291,0.04980774086389652,0.03403285656062497,0.04041453539692684,0.8935380639847403,0.0,0.04097624718558904,0.185541336228773,0.12673456525028526,0.003096184269507255,0.515335280484269,0.4747413167108205,0.00363527315366144,0.029364287606246438,0.22985263456213867,0.45249994389479054,0.0,0.7023397607410675,0.6880249920878778,0.43184764797905933,0.004159290716992419,0.8019958774888377,0.47628156766882984,0.736150685260123,0.45113851073393346,0.07830500907134832,0.3151484800663293,0.280207380135455,0.16669877503598923,0.01196413198383458,0.5124583519788121,0.16192168132677612,0.6178322096142004,0.0,100_sp_gt,5140131,0.1,100
46,13.93939393939394,0.0,1.8151048169914668,1.4751113488487877,0.5423318844638101,0.0,0.7294569914960636,0.006807038241944273,1.1310946976229317,1.093399966078438,1.0743924533985239,0.0,0.4783158364108551,0.30934490400519277,0.20065485691105991,0.5657323696860658,0.14278063237032132,0.00650169755273756,0.012733467073930941,0.009204106875735162,0.4862160433670314,0.04901441278268975,0.16023780886255828,0.5723787148877726,0.3263389032054743,0.06499405697423505,0.02496367492694961,0.0450435403427682,0.4489212967594933,0.19715794047085644,0.056416571146282714,0.06216568996054687,0.3293828969428101,0.2774331510657945,1.0833400056900666,0.225253866838646,0.007424784604947099,0.016147783412428313,0.04024425383505847,0.16407527667379404,0.17748561020709985,0.8998975391839357,0.143850346293166,0.0,0.5977025151580405,0.03453101650461799,0.37208914739610477,0.169318951877386,0.015837177248248405,0.823281370262172,0.8835323696046055,0.8681658991307948,0.8847197519368263,0.024566928325154405,0.3941536294928115,0.07453942647687663,0.6977475372265124,0.0,0.3853958277048672,0.21972313349997438,0.4079566727847209,0.38938235837818397,0.18030790284594186,0.456341190034845,0.027768274873364657,0.02332861351446153,0.0,0.9904593428082167,0.041512318196304174,0.0333173096830326,0.040701758634110505,1.00553167894379,0.0,0.03897462661016755,0.2178080711567257,0.13080650104786837,0.0028494090639601235,0.43862112005825726,0.540829159930824,0.003756577267171335,0.02239367740052626,0.22260113481971144,0.43952746939829535,0.0,0.6200939053166755,0.6590187874249736,0.39859381504915076,0.0034547353517240115,0.6792436254813997,0.43219382946968254,0.6774148166466848,0.4306984525747181,0.07308926903009977,0.41935474864769967,0.3042076757700369,0.1712462849912682,0.010564063786878162,0.5667851504869114,0.170439163269105,0.592218754641915,0.0,100_sp_gt,5140131,0.1,100
47,14.242424242424242,0.0,2.006498820126442,1.706157393776868,0.508806523805435,0.0,0.9028366447623841,0.007231810118963243,1.059131326048113,1.4262135837275238,0.9715457233952355,0.0,0.42694493483353313,0.2960110275945882,0.22952881374495127,0.6163599033138083,0.13696953425647052,0.007427293549418287,0.011321820903604271,0.007310160500132855,0.4411689235205895,0.054215886775379106,0.16336664516739885,0.4401125506657367,0.38333755269933695,0.0733779447214776,0.025433585726848264,0.03980451158951498,0.49858636885395563,0.17738263703895196,0.05737920697346044,0.05423821879438932,0.3428342241960494,0.2563954575070572,1.2023132797597533,0.24012271307017072,0.0072691179803482135,0.014092383395832365,0.038177620614327064,0.17489564353417889,0.1945276132028218,0.9384836264021545,0.14182753797978181,0.0,0.6551880403455144,0.034738047189934944,0.38579286022699955,0.18790389427726964,0.017224028686440875,0.8684532184775458,0.8839726826109272,0.9234599628552068,0.8685285892605819,0.02653840628426324,0.39379610833331297,0.08440458569856876,0.6697408392619622,0.0,0.3490889411033512,0.23454918026296184,0.3819618508363412,0.370510777610681,0.2261227575634489,0.48877449650754295,0.025847955208369685,0.01961727791945647,0.0,0.9771203942293702,0.042488968245311,0.03302108107719494,0.0430788022198473,0.9921293980574274,0.0,0.039720750818250695,0.1778768565006587,0.12882936449301122,0.0027160107897708226,0.4849421995564443,0.5789462797308398,0.003967858875156061,0.020480071288458215,0.20295809787031788,0.4161903437259361,0.0,0.7062575168382612,0.6246263240987069,0.46074616899598764,0.0030275918479350356,0.7734215482086748,0.3483993762841324,0.8014631729804745,0.40407054590849156,0.06851119308603634,0.3682249094601619,0.2713026198236981,0.1639482870834723,0.010717129785807229,0.5702825459607037,0.13761129046516724,0.5374463794944169,0.0,100_sp_gt,5140131,0.1,100
48,14.545454545454547,0.0,1.78770227047301,1.9528021788686831,0.4647072057690328,0.0,0.8024436225389318,0.006977090088883508,1.2647986573568544,1.5213658055830286,1.2261976311810698,0.0,0.3975403507742445,0.3075809320051736,0.24634088323250947,0.602749654152811,0.11100410947595182,0.007311965820821432,0.013332970950349583,0.009108887816632555,0.5020553214721779,0.06386538608427283,0.1644931338475769,0.4017601650503422,0.34202023688723254,0.06145142425681916,0.0302530831178104,0.0432401100165492,0.46217963772611476,0.19882558682543,0.06389424166359367,0.053663691697034846,0.2799657343799416,0.26921400334962065,1.0330946041041738,0.2882693240420199,0.006941798396417421,0.012745873254978113,0.04065567740026722,0.20655341935129407,0.21468291483480098,0.8372332382572235,0.14393833208425477,0.0,0.6158408240466956,0.032026606317289444,0.44631046763846643,0.20598693969048745,0.015465992070397198,0.8787828806991006,0.8187500621600445,0.8378780044648068,0.5969843025331611,0.023682445353327558,0.40245756711761144,0.07506802652152364,0.6488812145762997,0.0,0.31942854844167307,0.2472030983774978,0.45408905389862864,0.3742797580820356,0.2428131161424887,0.47275506324803374,0.026529243778953864,0.020690026627920525,0.0,1.0498326876710582,0.03278603839621707,0.036952953107993736,0.051481349067617574,1.0865944725372805,0.0,0.03944654484617518,0.169321981579276,0.1616287726518212,0.002799742940999747,0.5022982595086777,0.5083906625089031,0.004051607188001018,0.022883292779410192,0.2110053195884224,0.3948154933653346,0.0,0.7591144312180238,0.6582319217162788,0.38779403986343963,0.003026770159860987,0.8100994698894433,0.306722632464074,0.7796302836574226,0.36944158751357103,0.0748313859261596,0.321212467278495,0.27027780478832264,0.17092683272719988,0.011335867022978395,0.6539368119210953,0.13846401842799952,0.6193669485387392,0.0,100_sp_gt,5140131,0.1,100
49,14.84848484848485,0.0,1.8916493724612717,2.0891507281258783,0.5156270689292672,0.0,0.7226531822432706,0.00561934959507389,1.0093923985592632,1.255571220122761,1.2380040051747412,0.0,0.4457158663987168,0.3033369203411059,0.2767636011172034,0.544177432924534,0.10658959782212984,0.006816227426273037,0.012758193912240383,0.010321501575030914,0.5183192022819296,0.07420859471304132,0.16022301004946524,0.43999430664111766,0.3394582803985838,0.06714916235347501,0.0339348944738201,0.039422836572853955,0.45229983865967527,0.1965208749071969,0.0642073411292902,0.05611796421418504,0.27523704472223676,0.27675413538422056,1.1320191017811148,0.31024894965342925,0.005863266690703854,0.00941608312578492,0.045589477336126276,0.21490307168775705,0.2329633268160059,1.056674890875422,0.14728283116998434,0.0,0.6029616817237884,0.032101895607425365,0.47238323462621523,0.1840711915232743,0.016859205322359815,0.8475071817635679,0.8773006636645599,1.0320934211148345,0.6197329941400731,0.020099194163205727,0.4846724549509571,0.0748566701834456,0.571896037942902,0.0,0.29458877463118366,0.2495087982211967,0.39986116267814886,0.4444560813534197,0.22671486603285906,0.47443363039903536,0.033857932386334715,0.02314070402913111,0.0,0.967458946171408,0.027324901033164088,0.038172106270914115,0.04472493036927266,1.008000500828994,0.0,0.0373809082310298,0.18155056879970788,0.1629310990008735,0.0028022157064500944,0.5055329305209633,0.49586513506242086,0.00460630717697223,0.021239352568164345,0.21034062576457557,0.3656494553113592,0.0,0.899098126861247,0.6283765192505847,0.3550074091133208,0.0,1.000999457580883,0.3076414404627169,0.7717082088963256,0.31320728519945745,0.08272023114476244,0.2606390362353195,0.2551774874237081,0.1966385828337588,0.010982245861057392,0.6924064699727019,0.13972009081701087,0.6442474843380545,0.0,100_sp_gt,5140131,0.1,100
50,15.151515151515152,0.0,2.1940795612694153,1.9978854033840212,0.5426005682540518,0.0,0.9174900080633727,0.0066147017925636716,1.0158388221591002,1.26352381498612,1.0602382813384752,0.0,0.3783974334329409,0.30184684621164953,0.26632730505113794,0.6577599756419775,0.09452986336302331,0.0070561205367686616,0.013682117445964617,0.01027029085122073,0.6123516622594302,0.07800650054566317,0.19075401703746592,0.4346023454140068,0.32726791843230085,0.06472636513953564,0.033339991885716166,0.038934260380160665,0.4958625684898644,0.18135248178994268,0.06514250932913855,0.053386156600526265,0.24244614357464606,0.29735046024180883,1.1317870116126398,0.2437406051983773,0.005886638734240029,0.011582461396320028,0.04858795168867352,0.22330735685757747,0.25440996631288776,1.1070623420030625,0.14247223840256268,0.0,0.5182852843388309,0.029584759975772805,0.42842549585927525,0.19138073996066352,0.01765634860142238,0.8629039211330651,0.9760704405915963,0.9907046363624756,0.6072874427027892,0.018211621447647378,0.4470097397790515,0.08237828043411057,0.4766677284706147,0.0,0.35444804311456746,0.23358578924495332,0.3869494529667616,0.3888743791611889,0.22937117364977153,0.5059113583120883,0.03503530990785538,0.024083669366860468,0.0,1.1072928116618814,0.024286385574896662,0.039830865893569184,0.04971864972673864,0.9262666996270112,0.0,0.03386149408806814,0.17936723871155666,0.13262523852381125,0.0029716651153205587,0.5430554290650762,0.5104479654578962,0.0036752894089034085,0.01979701921696389,0.19903336454738726,0.4175190757229449,0.0,0.9249684637448623,0.6981068362583296,0.290686583363844,0.0,0.9397112388601763,0.3394815061602055,0.752290746736704,0.29004814064047935,0.10066852677437622,0.25789579460911527,0.261764312739764,0.21531014694900513,0.012377493101924767,0.6423279013685774,0.1643348883922484,0.7156113048827981,0.0,100_sp_gt,5140131,0.1,100
51,15.454545454545455,0.0,2.0819720937953425,2.2034940718822926,0.5557000828579044,0.0,0.9256639522358365,0.0077479031721488754,1.0227226034139767,1.4810225407387942,1.2755479316508802,0.0,0.4266053708108583,0.2879551634375187,0.27442377037886295,0.5988266351028759,0.09005947817764146,0.008300487539064576,0.01425820036376026,0.0102655646470829,0.5785371134180043,0.06990604939979086,0.1792583996322387,0.39288788536382996,0.3494311378254512,0.06532093795105609,0.039555404992915856,0.03445802543715892,0.4238630514717837,0.1556841733364851,0.061475260035950864,0.04816541690825006,0.2500108879478003,0.33334756953794764,1.0264556397761906,0.26038103914481664,0.0058013600181038,0.0103217479133966,0.054604082983354646,0.2228510273840165,0.2168304049016915,1.0337213824705098,0.12564777819373418,0.0,0.6212221937027235,0.0317634186464743,0.41055907034316863,0.19939883159043562,0.018781429209150522,0.7948526187647049,0.9752416804106969,0.934708787956227,0.49436360854370054,0.01821556443942099,0.4487392905166731,0.08415566276229902,0.48658667166216235,0.0,0.36675199692337235,0.23534212408660762,0.415904278161773,0.3318876698595292,0.23530934298655817,0.45207000373086154,0.034470500794896206,0.02039340486175928,0.0,1.2722637415384364,0.02330322178562427,0.040364941915495355,0.040463242263760864,1.062050066045228,0.0,0.032235564434321004,0.1915278088659535,0.13450449130468559,0.002763510348278701,0.42232672028537716,0.5667342596517846,0.0038673475858464457,0.02031025922432665,0.20912878861280093,0.434548844220807,0.0,1.0042300944366638,0.7565674190148756,0.2921818730609799,0.0,0.86417872026505,0.356320009787079,0.8215778646445808,0.29821926723444653,0.11325405539997825,0.2436122503790983,0.23429161437716275,0.22544958138081553,0.012042620372260445,0.659283766188634,0.14085685403071715,0.8020827622114851,0.0,100_sp_gt,5140131,0.1,100
52,15.757575757575758,0.0,2.0152687005960357,1.7436438833156331,0.6895470650884119,0.0,0.8675700064296238,0.007900390263635973,1.1032186331353682,1.4601486009105824,1.2683820563686496,0.0,0.41343082485531196,0.3063129401711985,0.2453471898594335,0.608925364856597,0.08906629483043299,0.006883589142582888,0.01381465335531594,0.010387005471926277,0.48251086002200444,0.08015190224569135,0.17946506753101704,0.3779962584601399,0.38798892595322804,0.06312389020357695,0.03944460773000391,0.03096681962039122,0.3765050143233139,0.1295350189427514,0.059386248145403664,0.05673394900111613,0.23660818275815598,0.38969159204266374,1.2974267038147507,0.28645334946919787,0.006516634155103694,0.0099158902387627,0.05039028782370877,0.2809613478389545,0.22375533901952988,1.000180313981297,0.13208740899052523,0.0,0.578767425674456,0.03341563838395164,0.39806102051312964,0.16516627270957004,0.017009847768695706,0.8995764479682913,1.0900428727109033,0.9973241008401104,0.45041849608672074,0.018323431648934803,0.4763902838520431,0.07736680975654701,0.5151033647514506,0.0,0.27594630545956483,0.2711570523913531,0.3818803882308883,0.3745631156518303,0.22350167175073463,0.42753738078083847,0.03323902922852144,0.019735443532831812,0.0,1.4124137670087753,0.023638603289053813,0.03931887629458122,0.03985417079548801,1.0883910309160125,0.0,0.036240921735943496,0.18299391174214127,0.13555457029320853,0.0,0.4290407691492534,0.5967002664003354,0.0038566691878269433,0.01989102638247196,0.2311884822314154,0.4181164389988456,0.0,1.141324081560647,0.6030465255273045,0.24513094149748402,0.0,0.7163348013080774,0.3369107812899612,0.7952229581341129,0.30933522157424964,0.11425564085001196,0.25785191067774677,0.2603357269373388,0.2356037201263555,0.012978307804043836,0.6746237123073103,0.14695925788298825,0.7499630075137671,0.0,100_sp_gt,5140131,0.1,100
53,16.060606060606062,0.0,2.4452148497524453,1.8879074582935729,0.627838738422803,0.0,0.9696515966682691,0.007351397952332198,1.297519914866065,1.4211842739791947,1.2325200434997872,0.0,0.4434665576235911,0.3443821005203504,0.24042694354483593,0.6333295607230555,0.09337873757977762,0.007493921192887817,0.01358578340230411,0.009831418959011398,0.5213269244171247,0.08826947271867877,0.1869726017744646,0.3455598927804137,0.39452280918520316,0.07076124296391688,0.04230685840177572,0.029847210659305626,0.42132190357582333,0.13348842409101785,0.053987194733111726,0.06703461459987213,0.2555646073502251,0.35232800629998184,1.1674459523626048,0.3023115977452994,0.006041940753742626,0.007794059931293875,0.05273330901755869,0.262564713356919,0.22831581480682098,0.9322065471373255,0.12578162261140696,0.0,0.5218480305724985,0.03345238039042462,0.4142002249413915,0.19388983736059648,0.01839919761743724,0.9541168926162631,0.9185234670167641,1.007184261510504,0.4613521295974068,0.019179517986864077,0.4932324239034306,0.07784821766317408,0.4775223151375132,0.0,0.28890043938880766,0.2549314472190692,0.3709613641470409,0.3479389887849563,0.21834615674455266,0.35627604675965363,0.03503985877102596,0.01705211946579743,0.0,1.4218825571590732,0.01778117635759485,0.033600861287250886,0.027939028837286703,1.0172101322665346,0.0,0.03318331006909858,0.1834388279236695,0.12303647799411856,0.0,0.45055178938267615,0.5766572949032815,0.0035372296023852205,0.020848702633497442,0.2723633294029401,0.45191889907502764,0.0,1.1718899850411906,0.6468293706180661,0.2725030531343941,0.0,0.6334101499865122,0.2765479919872631,0.7952398334715679,0.3500552915293166,0.12850875156378255,0.31516363555985016,0.2926650450427431,0.269766561095063,0.013943276360176156,0.719806018057145,0.1474901875063757,0.6810552726628414,0.0,100_sp_gt,5140131,0.1,100
54,16.363636363636363,0.0,2.257115115590934,2.095825021292506,0.7044242686435186,0.0,0.9791182984693041,0.006231307785195356,1.3915765097196295,1.326110329889668,1.207188772111992,0.0,0.4444797152683894,0.3275895826512918,0.2687532589181133,0.5402796295619363,0.10702485617317659,0.008356878980028789,0.014409187395234283,0.00932296082534287,0.575965998937258,0.08681780450964806,0.17353425675243872,0.3214564773055737,0.372165026585695,0.07662927484453957,0.04405196487191191,0.02945407256982708,0.5471103223195165,0.14314881184886688,0.06154045266606401,0.06929880233963066,0.2678691049781773,0.3008014593732022,1.237796779606405,0.2919659834093121,0.006888741626209244,0.007451179715500464,0.05903682616300297,0.24566169562408247,0.2210957878852636,0.6896221982330647,0.1257341196028349,0.0,0.5442764820617132,0.0341336722675376,0.4409551394471996,0.1799011414287118,0.019578030517897096,0.9781298556559643,0.9206999549733462,1.0099162151263021,0.4262481413729512,0.0191805364421804,0.4620520515759545,0.08590823975066786,0.5481759508564747,0.0,0.33394265914166305,0.2912805789358504,0.4379949025707093,0.3743983760425588,0.1780181678947682,0.37762684780641675,0.02674513271826344,0.018362774109693083,0.0,1.4942479182320338,0.015568411857434222,0.037219942245064946,0.02210019818672687,1.1475143012502422,0.0,0.029048543786928505,0.19055671622358417,0.14899520220804152,0.0,0.47103616171026497,0.5825411221799338,0.00432108025438555,0.023212396683030705,0.28954044079394026,0.45523823301669775,0.0,1.0817507692298163,0.5406367746331304,0.2661658791097791,0.0,0.798583949952909,0.2615499717673812,0.8010723667313276,0.3317479164071115,0.1416222908702547,0.3770630296949644,0.33383607016689154,0.22515447443149267,0.011810558884112698,0.5712334919719964,0.12590517912993426,0.648040457837507,0.0,100_sp_gt,5140131,0.1,100
55,16.666666666666668,0.0,2.1509411630299513,1.9779484022337193,0.7214699594462006,0.0,1.0151715302607023,0.007247020007491612,1.069686606667533,1.2798525879424074,1.2337933719473904,0.0,0.48738837835339005,0.3383886183023731,0.21707522605003032,0.5721831542164565,0.10935749213929129,0.008161073049383214,0.015063643411365367,0.009347437175381224,0.5527002213617584,0.09116322606363955,0.1688908356537427,0.36018875983049176,0.3443933956676456,0.1071674906115935,0.03512048282704884,0.030638879509886294,0.538044085987917,0.15354700753152836,0.060383701058138485,0.07304252695243599,0.2758723046172239,0.34319165376607147,1.1897583231191715,0.2696749003123618,0.006206725155892369,0.007524678308399567,0.06095808498763534,0.22746521750860146,0.21769331515197812,0.8227591419372065,0.13122690558309535,0.0,0.532077754632454,0.039668460850587096,0.467592993659124,0.18901162902405552,0.02206121210381649,1.0081423888653311,0.8740536593267264,0.8528432691815694,0.51796270356061,0.019893025802936067,0.3956708898019254,0.06473054312363097,0.5777155207502316,0.0,0.3517919827199979,0.3087066399809383,0.5700001171421821,0.3936166633793255,0.18815609214660795,0.3476702297588893,0.028839848741262927,0.016788227965915687,0.0,0.9492754039591039,0.018132960811701376,0.04201180932472757,0.01657947378995367,1.010117794030665,0.0,0.030186838937161092,0.19462334974199788,0.1598237131037116,0.0,0.42863491784535745,0.5991728787218891,0.004525095063081636,0.022563824344671787,0.2811413187592165,0.46441043911811075,0.0,1.0755420256820616,0.44258732472574086,0.29628978137964945,0.0,0.8395736053709377,0.22327492174181343,0.7595954865134928,0.307505159982884,0.1359111704683429,0.44261181221426904,0.2709821441838981,0.24960525347352633,0.013818551631595113,0.5547855627581817,0.12243066977384229,0.6018898877614897,0.0,100_sp_gt,5140131,0.1,100
56,16.96969696969697,0.0,2.282769393132845,2.0977714258079394,0.6262472606190709,0.0,0.7986447619509225,0.006462363029648601,1.150351327440959,1.140021622411621,1.3242882457705778,0.0,0.5449096594595972,0.39283365075757104,0.20901691723803045,0.5240575657163455,0.1305888816904543,0.007847014823304969,0.013619769565288263,0.008404908551921194,0.5720940562139875,0.07953841606210993,0.18716642768158107,0.367001945481216,0.25499610736621503,0.09938238981901051,0.03722931246833289,0.029136706685516215,0.4667825968891136,0.15246000632713883,0.05579799621938797,0.07635751251064726,0.2661340412859638,0.3806723681947691,1.1523905249216033,0.2769554511517966,0.005369338482310108,0.006889901879724544,0.055712430710660954,0.2171966107537304,0.2340260059894411,0.9549950380243114,0.12371115563068502,0.0,0.5140274201524339,0.04165255023352384,0.4629098683841405,0.18798268696720352,0.02383694329795303,1.0358308566455416,0.9284227684117697,1.0848214325188805,0.6374432471804679,0.024317981793612487,0.38067401139632123,0.06894214033196944,0.5179125539139123,0.0,0.3222412013794772,0.25742142654266237,0.550340090857903,0.39147190500376794,0.17434736152965236,0.3796014135674424,0.02495807664504289,0.01681292196542135,0.0,1.0815624992898778,0.01642596946184777,0.03507019735191592,0.01737965690349784,0.9408403120712246,0.0,0.031931111088924796,0.1933668598940918,0.1562483109977238,0.0,0.4012846244523329,0.5172661076927169,0.0037508368709228937,0.023596770188208063,0.2779445138338181,0.45609902597014573,0.0,1.1998288478374732,0.5326614673042563,0.3164292107147798,0.0,0.8922561666651502,0.23084398038362247,0.856578935093499,0.28088663309097495,0.13482837683046506,0.385528974046769,0.23851083587173202,0.2690979829487055,0.013641235981837273,0.5725928801512227,0.16051844290109468,0.6482604210366607,0.0,100_sp_gt,5140131,0.1,100
57,17.272727272727273,0.0,1.9338458083186227,2.13861673721455,0.6637866270569904,0.0,0.911857061670712,0.007887785423234546,1.1468190045333904,1.2255070238418782,1.4019355663237503,0.0,0.48167434963397343,0.3266555907708487,0.2364644387613922,0.49030059061490944,0.14031505954455833,0.0075828350570333915,0.015341903303581952,0.00875375227012286,0.5434003522700415,0.09425549741910288,0.17503236749921167,0.33234547544931514,0.2618530283417308,0.10276594833794521,0.039994425518206145,0.029596604184973556,0.5248745640370374,0.19263858376188359,0.05934332221121091,0.07732270092229361,0.2680400306817974,0.35009670803147236,1.15368616901972,0.3121325021851949,0.005013964497661981,0.00574966769006499,0.057536005232681084,0.1937646291162417,0.2553386569603702,0.8971309573521233,0.1088728571932416,0.0,0.5049105505487654,0.037929113777645754,0.457187887972883,0.18457812000440563,0.025179220066429267,1.061399898971449,0.8665822276386129,1.0981855084773091,0.660182381475743,0.022739502418919713,0.3832717951948451,0.06797234196639598,0.5498733114842353,0.0,0.28828175176164234,0.24944109351358668,0.6171425945365212,0.433234201856163,0.20189105387917042,0.3867571992204456,0.022940533488723082,0.016525166514637646,0.0,1.2850175852914691,0.01650077814474935,0.03667284299045491,0.016319380172955558,0.9793684482733038,0.0,0.02810092099525092,0.19690403534629106,0.16497228980934717,0.0,0.46652434739703397,0.47200852026154483,0.003962938154535253,0.02117537008105523,0.29966520606137503,0.4569506066094368,0.0,1.1895896539221886,0.538922122617918,0.30237627494725433,0.0,0.5871202224631109,0.25533082225870646,0.791753527380099,0.2933783446785283,0.14717147504918154,0.4982784515215913,0.22129331155553664,0.2799722753033795,0.015389981143286746,0.5759913523746019,0.175942369636659,0.7004425376162808,0.0,100_sp_gt,5140131,0.1,100
58,17.575757575757578,0.0,1.805219132955102,1.9978192893753441,0.6397329557412397,0.0,0.8493343542625995,0.007185289171867212,1.1600272946645707,1.0826894689835702,1.2805068864894378,0.0,0.41062746817279727,0.3207434302420782,0.2218625547990079,0.4497172385798997,0.14372181227595998,0.007351375096848333,0.015477082229346887,0.008472328881330525,0.4067133258425838,0.10443113407243908,0.16866314315550243,0.33972610577224555,0.2710175123157396,0.08744877762161661,0.03757603749812348,0.0293589393138761,0.45906124975879853,0.18283717552628403,0.06409921736525052,0.08328177517850734,0.22922776661105526,0.31755999837262455,1.2764845018239368,0.2940122546584121,0.0047163244089474836,0.006045680710211265,0.06878502552644489,0.17854012050959528,0.2585461670987475,1.0669281810867155,0.12309223731748711,0.0,0.5304691857945727,0.037908564971593894,0.4357602885287388,0.1837780751650181,0.028644483370206995,0.8205948906097938,0.7768682843400395,1.0583844411018912,0.6427792128904644,0.02134608563019153,0.30311376722903594,0.06335430625708499,0.5332043628678997,0.0,0.2439980043482699,0.2605842573934595,0.6225497126858749,0.4928873557005593,0.22218885135095678,0.36746384947575206,0.025063686021873113,0.015190425452844627,0.0,1.0938278195124065,0.01758271297471454,0.044001550902935796,0.016363517810610104,1.0073650062043535,0.0,0.025460810305905746,0.21641630233322032,0.17351113443256203,0.0,0.4989976775707222,0.4744835449988976,0.0038419227273801208,0.024044233729255068,0.3056731867762513,0.47787059424022343,0.0,1.004272875603497,0.5285509119385877,0.3130171885588143,0.0,0.44308042044596707,0.21814564532750436,0.8055543935274764,0.3337210538968116,0.1703441922955546,0.42205769878257265,0.24456676314219256,0.31400247326678105,0.016304294138047758,0.5122492710897204,0.17962563734250347,0.7027105451878444,0.0,100_sp_gt,5140131,0.1,100
59,17.87878787878788,0.0,2.1748172939146118,1.6447412395727161,0.6593722758863637,0.0,0.8846328862936679,0.007963795928119145,1.2407701829613884,1.1221833788726323,1.348051106248753,0.0,0.41090298944853076,0.3268396900225587,0.23166714944067618,0.5010400132573514,0.11844581005666151,0.007586839671628806,0.016485330583004526,0.007938281824822396,0.4233104320995577,0.1004653133886891,0.2002018058932602,0.317910655731006,0.28048553942519033,0.061552351646486994,0.0364980021813899,0.030133972627893055,0.47345047245643174,0.20398642560164285,0.07281979351545452,0.08960223870243288,0.2854863338802413,0.34455621842333917,1.2962242305828569,0.34111423411166386,0.004690312434805426,0.005603772103733473,0.07073936667713676,0.19012072614673714,0.18989731367935506,1.1015615946026223,0.1217320973863916,0.0,0.6883462744986891,0.035379378779631765,0.396809528652987,0.2199296687026944,0.028345512460074756,0.719750945774636,0.8822015669968599,0.8358329128702373,0.7312044197853422,0.020183300149805124,0.3151986610783993,0.05866548117821977,0.6031131664222336,0.0,0.2799974979121682,0.2659115545284147,0.6349164542396369,0.4595516201172049,0.20309401829423018,0.3758896858540569,0.027464036158008208,0.014266119923213057,0.0,1.0242939450696624,0.01536892125251337,0.04850820595038939,0.017472915926815165,1.1023573458535258,0.0,0.02221313846507306,0.22285929145185,0.16381644712113916,0.0,0.5189629575461425,0.42459413160595827,0.003602479782358014,0.02309637059583605,0.3227576041863356,0.488541072538992,0.0,0.7618810962950654,0.5375908728333626,0.34675056572065577,0.0,0.5301174292301569,0.254709194107415,0.7315762121311794,0.34010782082114677,0.1640516815272281,0.45617722576622,0.2510299588668186,0.3491468779498157,0.01757847325153509,0.4919493754643941,0.17718912582033083,0.6708505385431465,0.0,100_sp_gt,5140131,0.1,100
60,18.181818181818183,0.0,1.976718007223375,1.96403962419778,0.4866258507770601,0.0,1.1912973525135084,0.006572531010473905,1.294245549145886,1.3567717346639454,1.2064642682041185,0.0,0.45944921492514856,0.3936782046443948,0.22900105911182125,0.5985305149312441,0.13117663729756243,0.007061803920261602,0.014949580006697046,0.00903144515465903,0.48045754038223193,0.13499385663190505,0.22599305299267575,0.27837186938606495,0.2540826770780759,0.06765862361658538,0.04276179940490181,0.025895225555840735,0.5015540857736019,0.17629205763859063,0.07240283567649897,0.10338431285440589,0.3254170129698597,0.33872789519584545,1.2517495465102684,0.3159205090502794,0.004270551845493088,0.005893743674290665,0.07008711681433485,0.18956221562763023,0.20636948461762722,1.0141054900891473,0.1231205189923692,0.0,0.6326009201176092,0.03597798206279639,0.3639482512471491,0.22980037686080845,0.02970143278972278,0.6980178737343712,0.904503324072192,0.8659398924011136,0.7423123938470418,0.017432426441350696,0.3332652803765571,0.06158532955130902,0.6034890672082429,0.0,0.2923839576742373,0.28218487252029373,0.6528510677799265,0.4641592920739048,0.22604015664660349,0.4026347951650284,0.02592312815982175,0.01312974839341797,0.0,1.0470885310562836,0.013972253566196021,0.0455580687535397,0.015072862882392755,0.9943084743183331,0.0,0.022328986574910618,0.2389564108601885,0.15080473196414315,0.0,0.40523374727149925,0.4728880706096667,0.00443367882741041,0.02360795571357056,0.36409977943017147,0.4878847811058662,0.0,0.7433332851588941,0.6721286461552183,0.4371869993916133,0.0,0.6014059849792974,0.24572928749827638,0.861005033697219,0.32768388517265606,0.1703059195258173,0.4697549724588942,0.239100116463754,0.40375702610064984,0.017906876948120206,0.5098789857081523,0.13811643046142946,0.6307553267917523,0.0,100_sp_gt,5140131,0.1,100
61,18.484848484848484,0.0,1.8174479612806231,1.9347236385515059,0.4764950610808061,0.0,1.202944549142041,0.00658873025674444,1.3301493008717438,1.1226707815154287,1.4789143698760907,0.0,0.45752471794343536,0.3801954069835122,0.2585741381917842,0.6503240014014295,0.12305064724106989,0.008477293547571282,0.011866558063541307,0.010265762618598082,0.52364088932685,0.14854753577435656,0.2422065612521745,0.27930376623236286,0.2446977282066901,0.0707354228627443,0.03969167438741505,0.026278196072445387,0.4937057417435855,0.16194284777921036,0.07556599398184406,0.10425349704406431,0.27027450042829215,0.34677767017832456,1.1880866305210644,0.3334347295701197,0.004731572382665813,0.005890763524933082,0.07086742760859949,0.19207659320648396,0.22259090741821883,1.0954410405762045,0.12477925331363232,0.0,0.6727811072781122,0.03712161164964363,0.37602779301497813,0.1944969478750867,0.027403036300462324,0.7601022813459473,0.9596032259803761,1.0668116832072683,0.8036004993990813,0.017699451826734883,0.34592824664598654,0.05927660437832479,0.6059453834158796,0.0,0.3353767597836122,0.3027486714670073,0.5946554518237774,0.554824907962877,0.21448046785519925,0.446544212121457,0.027606425615867552,0.01419252553945879,0.0,1.0175334002676109,0.01439867790504773,0.048177459346986945,0.014685017259020997,0.962346444968844,0.0,0.02165662404992627,0.2567290266492195,0.17462309765400905,0.0,0.4170894454718129,0.36975958004039555,0.005089069341167584,0.022227905698030192,0.2927177228382463,0.4715875665061052,0.0,0.8362390302525672,0.5476227074374364,0.435120177571783,0.0,0.6667343635198325,0.2431945776360399,0.8201370148174463,0.3966507900024123,0.20019592812144102,0.4812331129096386,0.22863055918120892,0.47345601745585936,0.02026130856232418,0.5784871762654292,0.15135428777710894,0.7119594434386679,0.0,100_sp_gt,5140131,0.1,100
62,18.78787878787879,0.0,1.9323444403693952,1.8192773152179218,0.5734704987125622,0.0,1.0625611307035427,0.005589763794578594,1.4165171076929308,1.2448758735416598,1.487273818075874,0.0,0.5422958662761459,0.33849755135823695,0.27035225155971243,0.6746979462680931,0.14722699486446553,0.007608879777647018,0.011943980081596185,0.010895632642717227,0.5541748034169948,0.15260842979623457,0.2396723309946755,0.24991587145874106,0.22416880114514462,0.07845919773986589,0.04441288528185425,0.028969277959719805,0.6090580356603951,0.17641334417599433,0.0738143511629497,0.07887519661382701,0.2705390736957799,0.35499314752085664,1.3141515372385726,0.2822878395176358,0.00473436809217377,0.0058986962220796925,0.06606075034254279,0.198210209806048,0.2161480251517609,1.0907379815236182,0.11414970184657035,0.0,0.6693326554431412,0.041384524605749734,0.3783437975144091,0.18473526767367077,0.02446742129405194,0.8353506441796658,0.8765834562991422,1.0021475858559565,0.810011989506216,0.016580703154187956,0.31512116051596417,0.0515566834757906,0.71838345515531,0.0,0.3196830959961443,0.2680321674677463,0.6107213388707758,0.5561833904800952,0.18659833390121355,0.45124293570465557,0.02885350960401649,0.012829345028257451,0.0,1.1006938380146163,0.014526355488856453,0.04893854107590959,0.014314682682582607,0.9720762609886221,0.0,0.02351989198368142,0.27265650224459165,0.17885884798450916,0.0,0.37979665432596743,0.3797063322379648,0.004891153573086469,0.022568890948169003,0.31750634733888594,0.5064234395644743,0.0,0.7707478453909247,0.5223946725470581,0.4614929507809734,0.0,0.6624633542258523,0.24773509951352635,0.8001954262054725,0.37601976809156334,0.18689432066937461,0.4725839924893988,0.2029696875911648,0.42735480124746916,0.018647304142262476,0.6388469658951276,0.14753832135064948,0.7165583092184165,0.0,100_sp_gt,5140131,0.1,100
63,19.09090909090909,0.0,2.0153032286820594,1.992093483431184,0.6118916993934386,0.0,1.0974790034552904,0.004712335984837051,0.9465975232446406,1.2105183333925615,1.428562149072968,0.0,0.5902060556866202,0.3489575537633385,0.23059981971450066,0.6889179534530641,0.13015007155022906,0.009006189157598413,0.01038020449155165,0.012212706315151745,0.4652330946645099,0.16336377391702833,0.25804900377662693,0.2620587399768665,0.22464677266347827,0.09856446988783331,0.039683529369940115,0.01939381381237109,0.510983271802119,0.18238108356267435,0.06772979431201354,0.07614731537528505,0.30922621297844716,0.33400548238993244,0.9701730950622782,0.31947492591982063,0.004986762641540281,0.005145907273105781,0.06205888194436255,0.18844537515976165,0.20421716037834217,0.9618290555649365,0.13020072709003133,0.0,0.7401418540495274,0.03701075363519439,0.37394424314296404,0.227812570601848,0.025585312381389214,0.7806475767064852,0.8314270802042777,0.9188230631047005,0.6845212190191876,0.014524764334465161,0.3286531960943318,0.047609131242228035,0.7976678789586567,0.0,0.3237919967542799,0.264246487234345,0.6288067691075274,0.48393585867623273,0.18884468822836697,0.45276650768821114,0.03068028262388219,0.011103775636551903,0.0,1.2529815601651333,0.015102885860717764,0.041111845276452355,0.014950942022213524,0.9439679037721357,0.0,0.02676273207445844,0.3372680655426803,0.16015643421778564,0.0,0.4099000751659549,0.4057827618748137,0.0039025957668682655,0.02309523658790684,0.3368270156550178,0.4924194939315213,0.0,0.845103063691997,0.5585601088859292,0.479094324889986,0.0,0.7207049702576185,0.24464151491393454,0.8729839327843484,0.40916108219923814,0.1864588679531057,0.4413984706779309,0.22330622286090884,0.4981925145773395,0.016391038135341075,0.6777378804395313,0.14577604748454978,0.6617555705999154,0.0,100_sp_gt,5140131,0.1,100
64,19.393939393939394,0.0,1.8444403803911353,1.7816848331409156,0.553746322527919,0.0,1.0540013566712598,0.004982392009502436,0.9605936194095505,1.138339744794123,1.3476203152418822,0.0,0.5335969838355709,0.317517170889973,0.23652287670323704,0.603833076486154,0.13856339054719152,0.01004839922593713,0.011098517069611525,0.011534502701810626,0.5115613693338296,0.15773704645817235,0.232357975838158,0.2855742950405385,0.24903923034059616,0.118121191853829,0.038259456174485854,0.020018794597404216,0.4853172140675333,0.19364376617191537,0.06783348748044445,0.08010085110477558,0.33907338719947755,0.32955188808750513,1.2445884654730905,0.29835376887738,0.004902810798578893,0.0048216911582650655,0.05721572340418044,0.19668776154472925,0.17512464674521316,0.8875967494161903,0.12277927609055231,0.0,0.776564295048595,0.03645002511742875,0.3668677145833139,0.2149985252422869,0.02689927355110042,0.8384769381501319,0.9183699988113585,0.8096099188998962,0.5681994392698031,0.014575609474486259,0.37100983750670274,0.0563964427352771,0.689553467266712,0.0,0.304315174593677,0.2765541896175186,0.6212736073382921,0.42671197139128386,0.2028056404450439,0.42081979838375766,0.03039909633470466,0.010686632327348048,0.0,1.3462302414081795,0.01406793693019292,0.04062445220441074,0.016253445618487572,0.970814550341705,0.0,0.028474483333758006,0.33975472675244117,0.16366977878323472,0.0,0.4324381894230342,0.44565862238621917,0.003961157142888722,0.021254870049943766,0.3267393747790726,0.41386745482314247,0.0,0.931964482655117,0.5109216366870211,0.43508897073772823,0.0,0.638833492262112,0.21228148355924004,0.8001088472039795,0.35124239654893163,0.17840664875716591,0.45987951556631,0.22583491619721077,0.47916562400042734,0.015708739868528002,0.5893972473403859,0.14291165247362786,0.6308394260781082,0.0,100_sp_gt,5140131,0.1,100
65,19.6969696969697,0.0,1.900159599819004,1.9492879066668565,0.5531566873121693,0.0,0.9623827064677302,0.005383448966745696,1.0330648622965288,1.0530888861957537,1.052903364248805,0.0,0.5134200808731771,0.2864781860717943,0.20751503715806194,0.615100515250001,0.14154001387750637,0.008944166498930692,0.00903180783333371,0.010142349085876672,0.5407265021866265,0.14314574360280588,0.22055849107731162,0.3205881033072552,0.29060607434886776,0.13925035984674963,0.040038244842935854,0.017747164626116536,0.4059267687215088,0.24434403773821303,0.07629799694015962,0.08285754621280766,0.3049360661947859,0.3531227184431978,1.3424680327794722,0.3164872765217237,0.0054506864047163765,0.005601377225680965,0.05564083288499891,0.20585340276045877,0.19700061826991583,0.9444093028973864,0.1111694663619007,0.0,0.7802123223093923,0.04272663803868467,0.3983369799422698,0.2268157863472872,0.022121259287145888,1.0288206570913558,0.9549027164253356,0.8347035727109782,0.5842017893271906,0.016198619958559774,0.3831893173456057,0.049707165445475585,0.6878797409840064,0.0,0.30287356900789314,0.2725362293205132,0.6434390380986199,0.45095083410339537,0.1885968190833107,0.41062858386259354,0.035251661820335796,0.010480544923447094,0.0,1.3136190489473445,0.01277745339578277,0.03615678733657486,0.014512409793870357,0.9045159457077028,0.0,0.028665722631191354,0.32134673021259974,0.16840146661398311,0.0,0.47956722571319566,0.4448016159751998,0.004332962071406697,0.016820631119700752,0.3040313593764611,0.4329335368892462,0.0,1.1173511497581288,0.6132443364834154,0.3537160338087598,0.0,0.6920306823616446,0.2183095242178641,0.8534755188399948,0.34880784547449545,0.20073168403791236,0.4445513793469672,0.23149857850996136,0.4074520791796894,0.012402737406830035,0.6119411567353104,0.15033658997855767,0.6444234235232007,0.0,100_sp_gt,5140131,0.1,100
66,20.0,0.0,1.813966204804646,1.6863418250333573,0.6002574683719578,0.0,1.0680950465131578,0.005837557698859619,1.0565202797417743,1.2241205026464748,1.1528694313374448,0.0,0.4857803062298392,0.3218414020393539,0.19718225189251556,0.6431115566700796,0.1693324374544887,0.00825622992702485,0.008103536149896779,0.009303054233282338,0.6019414084568193,0.15131412184829968,0.2047920972825246,0.347911243351405,0.26001598310583485,0.13860202340587793,0.038750603528160295,0.018482948172263265,0.39559725212800445,0.27829808043334864,0.06588085049441582,0.08889714626968705,0.29763007110028805,0.36174385807876097,1.2754590819763996,0.29719336641176497,0.004860823955397266,0.0055760973026066606,0.05759796192881159,0.20990805798952655,0.24636376066370816,1.0473014024587515,0.08264512884956732,0.0,0.7892592311469605,0.041262035839417274,0.4237512115666949,0.23812469815317922,0.023058909765434833,0.9257817732420252,0.9697945239510032,0.8451936970727895,0.6007031981075244,0.016065283493174015,0.42516506441215957,0.051370204507749595,0.7576268092120061,0.0,0.32663687167943467,0.26664694749888956,0.5985466319063049,0.5194014577149135,0.19390209288199328,0.3943326839727468,0.03881584097384182,0.009935578829363674,0.0,1.20747067163424,0.012658982474921967,0.03830951671565969,0.014803570250466018,0.8851286990000213,0.0,0.03177099456958481,0.29883188916030257,0.15098167492739767,0.0,0.4921491279389445,0.4924203276648861,0.004534377885126891,0.016243913117032802,0.32113788863047127,0.4431895890296767,0.0,1.1267857295546126,0.5970087205175573,0.35371566782590824,0.0,0.6611141720583508,0.23295080480367975,0.8244091042626751,0.36906309342320964,0.19822064733672962,0.43555789474261736,0.2623422264022209,0.41400600507750435,0.012869884635762423,0.6490057913024242,0.13688108969933202,0.5884614749094518,0.0,100_sp_gt,5140131,0.1,100
67,20.303030303030305,0.0,2.020774975161939,1.950087397319417,0.6188222700230679,0.0,1.288913403076989,0.006371752375353922,0.9420700965006774,1.1451963190772374,1.3783994388654228,0.0,0.4841089203621663,0.3356118774758681,0.23484615851204632,0.7056984951915913,0.15507449426575723,0.007643004449384001,0.00795528909475068,0.008194206663182452,0.4725813078544211,0.1535998423068491,0.19369099531147307,0.30019210548597014,0.24071892612548093,0.1460434029122818,0.039025780279010824,0.016036497448026005,0.44173923227598416,0.2960300347122597,0.06470665943879447,0.08448725014933973,0.30529046836565843,0.39267657546917073,1.3917889846182603,0.3271358231971916,0.00475450074745749,0.0054926101302760575,0.06059443259899722,0.19415684428258986,0.2615608373690505,1.0715589204264113,0.08106367206465802,0.0,0.7810838572517905,0.03608696910768451,0.38812751706578036,0.24711331774546733,0.026991645988397293,0.9409584779837864,0.9884680074278339,0.7451157852679224,0.722503554976782,0.014214331565459457,0.4531403441308266,0.04763951464605119,0.7401818883987876,0.0,0.3381360263390942,0.24622911325477992,0.6547721710571068,0.5208731829715326,0.192408914576813,0.35200744252471017,0.04315023748124122,0.009166008373546452,0.0,1.0943559301601542,0.013876508149093473,0.04412936623540722,0.014054971898892727,1.0113847665176112,0.0,0.03683476205756667,0.2967276011921766,0.1501372930136602,0.0,0.43691040932240255,0.4819139473235988,0.004460211915604648,0.017779321376721235,0.35128199007382155,0.4882513251568206,0.0,1.1136230487432224,0.6193981687428808,0.34399498252961447,0.0,0.64064693936924,0.1963127825356144,0.8099108611345806,0.33083607046324615,0.18783976085470586,0.4687406665570578,0.23609525639431628,0.3268904352482861,0.01370131022573542,0.6108942176835586,0.171387760859046,0.6266637359151876,0.0,100_sp_gt,5140131,0.1,100
68,20.606060606060606,0.0,2.1021150691018846,2.019827607743487,0.5346630582539006,0.0,1.320309603387249,0.0061785396237014675,0.8666377360292876,0.948470449970454,1.25104566289156,0.0,0.49444111432746934,0.33095549909729366,0.20060815480944394,0.5992653449535401,0.17327896034291956,0.009102615517068605,0.009009721158927647,0.009497367800673773,0.504006205542506,0.14048162573950526,0.15718027372692275,0.32758172674205,0.21981084128364767,0.15931393102577807,0.036489791981098064,0.016584765928044393,0.3836724784210607,0.30552046488368734,0.06539323865864095,0.07442011560995782,0.2992081892698646,0.3898689771405922,1.416647945199609,0.3312375814495566,0.004651333446803299,0.005494530546117292,0.0585273446493569,0.19374681781369837,0.2665172039494754,0.7742865142697982,0.09705633074556042,0.0,0.7407143380169499,0.03923406646286802,0.4228848012455965,0.2308292388320723,0.03068826340846157,0.9955191987793637,1.0226265715573335,0.74236091295035,0.6917052949897764,0.01241536784245587,0.4114494257709662,0.049613742823086115,0.6641341841858338,0.0,0.3351719455586217,0.24343271316991824,0.6605954995754106,0.5873522748393573,0.1726029244928108,0.2917434192662085,0.03845145334473548,0.00805063662477089,0.0,0.9842043520820203,0.012498793612700562,0.04760556811330954,0.014047833622608901,1.1034166458476657,0.0,0.044777736212856245,0.2563481077918697,0.14375356945635387,0.0,0.4054786128784985,0.46157924926153987,0.004994358329636149,0.0195490758628652,0.3395342868793136,0.543712095185323,0.0,0.89484292722605,0.6327793735038477,0.3691157137721393,0.0,0.4942932443937944,0.2005655796159572,0.7929426015389216,0.3253974732728349,0.15591880719694193,0.39062530547015173,0.24368475921940183,0.3616728461903768,0.011695615991321916,0.7232127116546914,0.179016285695612,0.680865224854541,0.0,100_sp_gt,5140131,0.1,100
69,20.90909090909091,0.0,2.1565771514732344,2.3172937357016217,0.5457584680438737,0.0,1.2211505374160148,0.0059970723145734055,0.8365106072016644,0.8820599134938621,1.20612276650577,0.0,0.4458644001181245,0.35222821351245154,0.19405708516038253,0.6882916408498756,0.15201204802110735,0.008262552338834644,0.009526710021491141,0.011276253732956822,0.474204801091394,0.1370686254938231,0.16641609331618845,0.3406661191139888,0.2142066207475018,0.17093874367526646,0.03807097306431789,0.015026177704515798,0.32392560940904647,0.3371213368186594,0.04900187487573937,0.06636750654470462,0.269012653827456,0.30678601213888695,1.4080560849784494,0.2915405738480339,0.004170960533899211,0.0048915723698323725,0.053887919453679815,0.20381358121861481,0.2602353243354013,0.7722973478056189,0.09930519781322299,0.0,0.7506503435727521,0.03895573717782282,0.45052832948308863,0.2418320302826086,0.02695198562845473,1.0208076335163747,0.9326697361471341,0.9211474756615794,0.70267000473594,0.012640459966786149,0.3559657202459268,0.03994381445607628,0.5777195166672544,0.0,0.3119438225693042,0.2651798469889706,0.5728018436760555,0.5465326472515011,0.1807713890678115,0.30382185807764567,0.03948193515800845,0.0072952661058430035,0.0,1.1697283099532256,0.011737109209093804,0.052832500962807324,0.01378313054802178,0.8506709939022188,0.0,0.04319818717983468,0.2707505821863287,0.1511171018372292,0.0,0.42909674186232166,0.42957653431793974,0.004785241419562014,0.021123026245064982,0.2662125971976496,0.5313295094548189,0.0,0.7549601452475296,0.5508462006123617,0.37601015807397,0.0,0.5054582169400508,0.17768447187447778,0.8641859216948827,0.34412260575937964,0.1477301651087293,0.4308111432619244,0.20271832497031847,0.3356112920546617,0.012802118475093395,0.664544199999881,0.16926566007289912,0.7450297496267777,0.0,100_sp_gt,5140131,0.1,100
70,21.21212121212121,0.0,2.189647939212487,2.2461462517863513,0.5474253771531292,0.0,1.11432953191856,0.007841793866379995,0.6711077592508085,0.9548584911858603,1.1375606367005162,0.0,0.4189204752072227,0.38554495083027124,0.17961686695513757,0.6782613178020093,0.15134906916557783,0.008907498412682586,0.009487428628046777,0.0122285283701439,0.5244770414538013,0.14556913534643015,0.15151144535277822,0.29458364065621157,0.2009498212511818,0.17349365095351257,0.03171673828872543,0.014626438555737057,0.3704189104615038,0.2905512572529258,0.05171199782196904,0.078139099612719,0.27659955583357837,0.2720328209853259,1.3780514613658381,0.32000935887378557,0.003926355128846432,0.004297069055913238,0.044924749501953104,0.20304056036600376,0.24168238251307206,0.9143557616543441,0.09716359678085762,0.0,0.7745454515801339,0.044093541693953166,0.4184602259368691,0.23281978187883384,0.02792885590533016,0.9887629305150695,0.9769387869516726,0.9033768553364114,0.685597181873924,0.012325639989202513,0.3307256312718713,0.042160757658776485,0.6604903866975447,0.0,0.34950196098242925,0.2784722846437573,0.6073877861886202,0.49471155876478234,0.14181201877747868,0.2788080432784423,0.046312487965134666,0.007145177561999378,0.0,0.9811990799611395,0.010054804458580554,0.06143923956220729,0.013231745804973811,0.7644669299333233,0.0,0.0424513633494022,0.28166437488519863,0.1332752968919917,0.0,0.49438950407598636,0.40025650140972957,0.003886825132950798,0.023318907748222876,0.2971707230719637,0.6394571537925995,0.0,0.8698682322630126,0.4813251810773829,0.4158211848231363,0.0,0.5601292398269506,0.19082956959261987,0.7228698482325268,0.3505246769473565,0.17627327996233155,0.380289398142359,0.16576772393598976,0.3934147391136688,0.012946969672327032,0.6830450185377013,0.17473146919669524,0.7183834984328298,0.0,100_sp_gt,5140131,0.1,100
71,21.515151515151516,0.0,1.8928636280262463,1.838871282673153,0.5469340986397879,0.0,1.1702941305133143,0.008274743262058126,0.5760209333813754,1.052107937968864,1.3734910124719315,0.0,0.4369660785874052,0.3305087512234995,0.18050625537436754,0.6751374357142553,0.15490055716802525,0.008944998119575328,0.00988670155340219,0.012607918293311943,0.5536264426096773,0.17085627228997782,0.18403348472373893,0.22815916223356558,0.21970321688784408,0.19205169208199496,0.032742372780372155,0.016109202345604878,0.4854439292961231,0.28832331203693695,0.05438707353346,0.07891166433082386,0.28224559442205843,0.2630771207391108,1.4128184554823437,0.2996335483285666,0.0034102554360139464,0.004418931594141447,0.05371349515113828,0.2014374323382343,0.24744469946582012,0.8265968515278862,0.08254757538209939,0.0,0.6859603862539453,0.0433009084963914,0.4102469366968122,0.19642801998683568,0.032322906290557674,1.1227823137825796,0.9580152382578221,0.9416129598685918,0.6587127219008501,0.010983092187384394,0.3024825323497777,0.0448266270889369,0.6442117484218274,0.0,0.3908972900781252,0.235728397143381,0.6333323003144313,0.4338268585467991,0.1278688135715094,0.2745362260827178,0.042169418417003376,0.006348799255571035,0.0,1.1507841303294284,0.009286117909885244,0.062159413511551576,0.0137170272299668,0.9026792210522191,0.0,0.038485752500872356,0.2596025889240152,0.16358379714795315,0.0,0.5029243922220853,0.4723199367571358,0.003266851569940066,0.019527876232758503,0.3428161812423725,0.6758381126163167,0.0,0.9219235879579284,0.45570940658923464,0.38800680512200014,0.0,0.6497041561807173,0.23623472416753222,0.7211288523810352,0.343207692293112,0.17233100281114697,0.4670869259377075,0.18484657653715691,0.3655971468264148,0.012519478069616497,0.6412587451026523,0.1686496847289668,0.8007221179269589,0.0,100_sp_gt,5140131,0.1,100
72,21.81818181818182,0.0,1.8717309746649264,2.1023988443320154,0.5021329162102689,0.0,1.0890511102658427,0.007900431815899842,0.6554636738011013,1.0985546686307925,1.3260177049754929,0.0,0.5076520155116969,0.3624501105882398,0.19750180091855835,0.5503196327850536,0.13847933940730456,0.009169356476615473,0.009029336109309788,0.01095601812317553,0.5971066451134941,0.14947149272214327,0.16953648255304415,0.23815370158663035,0.24563808478876575,0.24025129421454422,0.03266338056973453,0.014667639116561968,0.4405886829336938,0.29720878858862043,0.0559205793982036,0.09077263274425562,0.2622968574462649,0.234991841918774,1.3990315379924494,0.3321743908080787,0.003895390598851677,0.004967578621039033,0.05428257857798442,0.21472543458792323,0.21095385841296077,0.8995316848717196,0.0782176921517758,0.0,0.6539515790381301,0.046673776248610147,0.40276174938554277,0.1840728713281678,0.03528929896992763,1.0925983850801166,1.0050840762271622,0.9839586787948308,0.7064396057278246,0.011210472667177571,0.32805000306911075,0.050482442604624415,0.6482721985236679,0.0,0.38705492296991123,0.2544923931283161,0.6073815488378447,0.453944241019186,0.13541274609553872,0.27716988000155907,0.03613220043579815,0.006153667641993295,0.0,0.996177807204152,0.007847652200144599,0.05730448418137879,0.013516483632608446,0.8354235387157524,0.0,0.03411808564850521,0.22461771192743146,0.17074426948679108,0.0,0.4571922391735357,0.5412243641644033,0.002712715701561171,0.019227318276359425,0.39695377995486175,0.7635164001794735,0.0,0.9281752384112352,0.4498602806893345,0.380631256447128,0.0,0.564986404622325,0.25853905313390274,0.788147940475941,0.35574070850384976,0.20138052092732905,0.526445800962679,0.2038591634469357,0.3862833889197515,0.011497582026068931,0.5652430810948639,0.1704176343930902,0.7534957181390046,0.0,100_sp_gt,5140131,0.1,100
73,22.12121212121212,0.0,2.3273574303478144,2.0905942104103494,0.580658207251736,0.0,0.9544769287098455,0.008356736279669916,0.7256830356346267,1.1597054493365087,1.3932384885908935,0.0,0.4924917108446405,0.40762791071482757,0.13913161095502855,0.48678833075111216,0.1448516645780755,0.010611134243709923,0.009277447126301307,0.010552352395922547,0.5588510944911692,0.15453761778717934,0.18138151008758713,0.2423722699319683,0.22652407445973702,0.2163261729904975,0.028763704466440092,0.01216641021254599,0.41245959936556464,0.2754443440625267,0.058021772309049265,0.07858026515563908,0.26589436636214986,0.255239667861895,1.2485213947050213,0.3650094815370907,0.0032293594684627055,0.005022087486590733,0.05006049036498811,0.23019143081689408,0.18709272869647212,0.9587949810006295,0.07246344694107977,0.0,0.75860525350735,0.04457188039073151,0.4126416407840164,0.1925712177220321,0.03614617166069868,0.7520714318791254,1.1700366698654985,1.1499650824710956,0.829751601514001,0.009718306464250455,0.38165783615149174,0.05212774680949947,0.7237561113383317,0.0,0.35027397602816474,0.2628637377176944,0.6265016495290225,0.41906669441141026,0.16004292855851215,0.25829027246016933,0.038694471483074894,0.0065958500318357245,0.0,0.891253836972782,0.006702671669382613,0.05794262374789447,0.01612913478669286,0.9391351163719798,0.0,0.03276877757967426,0.23865260503086205,0.16672045234625232,0.0,0.42910456667972136,0.4873893591278987,0.00251742030636952,0.01922161782244286,0.4406176115267966,0.7044689635370539,0.0,0.9220377568850149,0.4612225224320117,0.24603606431822939,0.0,0.537480038871517,0.2644095660561345,0.6901250355883952,0.3216238981556903,0.2301923524124274,0.47887144840773244,0.21896377816648596,0.36629122406731196,0.010060138547334905,0.5497622844443429,0.15807594417175866,0.6643934779232058,0.0,100_sp_gt,5140131,0.1,100
74,22.424242424242426,0.0,2.2116258271574827,2.0925168640124467,0.5858605219549204,0.0,0.9039402087747022,0.007147977280153468,0.7984999718499192,1.311398244281209,1.4803799847278363,0.0,0.5513421939507082,0.4206972232414205,0.15492445342520705,0.539688074617499,0.1466920278262007,0.0123141992406611,0.008170865430732137,0.00928531921724646,0.5825711159152389,0.16824191344851427,0.16951191938806162,0.3014125319185684,0.24658252840129924,0.20480686840891782,0.023801153922553737,0.010322665698565853,0.46628882861183674,0.2555680844568048,0.05472976156634783,0.0815864933753461,0.28209697790442656,0.24805676921566142,1.4480865994532197,0.34982961819057234,0.0029732667528087043,0.004408825549503332,0.05374345309396567,0.2622818504401742,0.19875846528919777,0.803402086055418,0.06609044539029268,0.0,0.8823167032466792,0.04264483057836265,0.31312531367547286,0.1846238065382117,0.03214611903429187,0.8609046443453053,0.973684829921406,1.265107850388169,0.748591640957123,0.008801645012452423,0.32541253124741093,0.05896208155629887,0.867696157128915,0.0,0.3604336097154912,0.23433657310464612,0.6156179650166845,0.4209231322104367,0.1694286403759769,0.2759045778142317,0.038217587671284935,0.006117035819095538,0.0,1.038535508840651,0.005984992785283595,0.06608103255748309,0.013927245549395091,0.9556160491792384,0.0,0.034658914504090456,0.24250926939708262,0.19125579504293633,0.0,0.47809277372704373,0.4783895638531408,0.0,0.018928278021916968,0.40864228304182737,0.7017613117751152,0.0,0.912474275864774,0.4815915342254872,0.25146075234375853,0.0,0.5763573920931941,0.2730135400212063,0.7067561967734958,0.33544937733295405,0.18814751482008804,0.4207094921928608,0.23788071136392938,0.3846205617907474,0.010671621943453075,0.529848477628199,0.1948546341679937,0.6906320173049006,0.0,100_sp_gt,5140131,0.1,100
75,22.727272727272727,0.0,2.129814982198083,2.1419923614657206,0.5408428698779372,0.0,0.9124794343669784,0.007219269544681797,0.7485728290674669,1.2642160157167892,1.3095676083321746,0.0,0.5009289744652178,0.4366045261196335,0.1736231977275118,0.6685508909179052,0.13991784664866272,0.01301888804763557,0.007420351401658498,0.009915299572020328,0.5585133449598738,0.18843650334884698,0.17882260596704327,0.23919686670456614,0.25274567156235317,0.19523297897673633,0.024689550522786388,0.00997019021149456,0.5653137149828016,0.2606776890999049,0.061611414157731755,0.07941537834206124,0.2887637711920325,0.2389350524782319,1.347548478440261,0.40809466055393395,0.003186077478886102,0.004398799380845812,0.05947255243759072,0.2606958919303755,0.22292224533240354,0.8197730007749099,0.07895788569007636,0.0,0.786199520783765,0.03973620928191123,0.3175778651882808,0.16619041204837207,0.030732480368305837,0.8299351096474387,0.911798514440241,1.333060137580136,0.7993867078623189,0.00948424955141235,0.38723002113560023,0.058809085120691676,0.7470227383625602,0.0,0.3572481465120802,0.2806301473733528,0.5807957056982244,0.40487282629751925,0.1821138405635784,0.2935761020530599,0.04535056637929415,0.005516726057784813,0.0,1.0628837070202863,0.006720339749561393,0.06266878706030916,0.011736169683651019,0.9747525535523492,0.0,0.0415339325136321,0.2271085024322573,0.18172451261245728,0.0,0.47448304463347113,0.4145131003499871,0.0,0.021247242767258284,0.43152108660657973,0.6333853420586956,0.0,0.8173294816326645,0.565746792662442,0.28831779656732104,0.0,0.5702155713394058,0.3126671990129317,0.6283683756966819,0.3556534340825166,0.1925604753980531,0.4265653467815406,0.24100850883873373,0.3458900914185451,0.011049396595255868,0.48857768512396965,0.17811492054095557,0.6489715650334312,0.0,100_sp_gt,5140131,0.1,100
76,23.03030303030303,0.0,2.210489243054817,1.977959288197774,0.4861742407166908,0.0,0.9574831885322197,0.009030009377521218,0.7304315451752027,1.2537592669747177,1.0325992608553614,0.0,0.4717167843236543,0.4147892602800948,0.17619829278091267,0.6664255244671127,0.12861415443388574,0.01345137867847867,0.007528943178061203,0.008187352976467402,0.47540312217837566,0.18830420710822957,0.18055339686330937,0.23101460531679213,0.22767393993629254,0.18484118866762608,0.026633584130043214,0.008720645013158296,0.600711211642744,0.3049014405855222,0.06404235931855129,0.07650592648026647,0.2573352440236976,0.2235396577704126,1.7808723462724037,0.4727313065003874,0.0027003967456029642,0.004652590122077879,0.05743538503122401,0.30294334194339073,0.21423065233348004,0.9531381241484856,0.07086469155857011,0.0,0.6816062909306231,0.04108494112938208,0.3390420198258193,0.17332649671266304,0.030465327004466813,0.9939636869839183,1.0249964699570575,1.1288227390157362,0.8407029181597789,0.009244546885108127,0.38916506201501905,0.058980604295271424,0.7380295969578596,0.0,0.31172207893945153,0.24773145662878326,0.6707769222757032,0.5059956989498777,0.2226645421130715,0.2924301224064995,0.040396171002914524,0.005641104177003514,0.0,0.9186595677670317,0.00694341107510408,0.06064007089470705,0.011516810086039856,1.005431464799318,0.0,0.04161984825933489,0.22456822813577554,0.17229700896529823,0.0,0.4677700074555489,0.4937266738973261,0.0,0.018107325793148773,0.5024749002366176,0.6204930548676105,0.0,0.8176137882111685,0.5065991653785485,0.34972565477455325,0.0,0.5584325549801383,0.3614931481365766,0.6301492252547843,0.35840391097545277,0.18840495016376788,0.38432951233316537,0.2651284850276666,0.29801135085241715,0.010830481401367961,0.42489468396410235,0.1776756414041073,0.5807562920607594,0.0,100_sp_gt,5140131,0.1,100
77,23.333333333333336,0.0,2.394328560046085,2.3682422777539913,0.5240259805053714,0.0,1.0042178207709145,0.00838720778893917,0.7932306824545762,1.3463917890217494,1.033755573590192,0.0,0.48674413896533475,0.36216500231478466,0.15655023446053315,0.5671582784318423,0.1242800240299821,0.008937117235696705,0.006732252072529665,0.008140950688675564,0.48186897688172997,0.14628793528441564,0.16079867510072782,0.2542239626356753,0.2740857371257112,0.17195346762607217,0.024754598017293305,0.010296143961407794,0.588075432408334,0.2902505860038574,0.06414815840584463,0.06746037303602488,0.28952079616677023,0.2653324706676292,1.517913859345976,0.5750196646421966,0.0,0.0037415967332563114,0.0648950130911712,0.3018042298247509,0.22983668053555653,0.8199121862765634,0.06325431896851524,0.0,0.7096893884341554,0.03852346493261235,0.411673023066081,0.18947595597912434,0.029008381455768017,0.9954525045096462,1.1863195039067824,1.2359879550936153,0.7995140651593345,0.008656975769378399,0.4350744718354957,0.05881771711222098,0.8276272531992124,0.0,0.35750349195790365,0.28264763140860877,0.7555274920893689,0.49844810813876944,0.2440313813800981,0.2917798647956436,0.03826536176021002,0.005277144926543837,0.0,0.9311861565145148,0.007131555475800999,0.07624783078655593,0.01017852705711287,0.8449788425545777,0.0,0.04402190656997963,0.25821096349511446,0.1841743035513856,0.0,0.45313652062958687,0.6246635431343538,0.0,0.017166244041596376,0.4115045683701464,0.5349210080790483,0.0,0.9133300110424339,0.5980884286291123,0.3754166432953686,0.0,0.5996582669432269,0.3747534904453032,0.6679999928017791,0.3756046677933662,0.1661230532800993,0.4134307992789231,0.23759762693732378,0.3319705772186731,0.01107926141816373,0.45118436444510723,0.19142484604508173,0.4871528030422392,0.0,100_sp_gt,5140131,0.1,100
78,23.636363636363637,0.0,2.7338593805831075,2.43212135368227,0.5794768979530683,0.0,1.110782367026007,0.008444055091292896,0.9291332298406383,1.2552499799188945,0.8953250455657296,0.0,0.48549365562814595,0.4242302877661484,0.15829195740048607,0.5389016159147088,0.1255958889424949,0.010708161069427923,0.0067733536156319015,0.008380532307222301,0.4851206145723381,0.15896549674167976,0.17169147810176497,0.25074158208042213,0.24066087840428005,0.19190265298521209,0.0263017671176083,0.009510791159630326,0.6719944560473524,0.24450746405822701,0.05886318109435894,0.07777462377500859,0.2154133754211207,0.28726162332974253,1.4940188682760056,0.5407405385573932,0.0,0.0038448691697825165,0.0640160044346617,0.36748824277760994,0.23048502458772652,0.9741658807463475,0.05882822154898372,0.0,0.7350655007222916,0.03911129194253693,0.43336726114940044,0.18132046289202802,0.0289755623678095,0.904749999297425,1.1990444859599814,1.1106373034537895,0.8784982779395356,0.008634345209189268,0.44174895584794666,0.07126909078520577,0.8700513654725439,0.0,0.390365437158177,0.2504245868940676,0.7110099811744302,0.5305522288912877,0.2400359149862612,0.3335727787291739,0.04159194125003431,0.005914132580956849,0.0,0.984814000533615,0.0071889845531892815,0.08073556164891928,0.010643727140226319,0.7768517143370227,0.0,0.044349291464062586,0.31656362425298423,0.18132012807082565,0.0,0.4750094606333571,0.6183082279665827,0.0,0.01567755450006847,0.39518344132553246,0.5432279054143816,0.0,0.9771208936571457,0.6088385575232503,0.39666573308254327,0.0,0.6480996050719617,0.36200781751975997,0.719254030440193,0.33552838091231807,0.1225786457804937,0.3512444017334514,0.25115112149111724,0.3114399156272135,0.012086335999779879,0.5011695444994863,0.18920447832840226,0.6019442698424932,0.0,100_sp_gt,5140131,0.1,100
79,23.93939393939394,0.0,2.5766217304719756,2.482699106194396,0.6367426004347934,0.0,1.0420716524694953,0.00941844489445525,1.0668134606502055,1.4225091702533772,1.0013166380517693,0.0,0.48500206734211937,0.4182930305411311,0.15567411040542678,0.4799446629114245,0.125752094029642,0.010348159153658458,0.006271998492679058,0.00826507656568272,0.4963682614365807,0.15051202350372553,0.19609979975315736,0.2302143551129209,0.22091909244829638,0.1829427022169332,0.024182431464487536,0.0077649898264116465,0.6894103465246549,0.23199079647471035,0.05875711411074127,0.07689022610952247,0.17278951631216252,0.25207976146924926,1.4044416469075276,0.5503359348630671,0.0,0.003976045144328811,0.06780986288595471,0.364934786994443,0.2310254978781804,0.9896340678981991,0.055244479625004166,0.0,0.5923883108369417,0.040121907853631754,0.38051486048301886,0.12336450530415458,0.030754752855090446,1.0424552349035456,1.0700987291011774,1.0847663794850329,0.8086217379245166,0.009913281933321017,0.4958045442163982,0.06462080033942344,0.6940560848437414,0.0,0.3915165358496916,0.22491321928183364,0.6975665511685385,0.4911611205759412,0.2091869639226046,0.4222330273490755,0.048582827151563715,0.005211743239739493,0.0,0.9220558219069004,0.0062693947508692775,0.09970990754405767,0.009543368536587394,0.8850450580259623,0.0,0.04378247411750831,0.2720636817472929,0.18771502573969387,0.0,0.43944520319558483,0.6312593142901624,0.0,0.017275374727752875,0.3962860675434295,0.49033038540661406,0.0,0.9276651824818478,0.5647876192242673,0.40841783703479806,0.0,0.6807571803647922,0.4254099821820818,0.6952078114253055,0.4070992206825465,0.13644283228742646,0.3934555229444917,0.242925516408882,0.31132249858531297,0.013414716236851308,0.45792127166686253,0.16668792017830383,0.729033615131799,0.0,100_sp_gt,5140131,0.1,100
80,24.242424242424242,0.0,2.2949853848637716,2.1500203433365104,0.6399777293960467,0.0,0.9755768829032918,0.008437814786336683,1.0491229154287052,1.380802219151838,1.0233768193257218,0.0,0.5187717682131384,0.4265816098135104,0.14793217873514106,0.4456832990071885,0.10988326260789374,0.010958776983361338,0.007367938881911383,0.0081980406176553,0.45886521526396606,0.14842733952048998,0.21030936389265234,0.23756666188189343,0.19080980073549883,0.2329789184646675,0.025478763677122516,0.007618171446585167,0.6253828110203397,0.25687912798395757,0.05671257193768218,0.07345918139048228,0.20686445644270582,0.2622214201291161,1.379308838722737,0.6143263153061129,0.0,0.004083787907020752,0.07067817514437424,0.3546785466252519,0.207422224694661,1.1338002628554869,0.056537964514316065,0.0,0.6106331071850556,0.037985803478522755,0.39323210407053166,0.1404788139013515,0.028618038528841153,1.0581070114077538,0.8557736511122106,0.8838825817845207,0.7766745618418662,0.010276867467386498,0.4015046742341199,0.06161502788791101,0.7264085161498429,0.0,0.4556126861560654,0.2267214815520559,0.812222559649321,0.48139241048296544,0.17912472735966278,0.408329197288009,0.04998579308829583,0.004708502543074508,0.0,0.9270608348325505,0.006073657847500996,0.10022692505775917,0.010858893267489338,1.0085968084826784,0.0,0.04020771617537041,0.2805337358177134,0.22336119592913037,0.0,0.45571108166390334,0.6356324155216635,0.0,0.01509738897959573,0.4525919887908663,0.4343173072204392,0.0,0.9737692901450162,0.5884717007745136,0.357609798156639,0.0,0.7556976503562514,0.4853464631963086,0.7202447203363617,0.4433554806595581,0.1165981031768617,0.46007969777028146,0.2401926899635034,0.32260391529673993,0.01401605896103266,0.4892977802737122,0.15722848484906743,0.7149045585463673,0.0,100_sp_gt,5140131,0.1,100
81,24.545454545454547,0.0,2.1198381319741793,1.67716213518012,0.5633888298320873,0.0,1.0295354462175768,0.00835811177480261,1.0453390079774978,1.4346416996129228,1.1227447243486899,0.0,0.4502201204891714,0.43687953356284154,0.12612657006315553,0.5041881207028966,0.10759028935338727,0.011163436281004701,0.006381044691450264,0.007594750805799558,0.544718846487504,0.13592138219789027,0.23033317861937613,0.2582878779665611,0.1900599456490954,0.2200826688519452,0.022566091743610565,0.0067811907468161205,0.5344413847846108,0.21471576026536573,0.04799391850984263,0.0716439223049143,0.1981273625101677,0.28212244246629026,1.1927758458922733,0.6189208064049699,0.0,0.004313036423189087,0.0557053649610263,0.40968669641360494,0.23573090408477299,0.9203767463050763,0.056344200061286195,0.0,0.5353824019432118,0.038958998397651955,0.4742213778924948,0.14359933067962558,0.028266258228634537,0.941832818214906,1.008153729274006,1.0166432015959386,0.728061754193787,0.01068684659055941,0.33972515874724796,0.07051653927935178,0.6959573675624822,0.0,0.454137272377954,0.21350683657956732,0.7373308758726602,0.45195795683910855,0.20853143680635475,0.4704943112185143,0.054629251462080926,0.004009290970390176,0.0,0.8867748748689236,0.006567384361686815,0.1142834242656729,0.011030466311197222,0.9323878728378535,0.0,0.04799117715378571,0.2961658362129609,0.23381190274161237,0.0,0.4340394777924508,0.6116021600458347,0.0,0.015723396135440097,0.45719627250096834,0.4240681231212696,0.0,0.7086666320015462,0.5631435851533254,0.37346495857756645,0.0,0.746441462932597,0.4212040522311385,0.7430654903708411,0.39926000088728864,0.09999474755820757,0.3916713584695521,0.22958161128642898,0.2897454832839827,0.011475992496950787,0.45807313273530126,0.16629680473075983,0.745817835210565,0.0,100_sp_gt,5140131,0.1,100
82,24.848484848484848,0.0,2.038161346518896,1.662430381960716,0.525373073558885,0.0,0.9729036755286938,0.008464469443001653,1.168011036441006,1.4580563845078225,1.3085877116909168,0.0,0.48123297569868667,0.4266895004343008,0.12022089326527369,0.5011564409738279,0.12761539226215274,0.011415857391891203,0.006903330723847012,0.0069344247319541655,0.5442983858265887,0.11453932310148042,0.18221273123560636,0.2656522277828335,0.179140858225476,0.22172289254837085,0.02616793847390906,0.006513369723378964,0.517895449586231,0.24823750460577113,0.05088557822619375,0.07655379599161168,0.1843090372326596,0.2947212543875941,1.2327663611206163,0.5798693201046655,0.0,0.004909322952828319,0.05800657676354191,0.4116987001283554,0.20828655269204502,0.9778171741714622,0.05535140179762063,0.0,0.5258667082119161,0.04210963189829418,0.5376624469719755,0.13767844377378116,0.02475702918508925,0.9245872110265815,1.0136775752110814,0.9728211103253765,0.5911421862942118,0.009432931958675903,0.31369103560568484,0.0655708472906584,0.6835362399049026,0.0,0.4612572115946718,0.21348907552547255,0.7467004306097503,0.422544394964674,0.20955955424073225,0.44573462973558037,0.052256908444658384,0.0032733921968115575,0.0,1.0198473903611176,0.007020143957754416,0.10750978189941637,0.01057183265561171,1.103068326112366,0.0,0.05200605191690569,0.26824120800767215,0.24055729391394975,0.0,0.37928374293999484,0.5753892322831309,0.0,0.01630639656584517,0.42177847504800603,0.44325642590648884,0.0,0.7171983095341671,0.4561708162608792,0.3904896771221054,0.0,0.7628877902197048,0.3807587896319867,0.7502753524556229,0.3394934706656269,0.11010086383995685,0.4241574879457325,0.24382630312173817,0.26559157392188965,0.010021870403864307,0.5412639628943204,0.17775964577144007,0.8177895405003412,0.0,100_sp_gt,5140131,0.1,100
83,25.151515151515152,0.0,2.004063102369411,2.1628128849077664,0.5640983840519281,0.0,0.9397567891197759,0.00970779145570868,1.231255400692682,1.5305366222041834,1.2041389906421816,0.0,0.4535097946803243,0.5085201374010674,0.13072818197328517,0.5919222713462321,0.11789013622032879,0.012597592384076001,0.007203719647151192,0.00726649294677744,0.5847315218054846,0.1328347945394576,0.16912075347124628,0.29879418256242785,0.17365766630864177,0.250979329873973,0.025773184448407604,0.007637967491540073,0.5605525880516105,0.24611007795043557,0.046817976587229554,0.08032269888438899,0.19737982393993994,0.3262155976603967,1.1676968674595307,0.621124874396309,0.0,0.004776060821291698,0.05776950603546914,0.33649313519838797,0.21272670550127365,1.1365684101843434,0.06140609660362995,0.0,0.5219629775082043,0.037801297388630535,0.48314284352120085,0.15291303676636694,0.022723436737630012,0.9004371300560823,1.037748295581455,0.9396681706346204,0.6417434131363579,0.01036914967773644,0.27799929538427487,0.0600076734088277,0.5664619711349848,0.0,0.4139339809196147,0.1883238818431461,0.6891433849231705,0.4570160144618822,0.24340493908082556,0.3274551146564348,0.05062121534954122,0.0030713630878219066,0.0,1.0157797462651301,0.006603732387992483,0.11577292568333931,0.01132926748040942,0.9987239671604393,0.0,0.05083056715670331,0.2552238407283801,0.2712211616158629,0.0,0.4243146435400581,0.6027374513225449,0.0,0.01521310902586678,0.35566109871110874,0.47183434966573934,0.0,0.7609168023995464,0.4910149911148988,0.4541503646176515,0.0,0.7517767016103104,0.34030614157718436,0.6743914373126253,0.3560941103143409,0.11086012950325705,0.3650979086481757,0.2587263741120873,0.3104944305412187,0.010288565650966667,0.4746178435032603,0.21409316621131635,0.8645087764689866,0.0,100_sp_gt,5140131,0.1,100
84,25.454545454545457,0.0,1.9645197664683594,1.9535235454058295,0.5479319421378547,0.0,0.9874608308646083,0.009145187711245346,1.1900012991784974,1.5520495910203596,1.2025481977363641,0.0,0.4189275234482627,0.4607795361412661,0.1278816822927831,0.5486339142497095,0.11308060871008269,0.011809399079327407,0.007223022730063893,0.006965462367814999,0.6085839013514616,0.15819878373547266,0.1483273812994607,0.38136931311030264,0.15511915588822123,0.24246622561058825,0.02667087838844842,0.006786459712952172,0.493219921503443,0.24049384068532945,0.043006728719856537,0.08278893871507673,0.20682923311495668,0.3141499746949075,1.2950482695410575,0.5415015719615742,0.0,0.004742303038078189,0.05762326504099791,0.29945057165969485,0.2248703749849445,1.1559758982374495,0.05931369806421189,0.0,0.552568883427515,0.03970825197126375,0.42904123573335823,0.1535658599968301,0.02159760393505168,0.9384066349528336,0.9787277691823435,0.9131198247227431,0.6598169108791806,0.010197636865545905,0.3018284174354349,0.06692615715785315,0.5698355150991716,0.0,0.4549605433728281,0.18636601864971694,0.7213943673688135,0.4154651549955021,0.2290475647917664,0.323002970733982,0.05553703576486457,0.0032230148166560936,0.0,0.8902049630644966,0.006727531850258758,0.1178874863222282,0.0103157021048454,0.8799802057105461,0.0,0.05152045867774948,0.23975017971509607,0.2864854775499304,0.0,0.46060460016269217,0.5813081227348961,0.0,0.015742478840527468,0.36004769376190693,0.45787308981884056,0.0,0.672095680301378,0.5299406249141747,0.45296622753194427,0.0,0.6764691547789311,0.3290586184150759,0.6599281869691304,0.4021634946763183,0.10664475202195868,0.4070028375239072,0.2638959285560385,0.3149484211451876,0.008804567717973364,0.5632856311001571,0.21580556772198164,0.6946473637848746,0.0,100_sp_gt,5140131,0.1,100
85,25.757575757575758,0.0,1.8702141389079803,2.178573241826286,0.5650263555224495,0.0,1.041876047709543,0.008756514528682705,1.0677023998558872,1.4329018303106473,1.2578490693056275,0.0,0.4827076970289317,0.44208636537537477,0.11171558949047874,0.5232715961049275,0.14574294313785646,0.01271280341881159,0.006982742812455557,0.00770714470512367,0.5909508465447523,0.14381403852608132,0.12623664587356773,0.38567323573915746,0.14903671508052754,0.2540116521583178,0.02614565675992896,0.0063866402665100856,0.5477744480480596,0.2301183775499202,0.04537995276731701,0.06845848909987676,0.21268164326886663,0.4096325669401819,1.2195471719321667,0.5208872409153305,0.0,0.005473414350430176,0.057922344792343934,0.2921229035196096,0.22341368074515278,1.1638259611837887,0.06404409708284828,0.0,0.6250792479025913,0.040774497991283076,0.4486356946618688,0.13334229442948228,0.019593207122030984,0.9416622173676366,0.978539572440679,1.0371728856007172,0.5623532403416371,0.009174343700231246,0.35079977678193464,0.06504169909231998,0.6191280664409423,0.0,0.4228778983673188,0.1958323205980169,0.5979444968129043,0.4673554575558075,0.28219523141707464,0.2785174656812006,0.05286097978690982,0.002733550703468219,0.0,0.8808884221661304,0.006681558628975491,0.11977130350441384,0.011105693263013954,0.9705909487635097,0.0,0.06656457812380517,0.2664256917290603,0.23077182521174003,0.0,0.44824721529816575,0.5703940677324063,0.0,0.013826862835285746,0.38153218757739094,0.43796150330552464,0.0,0.7778944130911178,0.417358850035913,0.45042884893043567,0.0,0.7278175867838157,0.3461365908954325,0.6198439815680459,0.33780294811455647,0.11153287453032328,0.3526616492014519,0.2753394055153352,0.3095248610111684,0.008142588769460222,0.5982531217443559,0.2032743614813715,0.6038575044064831,0.0,100_sp_gt,5140131,0.1,100
86,26.060606060606062,0.0,1.9462624667233543,1.9160771415087368,0.61411327724388,0.0,1.0307234942805543,0.008301785345743443,1.0082068493703578,1.4443198887680593,1.2391291367299342,0.0,0.4958446399136736,0.5027137116922765,0.11421995555381008,0.4283352132088051,0.16561910794929055,0.012795472413851391,0.005947329528077942,0.008737997085081235,0.7104082056612924,0.12615797234787182,0.12961696575358275,0.42177264981889984,0.14938710892587984,0.2353611934360405,0.028461693244363182,0.0056775474441346984,0.48848263473732606,0.23470027494994092,0.0473067895483467,0.06031543423803076,0.2407684567894146,0.41151922009076214,1.289398557536193,0.5251631905433106,0.0,0.0051288386815409185,0.050526699941992964,0.3119461123749498,0.2407468721723318,1.0842670083812211,0.05506459706675971,0.0,0.5667164891029631,0.034580361602166786,0.43039041853030974,0.11576834460488039,0.018063273372893728,0.9332275075359562,0.9402493395142711,1.1333996231775478,0.6624463026659961,0.007723781124416144,0.42252522343086674,0.060452780019270944,0.7108338283842799,0.0,0.43040966019061566,0.19606526274636654,0.5553345025460321,0.5460276376047897,0.20909313494799814,0.28873510793053514,0.058496003346424165,0.0028493651847706497,0.0,0.8996600531462872,0.006232832694432961,0.12379947096670024,0.010320351511880758,1.0132016415034177,0.0,0.06769755988519681,0.2739061004747488,0.22006235981789068,0.0,0.4762504208178188,0.469330587636569,0.0,0.010646911070142479,0.35072408827972856,0.43119340837425035,0.0,0.7284941511350759,0.4645732255913731,0.32491335227733065,0.0,0.6980462920800198,0.31976128584016755,0.5650320436887893,0.43546860369828566,0.10548769155662117,0.4022567632744449,0.3348975496458033,0.2894801195357855,0.006920905020618195,0.5609240169115532,0.20173567688604435,0.6221847337798593,0.0,100_sp_gt,5140131,0.1,100
87,26.363636363636363,0.0,2.2712777130202357,1.8472362774605628,0.6059245939222792,0.0,0.8839985701225369,0.007467142798031756,1.0519356567479647,1.4622737035701452,1.2102873008642756,0.0,0.4176573623802251,0.48884385449590845,0.13579280386855286,0.4668164825571316,0.15909720083567477,0.013966119721134523,0.0059703295711310235,0.007976898080081635,0.640345418913731,0.1200331053167494,0.12007265044476773,0.45368728815179576,0.13475711736058446,0.25950443281210456,0.0278625840742406,0.0058020964088917135,0.4687948052832309,0.2505966183276264,0.04737996709034843,0.059963738901536084,0.24991100937593042,0.31350616640582635,1.392516240221945,0.4921966905805764,0.0,0.004726011614947935,0.04848053437733056,0.27907052729385906,0.28069716576457576,1.0363731172904307,0.04682613339113723,0.0,0.571104926166493,0.0358750251666378,0.4897550145540678,0.11351357116024899,0.019367646211033603,0.7276908190301559,0.8271609627088239,1.0068092859361193,0.683760964846098,0.008174944560895438,0.45584540594385037,0.05019671682772845,0.745869634545061,0.0,0.46995354899207664,0.21986454567023628,0.5196603936326138,0.5564140398972091,0.19122975091541705,0.3040925515685466,0.06389309677691947,0.0031712567250645695,0.0,0.8709795571253981,0.005817577627972254,0.12207333762076551,0.010687590130052788,1.160714205560633,0.0,0.060968444175829514,0.297373822614617,0.20246220291683165,0.0,0.469028201649021,0.5730762720325471,0.0,0.009629520462256357,0.3082911265030513,0.4856129484573443,0.0,0.79448160129898,0.5522577634175514,0.3146323714839314,0.0,0.7214335713142653,0.31577991702074576,0.6274691528454713,0.49252385121513276,0.10634467963156913,0.4552411937089207,0.30709331162569825,0.30827573788138796,0.00647407077397521,0.5142044495709934,0.23218957459819559,0.6842411251216165,0.0,100_sp_gt,5140131,0.1,100
88,26.666666666666668,0.0,2.4909341891619303,1.9604277756389061,0.6064288568477699,0.0,0.8926994308153893,0.00745532771784068,1.0214411389398002,1.408739706198419,1.18273496369868,0.0,0.40976807693811135,0.44062859334773313,0.1357743924238968,0.511152853724985,0.15505461531220616,0.017015724889159606,0.005055629914890258,0.00842736505818687,0.6895031961721203,0.10676688034199407,0.12838165176402497,0.3895160529108028,0.14105364318211921,0.2618559246957535,0.03012413622952459,0.006698409431559502,0.45267241552792103,0.21872590738976358,0.05020102446676798,0.07560024483997338,0.28835784435374084,0.2879254071228869,1.3877913493119591,0.4333221013872083,0.0,0.004563854833121885,0.0539171192903373,0.2690630834034972,0.2577280731622088,0.9211288853318067,0.047038988152358914,0.0,0.6428132631225306,0.039920794626591816,0.4462748694410657,0.11122033345221252,0.01862780412172197,0.7191523362319809,0.9008898831819843,1.0787499099573528,0.646391202109614,0.008367648662848236,0.47408256276855526,0.05379749570837528,0.7271608466695421,0.0,0.4064925527492546,0.21541265801533555,0.612715692938295,0.5566417498985996,0.19579004400220923,0.32044529796600113,0.06292550716095366,0.003727596176483424,0.0,0.9445726235355835,0.005508669994031651,0.11020921450627454,0.01082123652358436,1.0415091491139195,0.0,0.06568184455994396,0.33374690917828187,0.22487025794866605,0.0,0.4081393476290855,0.6049136469947833,0.0,0.009044152711872923,0.33727920156657276,0.48027235512295496,0.0,0.8582899466333322,0.6046997126147565,0.30007025533354437,0.0,0.7099861246294594,0.27658145930839456,0.7163809319580362,0.5064981983530266,0.10490409009333193,0.4165278835671808,0.35040980114176423,0.3513944064412464,0.0070162371984209965,0.6129916210150814,0.2461406242617157,0.5564159174980102,0.0,100_sp_gt,5140131,0.1,100
89,26.96969696969697,0.0,2.1363055315990818,2.07805580767282,0.6921661919787044,0.0,0.9012557057400562,0.008261577199658655,1.0720561031164515,1.2654887658116618,1.1168382079870351,0.0,0.400158253881499,0.4903837462510971,0.13171685673069766,0.6590465139738557,0.14729501713499837,0.017630097212301774,0.005208868802477638,0.008405097425238053,0.6012913096922872,0.09641239455353712,0.1344901168107207,0.36900950142787053,0.12564319482564218,0.30884021168658965,0.02810153783605954,0.00644013031881294,0.3822910602413168,0.19913411297793804,0.037749005039831,0.09620718211480804,0.2957017884391617,0.24597690767594868,1.2550599647818108,0.3610999585334388,0.0,0.005687152868501955,0.058074262640818095,0.2873345365502622,0.2678315281481505,0.8796053245675314,0.04703031676383929,0.0,0.6690665192948324,0.03637909670501347,0.4135611468331076,0.0939522710352668,0.01905775283948763,0.7446467322908106,0.9026796093129544,1.0184590747073419,0.6423549769362565,0.006770302472216896,0.4657261887215008,0.057068766891341355,0.6761149541557718,0.0,0.4588282932332138,0.206400347521408,0.5995773614849729,0.5067657351920781,0.23710552044129357,0.37441455044125294,0.060211980649516446,0.0034127903544411294,0.0,1.013733423081067,0.005445602822805617,0.10915146104997481,0.010224446101153382,1.2291946852776314,0.0,0.05965433547589227,0.2683892710035809,0.21860198236227274,0.0,0.4217324819883641,0.5758406346684076,0.0,0.008991115067362224,0.37486900323311634,0.5396002138856631,0.0,0.8692443810150217,0.5300263544460185,0.2833496231982812,0.0,0.6643700871970889,0.333358390962636,0.7586638794879713,0.4921219430250132,0.09089469677436318,0.3914787162626457,0.3832299757219497,0.32811221873013424,0.007844851923902777,0.6704826347670186,0.23264403816985282,0.49214460965602225,0.0,100_sp_gt,5140131,0.1,100
90,27.272727272727273,0.0,2.2856173726172346,2.060120397872147,0.6332917625912879,0.0,0.8225806679233617,0.008580511061323848,0.9905666601318676,1.1614664485418251,1.190138955501811,0.0,0.46467388686490274,0.35915839817851547,0.12979783777463313,0.5116785500626446,0.14067681312495303,0.021318173234040207,0.00468258882789449,0.009445225301556878,0.6141197837927495,0.09211363817670679,0.14471477732517526,0.4141136049535462,0.12371649153351805,0.3093923903805401,0.030628532698534744,0.006515593968218759,0.3524161047631309,0.23088688762701887,0.037224283489223096,0.11099932819661405,0.2871034955806662,0.24778769721917812,1.213087383656655,0.3409606746276617,0.0,0.005957895166612419,0.055167349820154046,0.3032501889141505,0.27438465621757135,0.9077963970840962,0.044757829734023535,0.0,0.7234050406492729,0.03750431843717797,0.35887269264843696,0.09265121736134134,0.016219006329296275,0.837741891709005,0.875004257693889,1.0615016554654402,0.5034550624521485,0.007201849738035457,0.45043321620810073,0.047395951171725126,0.5826382230091177,0.0,0.43154761196819036,0.20587317758225512,0.5185017993300287,0.5144332262341341,0.23638950742246242,0.3129906320652248,0.06514054614331581,0.003571193237460925,0.0,0.8573670455389508,0.0062725428538848065,0.11444634238660865,0.009144995158593799,1.164973212875907,0.0,0.05947341391781361,0.25311770373623454,0.2184333784707928,0.0,0.40101317316105634,0.6350279090189842,0.0,0.007222451600499836,0.36046677849304515,0.6104699227937302,0.0,0.7582937250551952,0.5298366606801472,0.2642865851886471,0.0,0.7463866322587529,0.39953373188947605,0.8228405341099718,0.5527521385711096,0.09692557039509501,0.4292141883263095,0.3796329050427438,0.3468703212655943,0.0070960073812461975,0.6711860402399229,0.22714433969411962,0.4597978655198313,0.0,100_sp_gt,5140131,0.1,100
91,27.575757575757578,0.0,2.3078666565830726,2.195371214431358,0.5998776086024898,0.0,0.7933573317766367,0.00846605021023638,1.0483453251077983,1.3023375394066168,1.3838697912909375,0.0,0.4796520065265523,0.2686163227059559,0.13107560836441653,0.5364255260225005,0.14676216913889004,0.018308170466055925,0.005313483542514503,0.00805336135004114,0.5521693933597653,0.09608302489570644,0.1420462117035786,0.46142006358566307,0.1386964838789218,0.3266140031339311,0.026318986384359474,0.00633583986110694,0.47561946947952033,0.24469892839283006,0.04033404413660089,0.11095779864340884,0.28706391802020154,0.27812430535038446,1.4291629226078266,0.353394188024724,0.0,0.006162014761586159,0.05473246773095957,0.27780274853356113,0.2549310826620352,1.051776659170638,0.046555029568676534,0.0,0.6540467976654373,0.04204797284483011,0.3873023280718283,0.07796308118723141,0.015720980446577916,0.9239265778640057,0.967494980124584,1.050721923091321,0.5503370788267782,0.006031000817040053,0.5522762076130644,0.048191374606948736,0.6160113840762217,0.0,0.37451655089467156,0.2317598984922108,0.5762751295655753,0.5572651852604615,0.24171310507368482,0.33681503683991304,0.06337004852405484,0.003504604009510592,0.0,0.8370825239745303,0.006739848763160241,0.11216868834953612,0.009432916441796241,1.1042354874657678,0.0,0.060070651226613016,0.2897310929510435,0.2293194412059817,0.0,0.4353939829021035,0.6667471393615122,0.0,0.0065093532925505505,0.3449810873219716,0.5876681228243607,0.0,0.7668108173623069,0.622837495012236,0.283135246396899,0.0,0.7477933767874396,0.4158801015777983,0.7792574861778276,0.562817617793708,0.0925889335314567,0.3423744793065298,0.34520246339146254,0.31153421557035665,0.0060745212246275234,0.693585151350581,0.2635112299697556,0.42751651479857244,0.0,100_sp_gt,5140131,0.1,100
92,27.87878787878788,0.0,2.2059199211400013,2.039767491031782,0.592389525667185,0.0,0.8475748236169073,0.006940783753535014,1.0346590953166757,1.3026165848852613,1.1610899754961987,0.0,0.4946834703471198,0.2868495840186955,0.13480015455230085,0.6497957265507691,0.16936003322928536,0.018799319460210177,0.00582629865115966,0.0066320990336470815,0.6110537184387085,0.092974297908365,0.15028764589683924,0.4452121228716723,0.1247514189735738,0.2575202178503997,0.025949974884110844,0.005124390193563598,0.4551748562741182,0.23103174721047767,0.04070500537747752,0.12634071278138975,0.2980670659263463,0.29958260557478833,1.0153408680223686,0.3169822690682686,0.0,0.005946938672262746,0.062123961433644063,0.31356304443104155,0.26411781543384005,1.0675385070871408,0.04316776986483508,0.0,0.6714560666227459,0.0445460650991283,0.41705294222226114,0.08641258789242573,0.017879336610881837,0.9957253713751099,0.9415223074664851,1.040949682177357,0.6124236841536249,0.0059208112086895125,0.4915069812608266,0.0418901732930631,0.6659845218533182,0.0,0.3087944227170408,0.24993950381365027,0.5844011308858863,0.5828330089108329,0.2035883705195153,0.36048568418777205,0.07217561325761405,0.0034356088462039742,0.0,0.8221366097245547,0.007117992162819885,0.09681760787173478,0.00953575903864211,1.0519723816937192,0.0,0.06143540617638527,0.28255457412692814,0.24595600797673697,0.0,0.5263872515904421,0.6551610759162485,0.0,0.005850064864641286,0.32850957956649096,0.5253661728711444,0.0,0.7562690146714032,0.657286488476515,0.32575333320045824,0.0,0.7275216179083286,0.36957707758065705,0.7999302556042903,0.4555624794503077,0.09692637187464538,0.37817265419422486,0.3807810616408486,0.3244929987698657,0.0059859314882233445,0.6655047539704833,0.2526793757281296,0.5040473346960567,0.0,100_sp_gt,5140131,0.1,100
93,28.181818181818183,0.0,2.370688225381752,1.9323809422568357,0.5674488324657024,0.0,0.7698618441148947,0.007626587509257438,1.1679852699793776,1.425036839687908,1.0613471730042343,0.0,0.5131348682158113,0.3080115528333707,0.15875890623748887,0.7678940358947629,0.17056737759126953,0.02262756430451973,0.005129836388002445,0.006599250111000481,0.615290221499601,0.08077404577931989,0.14595312558209816,0.45854436025904766,0.1413651831488855,0.23255638732308165,0.027195511661635207,0.005287631460678692,0.5372015058631378,0.2225502094215254,0.04716982361118389,0.10733355632967928,0.2899530695650872,0.31603280872663964,1.2274208935051714,0.31077537926736754,0.0,0.006272616295928243,0.07287615565329078,0.32705009175564814,0.25458370183026047,1.0080622280722815,0.04735738828904445,0.0,0.8020339329173005,0.039469028332054186,0.3706350065599179,0.09712681273924764,0.017838507706463426,1.015520940945915,0.9266936406358826,1.0723805260893218,0.6825525578983493,0.0060091317161627715,0.47663930921991954,0.039381422285272194,0.6902627090541933,0.0,0.3142201083181618,0.27358937501431435,0.6975445912104409,0.4461471406841584,0.2198392764578669,0.35588650775719816,0.07689855342089479,0.003907765228808656,0.0,0.7026913645657572,0.005771518157124281,0.09749494943328088,0.008566368922453884,1.0602622489141709,0.0,0.06056103690065914,0.29709817408822126,0.23227350319280785,0.0,0.5134491463845079,0.5540416507047617,0.0,0.0064473444365213475,0.3644432434735257,0.5131186111105869,0.0,0.8614504334462312,0.6502503366703924,0.34424934728185586,0.0,0.7488985828067662,0.3247303913279839,0.87386855306517,0.44671619141662317,0.09748254028381105,0.3180538352509134,0.36651322625106586,0.34822963330015094,0.005720091509380875,0.6022923267181413,0.23557783475592356,0.520875218161124,0.0,100_sp_gt,5140131,0.1,100
94,28.484848484848484,0.0,2.2636382145257756,2.0110989770026237,0.6148478509522607,0.0,0.8341106932929914,0.006990921467267617,1.377458618513876,1.4087259915816628,0.976803954066657,0.0,0.447937243239095,0.33475614489411354,0.1688731193373745,0.7117470895032484,0.1851922288554053,0.02536729198426823,0.004398272972467462,0.006408577170890776,0.5607709972404278,0.08041857118594843,0.13794425270719274,0.41670827189452075,0.13996214122028858,0.25662240665141517,0.03076589779470649,0.004745616771385657,0.543084169118402,0.21008247570505756,0.04226541537096147,0.0889184112189411,0.29652971868907557,0.3300330064693629,1.1186454717142242,0.29339782752440113,0.0,0.004885985311044776,0.0797737673280508,0.3593941529080564,0.2754717762431722,0.9546052836560405,0.058124407670222464,0.0,0.7229378517803877,0.040524417637744885,0.36639521431816785,0.10108787938929498,0.014227890809904612,1.0827989131950662,0.947078510908052,1.0774547588390198,0.6428863571246611,0.0065741668522984985,0.37298280349627555,0.04240244830517048,0.6637076225657832,0.0,0.35674446773043145,0.34226015230096263,0.5605538883029357,0.4921425936712081,0.21178225546775326,0.375460892399093,0.07519768833558486,0.0036839198932212946,0.0,0.9213351401259466,0.0064117850667806415,0.10941945219637458,0.007734384351037093,0.9816038242215871,0.0,0.05898516218798982,0.2768686537722806,0.23624624178137582,0.0,0.48045556938021794,0.5086277214874011,0.0,0.006697604566463097,0.37610744897949233,0.5643904421027338,0.0,0.821430046858643,0.5987269233350954,0.3623112485580581,0.0,0.6855609390529747,0.3344310975092537,0.8013881664376261,0.44208126764351624,0.1076477102949064,0.295302356558091,0.3810978280835505,0.34190528585428914,0.00534646979067512,0.609433410956463,0.2139556175925158,0.515199077720891,0.0,100_sp_gt,5140131,0.1,100
95,28.78787878787879,0.0,2.42502842050017,1.9920237159436276,0.47666572994789314,0.0,0.8263696957283387,0.005775411297894768,1.369253605162007,1.389645539187508,0.9328305330913629,0.0,0.4951334352129036,0.33916497312267396,0.18172576610509739,0.6905646376151328,0.178894992539453,0.023615425439369207,0.004519472861340992,0.005383099832249833,0.5439982051434402,0.09096714490591704,0.13804292357911416,0.30638593276474496,0.14759744367167518,0.3080767227875711,0.03565818154105651,0.00407989562904565,0.5640689518312438,0.22573651908506615,0.04044621091315557,0.07424089369971823,0.3686929926256597,0.302303021949497,1.3014695929699558,0.3431335935572548,0.0,0.004446935256370829,0.07736439374171418,0.35156386166290776,0.31522100623763877,1.0761797699312647,0.06040316856216218,0.0,0.6557655974559602,0.03769087753891802,0.39748773786119435,0.11368590265351933,0.014064200325678905,1.0718838206864492,0.967047090822492,1.0825275844132385,0.6192065019928509,0.006173262677337437,0.3155044487812191,0.05507622006722291,0.5465690683172012,0.0,0.3636085756673025,0.38064375806864215,0.5486040069480139,0.4940904545607056,0.2703806832656534,0.40680943190980157,0.06992128463773103,0.003366676087509206,0.0,1.0610294365593498,0.005778207033087865,0.11577538581965277,0.006453127643195578,0.8417778504447192,0.0,0.04366022136968298,0.27551403695066534,0.23147346363455132,0.0,0.5011718381476344,0.646281683008436,0.0,0.007201258922823059,0.33469888600176784,0.48512760583964104,0.0,0.834702503908206,0.5932564036992038,0.3718852705703407,0.0,0.6319200654204153,0.3684080173640418,0.7575328363252513,0.3962193719680864,0.11460900280240685,0.27138229894639176,0.38613242445782353,0.3647866929345484,0.0042388875410393915,0.6067129744218014,0.2430630405176507,0.5712411066426065,0.0,100_sp_gt,5140131,0.1,100
96,29.090909090909093,0.0,2.2685051659161437,1.7630058004475853,0.4473904349740897,0.0,0.8718904269526021,0.00592290103889741,1.3027940007014376,1.6119486143595185,1.0127533292607651,0.0,0.4949181099916028,0.3910938896216473,0.20455621749959535,0.7692380971421406,0.16977789892559253,0.025177351195125937,0.0043067546360894635,0.005600710849662633,0.5924491756676975,0.096416167784693,0.1431207721662634,0.3257757322538098,0.13841868219959091,0.2657619075974584,0.036382007972668544,0.004200395051871477,0.5900616412084002,0.23822704379816673,0.04626324133024219,0.08573012499118805,0.39325738263294174,0.3111095543251842,1.212918339611472,0.3158553331407322,0.0,0.004547089423030684,0.09236853972394835,0.32664409943848277,0.2844455018618191,0.9497770558615911,0.05575778927731123,0.0,0.57948542701948,0.03777573747979623,0.40969970985095366,0.11997724268231244,0.011582887762889687,1.170896788688707,0.9477622339782594,0.8951744040080767,0.6888620946793684,0.00639376901397286,0.34179896525982467,0.05836747742104366,0.638234845705115,0.0,0.4280652414046633,0.39677633702056103,0.5222759756285495,0.3644300955868265,0.24272360351209438,0.4309311979711828,0.07014011510153455,0.003146080524073714,0.0,1.0006817097572762,0.005283435631574993,0.11897850703019362,0.0064953044017644875,0.8218363856346363,0.0,0.04320206506902371,0.27854568357097287,0.24572656244586424,0.0,0.4447244787479665,0.6215583024735407,0.0,0.006317666645344293,0.3454641310035666,0.5212660733319532,0.0,0.7177646234496133,0.6057536447176857,0.3741927977812355,0.0,0.6877130538805032,0.440814459659299,0.8117778709243659,0.37488017264584117,0.1255713199068468,0.2167078928029953,0.3468665360179111,0.31967194642620717,0.0039751665648846924,0.5994474767007754,0.2434974223017979,0.5777926740313397,0.0,100_sp_gt,5140131,0.1,100
97,29.393939393939394,0.0,2.1269011462615612,2.2139946757986575,0.46030830546734136,0.0,0.991247590715953,0.0052667591035877506,1.5138325341557464,1.5400550589125608,1.1299872622802714,0.0,0.4970096822260418,0.39698911412842924,0.19519199064785994,0.7684541951683198,0.16827971169558403,0.02590239445520873,0.003918408939164112,0.006637127162701343,0.6823529436888108,0.10669610238167092,0.14288775203414741,0.3111345456273486,0.1480661878067424,0.23249633082158289,0.02929893756316164,0.003952403333979586,0.594089905638354,0.20732533793377422,0.047592004232961754,0.07037396365478163,0.424819594192184,0.3004901420868011,1.0561104255120564,0.28857187359677167,0.0,0.004622904739970384,0.09512663748911217,0.32645040511361906,0.32821638398429137,0.8233384169050413,0.05091586934673914,0.0,0.49597605145600293,0.032778155666500434,0.38005765246490786,0.12203941754759609,0.01305040499154252,1.0032140514328132,1.0123577550788614,0.8180542108288167,0.7489305469782351,0.006223443141499665,0.28242087075209554,0.053301546024059926,0.6373387730308574,0.0,0.4428120699371702,0.3800141015159057,0.4605449222575269,0.44567902936178455,0.24128851299075765,0.4838025790443512,0.060835083754065475,0.0026596836518832925,0.0,1.2079008084622456,0.005620825852932688,0.12763076304912513,0.006753778513031073,0.7921945724974186,0.0,0.046446824333357555,0.25611283263396756,0.27704711107090535,0.0,0.5159998009795836,0.6447633253717295,0.0,0.006192608591325049,0.2828251131926424,0.5452367928032501,0.0,0.7397989733009434,0.6506216360427736,0.42178600356483326,0.0,0.6878619347905502,0.5670114345968822,0.7656626075216828,0.3763252986824755,0.12124400411001128,0.18461576149706427,0.34815877749101004,0.2669374784552383,0.0041270654158010785,0.6524141204345081,0.23866065493954797,0.647165266470182,0.0,100_sp_gt,5140131,0.1,100
98,29.6969696969697,0.0,2.006416839912969,1.8692266260472579,0.4733765072215922,0.0,0.9193096586451457,0.004991870528483567,1.2980175108363454,1.5212402824910523,1.2315862628942107,0.0,0.45232269797769603,0.4221385418322756,0.24393122731051764,0.6003263168061859,0.21521934977305218,0.03039819550978611,0.0039410795185965426,0.006975541134465602,0.5954048799980932,0.1010834821356669,0.1408871387786058,0.40113662356546,0.12199608825355852,0.2479587493176793,0.02981742892815149,0.0031623473758863024,0.6917202089484259,0.23020951598337736,0.0425923573800527,0.07718318346815123,0.4369263059398521,0.32293014558849903,1.125799918512386,0.30623847450847025,0.0,0.003996350197229786,0.08181714096730076,0.3011256104066623,0.28812223869674713,0.9054292122439478,0.044951890639932275,0.0,0.6008119442427086,0.027547958365803035,0.38725124933857835,0.14593542580653376,0.01345609511986421,0.9345097926071778,0.9631820355490245,0.8288883281342082,0.76639218860986,0.004711653533081887,0.28248931215175727,0.06035733649316204,0.6297688186205699,0.0,0.4006544802035397,0.3216467108524844,0.4999738720299703,0.39838985476739164,0.2830316944286498,0.4781953196389429,0.06730810313821424,0.002927841486035438,0.0,1.1313577415550382,0.006172981484259668,0.1520748711573592,0.006364924872112119,0.7791121394129639,0.0,0.057245108329772115,0.2420898490413675,0.28040737144129607,0.0,0.5233931356171291,0.6224311136061028,0.0,0.006235285059778719,0.32999625590131754,0.49529679687760475,0.0,0.6979720836563783,0.6209885693935774,0.52606458631122,0.0,0.8147365150744507,0.5797024306608207,0.7356636363876583,0.3268009311771285,0.12680384929415645,0.20391717321560587,0.37065136209737026,0.26819091910233883,0.003655014079041336,0.7574753257597879,0.2435508108452362,0.6796974199297359,0.0,100_sp_gt,5140131,0.1,100
99,30.0,0.0,2.094030938523561,1.9776631702474574,0.5967961328490042,0.0,0.8228445342118434,0.004119057332502525,1.22399042105138,1.7278234910679016,1.075990081257924,0.0,0.3768354163048543,0.4101164605580584,0.18499941243395343,0.6561769208087048,0.20998675272279432,0.03333206005043781,0.00399286885282823,0.005776634858864834,0.5879150176854048,0.09423068035781881,0.1460059533940226,0.40579649039204885,0.11501724554534572,0.28786392478848666,0.032843590182197145,0.0032629978801011284,0.6994032101243867,0.22186742962147207,0.0443685572425634,0.06879040910247808,0.5037065448588615,0.290941750584833,1.261960710631239,0.3056179807565591,0.0,0.0040214967269156555,0.07059771836649764,0.27781508877377137,0.29095284904576874,0.9078311248285073,0.048623203698892566,0.0,0.6195049803103566,0.030898646595632878,0.4589650931315219,0.132092769638959,0.014671666989781715,0.7783442209751839,1.0091813984031317,1.0206195861405432,0.6919594289973237,0.004613695778227829,0.32442463232855195,0.060137030709726605,0.7726792728955474,0.0,0.35507965704951766,0.3476443821504679,0.5228306952526904,0.34398622665524786,0.281257792363947,0.4227476540398013,0.0693696906164011,0.0029316283890216265,0.0,0.9270817770904338,0.005606927728730181,0.13336033814020576,0.006509931539228565,0.8012254090316429,0.0,0.057422961095591855,0.26071724641109567,0.2725415006771563,0.0,0.4864932509562199,0.6467673649175538,0.0,0.006326419476678591,0.40689065640917454,0.5426844959615925,0.0,0.5924410180034505,0.5008876996893863,0.5270050712132935,0.0,0.8173984293467346,0.5489337643941437,0.7051848371281242,0.34174416552354037,0.1125824445787442,0.20699281203130215,0.3281710417992119,0.2703779924111473,0.0034221365818708546,0.6125865831051023,0.2166238270339089,0.7082151095874915,0.0,100_sp_gt,5140131,0.1,100
