-1.328250833364188033e+00,5.559437027954394761e-01,-1.368898160361946781e+00,-1.031668434068124252e-01,3.398162981176542918e-01,-5.319383991721134963e-01,-5.571015823022520408e-01,-1.513416533411235720e+00,9.985752290175547996e-01,7.877383530285163582e-01,7.916245519248805707e-01,9.848993462558205958e-02,1.914114977873620393e+00,-9.419861431300664556e-01,1.273648077620821883e+00,-1.971725516709625370e-01,1.716625080267193848e+00,1.498664326259721236e+00,-7.150600934851242263e-01,1.893202326470680541e+00,-1.199146645478421425e+00,1.740069606309090910e-01,1.822244568183306601e-01,-1.021105783392132871e+00,2.817214934174580021e-01,2.633936061889047275e-02,1.036123733741887154e+00,1.238356886308830562e+00,-1.363870612167349394e-01,-3.596099185301303014e-01,-8.667279303677070945e-02,2.551173150715473903e-01,-8.967447673600265068e-01,2.002155836130123046e+00,-2.882565334245842381e-01,-2.385888296654696539e-01,-8.948979019873962715e-01,-1.267618399002739427e+00,-6.328185797181214989e-01,2.519731090078108568e-02,-2.812772375195042418e+00,-7.975789305040877908e-01,6.248215999182515912e-01,9.550519771932648727e-02,-2.007445765696262152e-01,-9.978317776845879727e-02,3.367352932334803373e-01,3.758775911820358417e-01,-4.085323564025394871e-01,1.627176675486194268e+00,2.559634382667348440e-01,4.370428036531351368e-01,-6.323194670109006932e-01,-1.852150433625349146e+00,5.311737068583164412e-01,4.981317894415017711e-01,1.081176968587525433e+00,3.005218060451090092e-02,2.318027379466780946e+00,7.604974979327673301e-01,-6.883987433474715312e-01,-6.560773174557983367e-01,-9.886648194923221000e-01,4.524768452306459632e-01,1.149803708812163316e+00,-1.002769388906621595e+00,-7.756737079569789861e-01,1.536310791498700423e+00,-1.716181801499585768e+00,1.115217828606372086e+00,3.695936274703558455e-01,-1.961262600557105218e+00,1.720603778866162115e-01,1.590492678119073411e-01,2.449970684619172112e-01,-3.506311369136798639e-01,2.537395217472910303e-01,-6.226719666581483764e-02,-9.350881261735451144e-02,8.215416595783237019e-01,-9.499196349003176110e-01,1.873914105397224583e+00,4.986752936953255944e-01,-9.751734960101854366e-02,-3.995670421658513161e-01,1.507667353519047460e+00,-1.326325561660641528e+00,1.990969178821566210e+00,8.517216493963541968e-01,-2.126839023679415186e-01,4.810092539657250810e-01,2.055836817557035179e+00,-1.053937438907877944e+00,-4.132739258657733977e-02,1.971494920884587332e+00,-9.701999450604401609e-01,-9.459819491305405670e-01,-1.328508256554626676e+00,9.655315754887329183e-01,-1.305068170499655844e+00
-1.445899776603344344e+00,-1.243132688752311532e+00,-2.226585596617652874e-01,-3.796182104864007645e-01,6.749476723541395495e-01,-7.676758177429904295e-01,4.515021181120426608e-01,-2.561342331513157600e+00,4.868645374540492982e-02,-8.551243235029147849e-01,-7.110911263036303609e-01,1.148047054177171677e+00,3.264546173319335498e+00,2.368177112631796640e-03,2.276503165236633208e+00,5.307624878278508485e-01,-2.116121911088082730e-01,4.906520752636338578e-01,1.251486112280558949e+00,9.881590025611279859e-01,-1.560578899760523663e+00,-7.724599760227357503e-01,-1.480682093548263856e+00,-1.481387276371992912e-01,-4.238567049558807365e-01,2.382536153415638625e-01,-1.249676653720254021e-01,-2.130050299661567347e-03,9.559180645216733829e-01,6.749039912584130496e-01,-8.311312920404418936e-01,-3.624922024744586246e-01,-3.172582797526872334e+00,1.381852832911686590e+00,-3.415503120174980811e-01,1.005021165945475747e+00,4.107364568268612876e-02,-2.231966542719830415e-01,7.779828260836442189e-01,-8.162558631257212927e-01,-5.550140338418374508e-01,-4.476268216450494108e-01,-3.840714803277519573e-01,5.790411081889624834e-01,-1.260282301783520076e+00,-4.715132805769666202e-01,-5.122519667776791463e-01,3.925793720543458432e-01,4.694270878669203756e-02,1.018681092840227342e-01,2.005609516565350636e-01,-2.789579892039883102e+00,1.346668660582932775e+00,-1.306426641084883045e+00,2.160746100525459679e-01,6.957245517633415810e-01,-2.340866099839435457e-02,1.328897378155103337e-01,-1.150143861186705418e+00,-1.688339407119421987e+00,-2.776217449610190346e+00,-6.137866650273757774e-01,-5.871125344186377548e-01,4.453340111964963488e-01,-1.851235715144684268e-01,4.633110544564723599e-01,3.737717986293266903e-01,4.845071942518230368e-01,2.359902234837841561e+00,1.984000511173644732e-01,5.666254852953673815e-01,4.793879319352178925e-01,1.804293972412703007e-01,-1.441607095447801079e+00,-1.428225971224024837e+00,1.953473271471670492e+00,1.350257373871091238e+00,1.533915486921775817e-01,-2.676749672479217246e-01,-8.176017990200510344e-01,-2.113859956919570682e-01,4.290416495190668700e-01,2.296160654372142229e+00,-5.286338413988643514e-03,-1.582066527523288801e+00,1.013944835356274332e+00,-1.362088971137153104e+00,-2.201854380251378265e-02,-1.005004901216109303e+00,4.705538878491002941e-01,-6.663155426445894758e-01,-1.735375104740002061e-01,8.062948343550453423e-01,3.383024892433554864e-01,-2.799868787534408043e-01,1.916631056766770203e-01,3.462871651778717808e-01,-1.856376766920112331e+00,7.401970872699684678e-01,2.752221369138995732e-01
-9.168603692315406839e-01,5.928631875840922882e-01,-7.453989952881794334e-01,-2.061305977356131969e+00,-2.050653869282169917e-01,-2.258981279640226991e-01,1.135405013887904380e+00,-7.549768692268296055e-01,6.526273122568633234e-01,3.675213067930693800e-01,-6.309554924025251310e-01,-1.025827336327477246e+00,1.344747079293686642e+00,-2.426020720333612879e-01,9.245197278484294789e-02,1.362247227707576114e+00,-2.547857915779354054e-01,2.651361020939232427e-01,-1.646918391570140472e-01,-5.021615339453376903e-01,2.634236039947979724e-01,1.301720778983412208e+00,1.205316142580042493e+00,-1.132018996071640471e+00,-1.699843831401804950e+00,-1.684668402596881220e+00,1.375923999485615667e-01,1.698101544396887652e+00,1.388454404379509510e+00,-2.384688464956264131e-01,2.350488020605841569e-02,-3.489105580676270524e-01,-1.132893473764104320e+00,-1.094378295460481265e+00,4.966710553244892967e-01,-1.742099612420144661e+00,-4.661633988898270659e-02,-6.775724097366344623e-01,-9.933401935905423752e-01,-2.227238320108076708e-01,-7.199193420575707991e-01,2.217430424985057935e-01,9.030585448000789661e-01,2.879149103457998016e-01,-8.585015824193421574e-01,-4.393654194365035348e-01,8.486496691151640404e-01,-1.424090179812185664e+00,1.610441157510541232e-01,3.627112795725305761e-01,7.575054058167914883e-01,1.077989236986097943e+00,-1.813029953671643490e-01,5.068811715586332145e-01,1.284678882077085138e+00,-7.245807131759789410e-01,-1.421707294899489209e-02,6.414839995115381166e-01,-9.134430441848011561e-01,4.975796886943734121e-01,-7.233236173656084622e-01,9.593997756071779293e-01,7.186828560342237715e-01,-1.360880156635353666e+00,-7.599670930703742444e-01,-5.615604231374850437e-03,1.978249527635281613e+00,-3.365529353284382741e-01,-3.792869311487362394e-01,-4.174658311701923141e-01,-3.357775459321982736e-01,-1.513393719263237180e+00,-6.080443412976052064e-01,-5.890870438183953839e-01,-9.556700262139959934e-01,1.959942275305165682e-01,1.529463615992579184e+00,1.803917939921750868e+00,1.291349302259293008e+00,1.441711165636334169e+00,1.617374484928840034e-02,-2.470554471437778898e-01,3.868454754024497344e-01,-4.993633711617045390e-01,3.003508294210802121e-01,-2.287589600012696067e-01,-5.299318856950724355e-01,7.871441683057842642e-01,-1.875048656059356889e+00,-4.609283120148558455e-01,-5.384315060633361183e-01,-7.917037740088199715e-01,2.566577128823708809e-01,7.149044360710110624e-01,-6.911852116326412387e-01,7.253229859742654773e-01,-7.302938080047213232e-01,7.850904517213213030e-01,6.552753542405388432e-01,-2.197185092405581630e-01
1.644955825568002572e+00,1.848526947980447588e+00,3.352770467029878576e-01,9.157974220909658181e-01,6.214650987117842362e-01,1.404941766991457230e+00,4.741940074661530891e-01,-3.003752190065421823e-01,-2.012547918088364307e-01,-5.995082875604565986e-01,1.156937172004308012e+00,-8.799616161765375644e-01,4.223181093791076868e-01,1.394595544329037429e+00,1.684549666263788437e+00,-4.596202707757100492e-01,4.429239302121910082e-01,-1.546157506035488627e+00,6.401999401620833696e-01,1.578240242732516924e-02,-1.079820132389006204e+00,4.343074652324101920e-02,2.384789066870574459e+00,9.134329041069884081e-01,4.435986026331686927e-01,-7.690038992174128563e-01,1.701506854836429605e+00,-1.224920008847545094e-01,-8.296780306594817578e-01,1.063298552338170187e-02,9.256503413007691750e-01,1.211644903676334595e+00,-1.110022694432785340e+00,5.889301125327101039e-01,-1.994798186609498536e-01,6.011634391583842163e-01,-3.803489242638538048e-01,2.393539119089146627e+00,-1.773240041845855763e-01,1.708822125271750147e+00,6.671159836157294354e-01,-1.869344587005026814e-01,8.091441111980963719e-01,-1.140550426635017267e+00,-9.272469696268155481e-02,3.795154843578452675e-01,1.468193571197851321e+00,-7.321660119601425265e-01,1.747621460664705806e+00,5.057447264092469058e-02,7.508231567965043540e-01,-8.171944961779091798e-01,9.897343870543872102e-01,4.154703356531144753e-01,3.663314818771852832e-01,8.445759860720815082e-01,-5.413648054167098378e-01,-4.238463206878895773e-01,5.735220594449751408e-01,8.174512208789301848e-01,2.443338592097215600e-01,5.798613911543154531e-01,9.262632236142566144e-01,-9.920977840531153280e-01,-8.745682741805616001e-01,6.707685018175042757e-02,-2.285305899193108004e-01,8.773426169309190836e-01,-1.248834689500137207e+00,-2.326770096387104081e-01,6.837429720530106003e-01,1.924358673840716460e-01,1.318781520749278791e+00,1.553471627804968724e-01,-7.313577940357541829e-01,-1.645995092297661277e-01,-5.956070841040145281e-01,1.669125239366451852e-01,2.346491387931600066e-03,1.253816139957740106e+00,1.731667142473462206e+00,-7.022348475640673160e-02,2.364352752580699268e-01,-4.643128999357001296e-01,9.173016088834211601e-01,1.153605064123585988e+00,-9.338494077270067528e-01,2.129174318163663260e-01,-1.041098883958772037e+00,-3.922939322170877485e-01,1.095577376131543712e+00,-3.609167405631606984e-01,-2.987743762228274313e-01,1.116532735921203834e+00,2.978649462457318431e-01,-7.727292607136397873e-01,-7.216230310555470095e-02,-3.962348006268420209e-01,1.754811202713582707e+00,9.039764543938686447e-01
-8.132068686409655855e-01,1.137027662833198560e+00,2.903079587663391359e-01,-1.426704801395366706e+00,1.442971173984383682e-01,-9.302075965533930235e-01,9.314531592306051211e-01,-1.173701207678113090e-01,1.594794197158876603e+00,-3.337791132252376780e-01,-1.376496008135392080e+00,3.087508795886542701e-01,6.968446353174033714e-01,-7.163089495806158613e-01,-1.415299090566742413e+00,-1.381714523549042672e+00,6.686597738093800203e-01,-1.256146626651224008e+00,-2.948486713442458385e+00,-1.567879254120187804e+00,1.796701926450786635e+00,8.492149556799598598e-01,-1.650401593201876960e+00,-9.053630963190641978e-01,1.827943958111085190e-02,-2.278574828562215104e-01,-1.461464136820251003e+00,5.769750616818579703e-01,-1.859290152468356661e-01,-2.118051836641255292e+00,1.077357798112849263e+00,9.197643261993733166e-01,-2.251757436086491149e-01,1.917322163868300899e+00,-4.847232348237425215e-01,-3.011603277146353563e-01,-3.374037104831090761e-01,1.443978469073302406e+00,3.501033064524340377e-01,-1.631654333145046598e+00,3.458047988245766535e-01,-9.637129350636511882e-01,6.909701496747475691e-01,1.902803454129947003e+00,1.808414885744400902e+00,-1.010402795488232197e+00,1.252614951042598568e+00,4.803477271941368754e-01,1.017855692447521054e+00,-1.348003997113294550e-01,6.899474614482570267e-01,-9.142751938797062383e-01,-8.847040131866307222e-01,-6.778831783389471788e-01,-2.242682799771046565e+00,-5.763682892648166467e-01,3.492866441773850861e-01,-1.249742776282557033e+00,1.479895712898899207e+00,-1.506400817436478468e+00,6.053589299369896981e-01,-4.100918536737589992e-01,1.326046974447232074e+00,-1.870784659782225579e-01,1.258072621852047712e+00,1.866896707403712941e-01,3.422626774293757029e-02,8.269499755269121843e-01,-3.511340607461059804e-01,-7.793685527582389083e-02,1.070425535774212900e-01,2.756198215572935872e-01,-6.481558584174801352e-01,9.099611809656593664e-01,6.046104600521259309e-01,-1.900636070721002602e+00,-1.668792938959577088e-01,4.597859454585534467e-01,6.909864237997973557e-01,-6.712911451914709282e-01,-2.180351246457619130e-01,-1.676036179731346110e+00,4.276936915737500344e-01,1.176127490202685477e+00,-6.656152496593339407e-01,3.986506230541559948e-01,1.084327912441654052e+00,1.593850366416761921e-01,-1.217354371072617125e+00,-1.152126697554450852e+00,3.355966436232034056e-01,-1.558205469780441221e-01,2.391927545777614572e+00,1.699467509391947795e+00,9.356501469955066375e-01,7.867250247446240241e-01,1.027021945919513790e+00,1.996247532709221340e-01,4.103321309773646508e-01,8.973815578296498799e-03
1.230685591853137195e+00,-3.737227218402255913e-01,1.260840368363793651e+00,-1.118768219363899252e+00,-3.268146862960422117e-02,-4.142741563209674238e-01,1.096495851714043290e+00,1.065271936043827028e-01,1.791065447626358775e-01,2.198266003924926326e-01,-8.261039637600535723e-01,-7.540523938532943393e-02,7.895335531866148893e-01,1.016716668908550780e-01,-4.267114296135310902e-01,5.759119211008137951e-01,-8.874409620232571738e-01,8.859986973232086838e-01,-5.068056840399950413e-01,1.466660871024941248e-01,2.125277831395003147e+00,1.100979526888417936e+00,-3.743876969254321674e-01,2.561737390079382171e-01,-6.886034069733331098e-01,-7.338069380011746912e-01,-1.361281295343414188e-01,-1.674022942820755144e+00,4.884788712367333363e-01,5.584366721041632564e-01,-5.593000541213620780e-01,5.459495796704335602e-01,-5.794972014152542927e-01,4.656708194526034683e-01,1.520155596201784309e+00,1.206634769356660503e-01,-2.958164190258416038e-01,-1.087623272960586418e-01,2.401053836965711064e+00,6.421840229634195873e-01,5.473420873933544373e-01,6.157545620552538901e-02,4.799659022673775088e-01,-6.287650212288282692e-01,-1.591862405595531604e-01,-5.905292300496630675e-01,3.466401679500929478e-01,-1.855379920876441879e+00,-3.135225502547748788e-01,2.481265860398282619e-01,7.370307039184329501e-01,-2.331431327352095351e-01,-6.555721823697506501e-02,4.301800519827496116e-01,-1.534543871903770063e+00,8.758122929939144985e-01,2.295602857128131280e+00,1.189031252172373154e+00,2.201419071674682648e+00,1.285956625316694746e+00,-9.454012807848570787e-01,-1.118798032185191138e+00,2.907761783189434790e-01,8.012830932736155765e-01,9.529619499277005579e-01,6.869739894285519233e-01,-8.464536193032556888e-01,8.492140646842442075e-01,1.186159234339867252e+00,1.662992143779967513e+00,2.921418622769802909e+00,9.465398275157692609e-01,-1.532965583812378796e+00,1.906202455482131519e+00,8.151951578178860958e-01,-5.347504479251736775e-01,1.046205276834970332e+00,-6.209197034757244493e-01,-7.879145688834138239e-01,-1.064672294738781888e+00,1.945557133894142143e-01,1.856817144822744181e+00,2.456088948083423318e-01,9.528803995633787771e-01,1.107610367082802583e+00,1.193081880522764093e+00,-2.057705500669141596e+00,-1.911516118495884875e+00,-5.421497565616750780e-01,-2.574706305916193982e-01,-1.593249477150673332e+00,1.176124055153805914e+00,6.619321788849755750e-01,1.177042913489520615e+00,-4.834724456992433028e-01,-1.784413099887323939e-01,3.027646669354498998e-01,3.574524062701440741e-01,8.420466963070301070e-01,-7.346076767282164188e-02
-6.192066364442280202e-01,5.156798787739526047e-01,2.333486287995450326e+00,-1.100009594549018921e+00,2.307131485670530502e+00,2.558171001473629746e-01,5.108680824008782206e-01,1.293555852049192989e+00,1.333498242196125672e+00,-8.680853074455874285e-01,-4.012318032409696311e-01,-8.562896680232754409e-01,7.351864519895315864e-01,1.203357634634304674e+00,-6.773612739101921854e-01,-7.668846422736809165e-01,8.992411052874366151e-02,-1.060945244782480534e+00,4.893279602391791827e-01,-7.299624899641449227e-01,-3.824605424554351485e-01,-1.567790106148805096e+00,-2.131920205853488626e-01,8.373557378260437778e-01,7.651601011183342127e-01,-1.840563418746586688e+00,7.939925342893812132e-01,-9.536523419419102865e-01,1.279340806249060547e+00,6.620815622064610828e-01,6.876510303201389673e-01,1.964926583618503253e+00,6.734753697022212160e-01,3.888891097136751296e-01,6.779980461803027936e-01,8.943081048467867999e-01,-1.834791871972149213e+00,6.579498148318929651e-01,-7.590116614457443900e-01,-1.150865087897996464e+00,-2.104141983030987859e-02,-1.463906829581944846e+00,8.960773166221358554e-01,-6.972057373654845513e-02,2.061497107568634579e+00,6.730926458407495705e-01,2.776233391557244023e-01,-1.090513357184141441e+00,2.645693783164963508e-01,5.696562037808039491e-01,6.290037476303317332e-01,1.761571911437064542e-01,7.121829312056155992e-01,-1.959180973469065279e+00,-1.869980760957722143e+00,1.054324712227580285e+00,-4.344888549707351943e-01,-1.334923348399525089e+00,5.986829648951074584e-02,1.329486563098161434e-01,-2.627147069343770402e-01,-2.293168895912550465e+00,1.784985135460071815e-01,-1.247858477163575480e-01,1.172872846165324973e-01,-1.666079982040092611e-01,4.291720365439852941e-02,-2.837403383946943691e-01,-1.606863941888364122e+00,1.422416164467587452e+00,-4.166194852288400141e-01,7.444132344548208824e-01,2.391798738755191722e-01,1.855914057701187891e+00,1.244587463215903522e+00,-1.232770301599636964e+00,1.081729967775007184e+00,1.385532842265108977e+00,-9.802118339329879415e-01,-3.202484093673789167e-01,1.159440274751419420e+00,7.616085382374014612e-02,-9.232863504727868431e-01,1.281434765204011006e+00,-3.169014244622067045e-01,-1.278931892135072967e+00,-4.239950861158069961e-01,-3.655289619285206348e-01,1.359694732396494299e+00,1.152131120461287406e+00,-2.263055748903079145e+00,-2.589371052135847062e+00,1.158695451667126841e+00,1.829694900736242191e+00,-3.606078012654466702e-01,1.279769624505225689e+00,5.859367726326255577e-01,-1.804785963873323795e-01,1.558949328704438697e-01,-9.584935626709562007e-01
7.964217777208967286e-01,5.148221209558266898e-01,1.199742520008757252e+00,-9.679261823464323511e-01,1.180710678923502899e+00,-4.901080189841744983e-01,4.604518706227248709e-02,2.002897147423773117e+00,-3.985583962526680901e-01,-1.004093550641329990e+00,6.191969554394617381e-01,-9.905449241941376437e-01,-1.705118436468238546e-02,-2.015936225408603011e-01,2.262660442487738066e-01,-8.413157151059683647e-01,-8.674063464293653158e-01,-1.311211291863292550e+00,-9.733145240055930680e-02,-8.932998635414282629e-02,1.715963932007977588e+00,4.105342664416128939e-01,-4.376432580734943012e-01,-1.555401823492932767e+00,-1.070684703320553099e+00,-6.808436257862746643e-01,-3.011548161136047841e-01,4.560937338646914307e-02,8.034739729833920707e-01,1.788653473051410536e+00,-2.156518657576880493e-01,-1.485722943995332335e+00,-1.005973927184004690e+00,9.721722488337064538e-01,2.603337863248281758e-01,-2.447884199386640702e-01,-5.530453321877273343e-01,4.306421838804331270e-01,-4.330645054797153670e-01,5.697609626751651835e-01,4.018496605535081811e-01,-1.011189548676403982e+00,5.653164807448007867e-01,-2.320791216594136230e+00,3.539421951876616790e-01,-1.286284059346592512e+00,-2.030097400711647626e-01,7.177249506660984268e-01,-5.213847017186279409e-01,-6.050887776663455703e-02,1.565318571046728557e+00,-4.595759794375706697e-01,-9.449482749073324639e-01,1.215263493303789938e-01,-6.080790092255500268e-01,1.299755570934309601e+00,1.465787964789706965e+00,-5.776490837601144096e-02,-2.418174028216170335e+00,1.080118249781315987e+00,-7.617370619519848729e-01,7.267730341375145953e-01,-3.099500192052925263e-01,-1.289762722916005577e+00,-9.366373137299025542e-01,1.535208295687306990e+00,1.315849848016298340e+00,-1.244232250962071351e+00,-1.855636851957146227e+00,-4.204620662538051112e-01,-1.226893344375590056e+00,2.119968575096879415e-01,4.029481332797566484e-01,1.168782331292591348e+00,4.409403287435024743e-01,-1.467670469506916486e+00,2.913170897429175010e+00,1.471406450084770778e+00,-4.028744635044362310e-01,1.322673804853343738e+00,3.922511784500611887e-01,-1.065460409995027391e-01,1.014981987572345368e+00,4.318568298181103549e-01,-1.622743696029321558e+00,5.808172761738723544e-01,6.946263129430244043e-02,1.035637248808665589e+00,9.625861787322784746e-01,2.028845961709980994e+00,-1.321738280919474207e+00,-1.091886241347425290e+00,3.423663624731358712e-02,3.197914824430020397e-02,-4.069255164909649780e-01,-5.926831742567504335e-01,-8.713307621043994144e-01,8.806082136743101918e-01,-2.829294901570771903e-01,-8.450403309817482445e-01
-6.010457926204756385e-01,-1.914427863779916972e-01,-2.564479489717128025e-01,1.026047983948164433e+00,-1.466267238327713662e-01,-3.249488531355890775e-01,1.608711499097908726e-01,1.932818106786069745e-01,-1.766803593588697208e+00,2.071715151503783769e-01,9.091723469644806821e-01,5.532999956312095735e-01,-5.115558261482066049e-01,-1.671772507823818366e+00,-9.266277714579834734e-01,-1.120210106305259412e+00,4.419555431667645529e-01,3.484583289181986676e-01,9.053409307626841818e-01,3.923469057974410812e-01,-2.438492376935469819e-03,1.196553896464402023e+00,-1.105710724990493610e+00,-1.860218704131241463e+00,7.321365279421478967e-01,-3.638783392365024238e-01,-8.900380094218242055e-01,1.439499402037484277e+00,8.544660638899505001e-01,1.189036220494677831e+00,-8.542655529175227080e-01,1.358380801168442842e+00,2.060313009934787720e-01,9.928018135181758685e-01,-2.009196354755633074e+00,1.471201105425069544e+00,1.381294163262703600e+00,-2.587876266055346708e-01,1.758021857943197278e-02,3.587403667516004258e-01,1.319209998237306669e+00,1.855413778689789517e-01,1.455528975183270068e+00,-4.357129490720330622e-01,-3.741093321155861823e-02,-6.720878778783595520e-01,-9.501849930120791488e-01,3.211964013202855961e-02,9.492020932339095829e-01,5.474947099620919994e-02,9.089991414023004257e-01,-1.296208210970930974e+00,-7.974092185704920177e-02,-1.240993550901016373e+00,1.079583808822736746e+00,-6.463887485160088042e-01,-7.789933301448641323e-02,1.919499167779074311e-01,4.535004212595025730e-01,-8.329417669924379930e-02,-9.669789338567607029e-01,-7.619813195946677498e-01,-5.187557348517930489e-01,2.513701484187731428e-01,2.690965552848804676e-01,4.066214601205105361e-01,-1.752845293471932686e-01,-8.772999073928025582e-02,-1.372883812660727232e+00,-1.861429307154495172e+00,-2.414711617662785303e-01,-1.052212339945186370e+00,-2.001674659919482124e+00,-3.355561347610920842e-01,3.864773208238521107e-01,-8.802811958910056189e-01,4.321442433195684663e-01,8.475572157077595481e-01,1.657192992980632607e+00,3.001618564131785849e+00,1.606584499288490342e-01,2.159933561776581801e+00,6.364160750748731887e-01,1.324994887323893922e+00,3.852269550532073650e-01,-4.513434750374036852e-01,1.746321944766441980e+00,2.458589488653654398e-01,3.725019318062283702e-02,8.742759588984408969e-01,7.570586130439421746e-02,-6.220575897532315546e-01,3.988263568126981795e-01,-8.596021466732375327e-01,9.257405201185775478e-01,7.720700672651888974e-01,5.259458818469187058e-01,-2.134214786104943196e-01,3.342814199555386168e-01,-1.490593330542349548e+00
6.488522881799658748e-01,-9.620001781338710645e-01,-6.921777354093826551e-01,-1.242157126490386565e+00,-1.965053960286128332e-02,-6.639076687245030195e-01,-6.120083877676141260e-01,-7.422932407803172206e-01,-8.064239182627316316e-01,-6.307392682630679204e-01,-9.299693150365326844e-01,-1.710852154341066800e-01,-4.569656080414855603e-01,-1.045641046950358755e+00,-1.161317636633215855e+00,-2.658393395014441163e-01,-3.873388493266615717e-01,-7.752418882966309877e-01,-1.494187637093821186e-01,1.048160207337448524e+00,2.475720296945469745e-01,-6.245474894119239506e-01,2.991778601361212986e-01,-2.025072474637124476e+00,-8.077306007298199475e-01,5.152614035399931680e-01,1.223472153256275119e+00,1.905206237909529587e+00,4.156146558385189205e-01,-7.627962412737487874e-01,1.100464706257872072e+00,-8.337841104739034392e-01,1.111655080443683552e+00,-1.767872995015835613e-01,6.322661576935559857e-01,-1.951387456686225763e-01,-3.339691509218031817e-01,1.195584281370516644e+00,5.440543385169341675e-03,-1.165745009586742320e+00,-1.213557603252942929e+00,6.852658401138358446e-01,-6.800720430912816639e-01,-1.685817620170297904e-01,-1.566976104608863496e+00,-6.384662402045221397e-01,-1.379703836825905361e+00,-1.294325950955637961e+00,1.429267252177097047e+00,1.304028789890183893e+00,-9.502977376782533181e-01,-8.543040990006358637e-01,-1.997154990357836724e-01,4.948232397753342116e-01,1.006256561032200958e+00,1.373799371332628860e+00,1.734541690885003318e+00,-9.540462754730725248e-01,-1.090959025988462727e+00,-7.193136899879857271e-01,1.522714782159627633e+00,-1.144840014421523444e-01,7.383045505162771915e-01,6.983853370663770654e-01,-1.175236979848364310e-01,7.627930313878095170e-02,7.748626498878491420e-01,1.448794615086917315e+00,-2.037616653403363731e+00,5.673206032751181294e-01,-3.224454741426023840e-01,2.458190088222746983e+00,1.203627848044602905e-01,-1.258037682991678397e+00,-4.219487579826593504e-01,-1.525093946264753086e-01,1.341728693393241745e+00,-1.674256365607898478e-01,-2.582958692984074767e-01,-6.657405411025812958e-01,7.260397393805109213e-03,6.533832973726907412e-01,5.647653710005597905e-01,1.101736632879146027e+00,8.658566022113019234e-03,-1.350824796332185995e+00,1.051479301239076902e-01,9.830566046716947282e-02,1.401818777821878248e+00,-9.187194851591159450e-01,7.907833183231296470e-01,1.891448330911928100e+00,1.654399971755808885e+00,-1.284802819827115250e-01,2.882280734193697347e-01,-1.935806093191292515e-02,6.654352234626234042e-01,3.642488108630205224e-01,-1.263464702636704073e+00,1.153843109321363580e-01
7.246331243961486035e-02,-1.681661851533503560e+00,7.923303480241471464e-01,-4.881861909045097647e-01,9.731581650796111704e-01,6.879596301406418028e-03,1.886340876076576301e+00,9.006728111833792738e-01,1.024933046441753648e+00,-7.070690211911797585e-01,-1.071417313894486023e-01,-4.037219446982024951e-01,-1.411863360737056317e+00,7.098489340374095624e-01,8.604673094517492071e-01,-5.408170182030620499e-01,-7.154797255083686913e-01,-1.802667065761489829e+00,9.724229042718539606e-01,-1.913403775667151807e-01,-1.342812691427801353e+00,1.181899908253975395e+00,8.105373641869684231e-01,-8.931861686105996290e-01,-2.917911575153560588e-01,-2.551948244359775853e+00,-1.161263476660760047e-01,2.206774667491532005e-01,-3.389224110620151498e-01,-4.742214893641364393e-01,5.493094427650681011e-01,-5.823131352293923202e-01,9.393405213706930157e-01,-1.174708816692713320e+00,1.999586203668908546e-01,8.914299592035361819e-01,-1.308843891244437563e+00,-5.781371685137509653e-01,-1.045768052759743050e+00,-1.365245440368101137e+00,-5.842227739787975160e-01,-1.861609012482103864e+00,1.684094221409525860e-01,5.853594412807150427e-01,-1.012829559088536557e+00,-2.617541379471094443e-01,7.023782135687419714e-01,-1.021128356407505766e+00,7.248313937029690068e-01,-4.816983292567748598e-01,-8.511425649686681361e-01,2.303400034834008903e-01,1.075147439963094254e+00,-2.792886322973700541e-02,6.566786575997823894e-01,6.714120539512652419e-01,-5.863077610478590884e-01,-1.241259731965533186e+00,-7.235293823175009686e-01,-1.417866885247623943e+00,1.685810964051890570e+00,1.676428370639832521e-01,5.183525890358707811e-01,-3.921311111275610495e-01,-2.526334276725089589e-01,1.284949226107172882e+00,3.357352527896887429e-01,-8.190519818889361106e-03,8.580182949063689390e-01,-3.319736759517194269e+00,-8.429309131240794173e-01,3.821097384328205337e-01,8.052166114044626566e-01,-6.231007856499257702e-01,5.536801933126221931e-01,-1.621531009833180881e-01,-7.385780580001657936e-02,-2.612110947273030281e-02,6.084119696005352296e-01,1.175809562942466524e+00,-1.517031950325493372e-01,7.073347882934525321e-01,-1.331498665901979239e-01,1.095742681334364033e+00,-8.663925488231504213e-01,2.955270149103382593e+00,3.875524825592800426e-01,2.154027778759197709e+00,-4.233424584768351595e-01,1.823428303707835818e-01,6.306957478592650768e-01,1.735194070296085966e+00,-7.352984831009096167e-01,-1.043775804892167480e-01,1.044438638900064165e+00,-5.533426704291680154e-02,2.030714250753935801e-01,-1.309142509529380161e-01,2.943293351321324969e-01,-9.852886906664590771e-01
3.249589243436308561e-02,-5.467934294701251030e-01,-9.503498073395985069e-01,1.901638238992560348e+00,1.000463763271946804e-01,-5.207833581620663344e-01,-1.367550882523354439e+00,1.986462081384013922e+00,-3.026162428762162460e-01,4.087160733440285409e-01,1.029774611398431405e+00,-1.835681812669066382e+00,-2.959678800660997880e-02,-2.284871815420016494e-01,2.984732231570737415e+00,2.832338230990997241e-01,-6.502732146277333536e-01,5.032081508040791018e-01,1.717361187574865555e+00,-1.267833437367161586e+00,-4.270234583974936160e-01,1.196212840866319516e+00,3.572123499414024683e-02,-2.757806399837764988e-01,-1.278307774366802818e-01,-2.163331561343982135e-01,1.828749253083327975e-01,3.486655769275717742e-02,3.882277556972984489e-01,2.452421728548934421e-01,-1.129833952775721295e+00,3.831051346027444238e-01,1.161023591558911550e+00,-4.249511349369278213e-02,4.611618023445313019e-01,-8.512442816143069857e-01,2.019747750484335302e+00,-2.476037760129333964e+00,-1.503745419744604017e-01,7.043589100701274086e-01,9.154292312544525245e-01,-5.502940808236377324e-01,1.535001859723932771e+00,-4.548266715272654692e-01,-3.691895626480241055e-01,3.365357522440583504e-01,9.448803671406306171e-01,9.681392780360817962e-01,1.171813641188605759e+00,7.299943020873354838e-02,6.975023368617022657e-01,-2.235721233080863179e-01,1.207142984710524392e+00,1.828520335307646683e+00,-6.227661031718524642e-02,-2.687960997362396909e-01,-9.979946321049925073e-01,4.185272791498445000e-01,-3.214722645483658603e-01,-9.281857434306013399e-01,6.023370891649688641e-01,-1.425296867061772055e+00,1.204873483518353217e+00,2.236159749954970355e+00,2.558332484640129856e+00,4.207867484725900109e-01,1.894776975957680465e-01,-1.679703859755901085e+00,-1.073706550358237699e-01,-4.195839081716701280e-01,-3.640924029312053722e-01,1.175114085393448235e-02,1.716766368922800545e+00,-2.025465546815063689e-01,-4.111301741690602252e-01,-9.356551681649294405e-01,-2.391270933909560803e+00,-1.019004722143373121e+00,-7.433492663038914205e-01,-4.075170103216747552e-01,-1.253247981235517283e+00,1.282365761951745620e-01,6.157894201097314363e-02,-1.401970893869701085e+00,-4.079962606086497412e-01,-1.154529875266215866e+00,7.609615813184316124e-01,1.266357609423600428e+00,-1.469553621070213145e+00,-9.865047073000351996e-02,1.247315655731077610e+00,-1.303014332233161099e+00,-8.766998646666036843e-02,2.503828565737360901e+00,-1.341695090979326821e+00,3.744606931571895503e-01,2.720864858953731535e-01,1.267519530528386396e+00,-8.999749390467851606e-01,-2.237152612045162581e+00
-1.658102738312041968e-01,-9.408327113865641023e-01,7.725367508758138047e-02,1.493109120126452138e+00,-1.872250213652740802e-01,1.692896054044897847e-01,1.201535210856430780e+00,-6.369396668285668417e-01,-5.140847805505057710e-01,-9.501441103519790987e-01,-7.883942261008838881e-02,-1.387081103166936780e+00,-2.541693050940801307e-02,-8.245296546283158445e-01,-6.071603252708021037e-01,4.176915992859777105e-01,-1.386740084235261149e-02,-9.400422045960399320e-01,1.955473227354991017e-01,6.586574668692314338e-01,6.526958099642417299e-02,1.239183663262141355e+00,1.915283504356160293e-01,-4.397249848598823174e-01,-9.525974034650895872e-01,-6.947001434253631258e-01,-4.656685989531189063e-01,-1.065929675335920868e+00,-5.635222049717806270e-01,-7.811692805147384400e-01,9.908570700769001593e-01,5.869998654702732743e-01,-1.208359733703071592e+00,3.573479297701858126e-01,6.063351106023165960e-01,-1.478676237621004308e+00,3.202700561210932717e-01,-1.526357045094627773e+00,5.828943770567854843e-01,-4.649281612489020166e-01,1.004486184625826173e+00,-1.014627575156655581e+00,-3.467406245360384887e-01,-1.869944184295714018e-01,1.169478292149580767e+00,-3.835818398374358229e-01,-3.435499670140698125e-01,-9.559464201677914108e-01,2.876865911650240637e+00,-1.129605361460504831e+00,-1.781923687788437904e+00,-2.769969202945968267e-01,5.925116060565869258e-01,-5.546373147192703440e-02,-4.136053801420903064e-01,1.467182561400973251e+00,-1.496190746807186944e-01,-9.331683272934943041e-01,-1.688767428899827783e-01,6.796452676216191424e-01,2.934715559116719552e-01,1.706764380673089887e+00,-9.514590704950728339e-01,7.196975553930082814e-01,-2.013393509497655443e-01,3.619001255058725275e-01,1.011228347806006234e+00,-4.906127503182695637e-01,-1.324822791448369008e-01,2.328176109871315180e+00,-7.631400274428733199e-02,5.436579428932437619e-01,-1.721118085345902049e+00,1.166999877347402848e+00,1.821982604360552038e+00,-7.913863592191201501e-01,2.074804782863689745e+00,6.012184810521461475e-01,-1.612231705296474971e+00,6.697821989173751156e-01,2.900473747152836901e-01,-1.704090590133316763e+00,1.556469580082338044e+00,-6.059544261902930634e-02,7.244644627672411907e-01,1.128235276108172508e-01,-1.057747084241202007e+00,3.689503108573894408e-01,-2.674361141789531326e-01,-1.346644180592187351e-02,1.415680085628851170e+00,7.182552486726871965e-01,4.791936253184990169e-01,-1.709660289105995101e+00,2.807364037802205781e-01,-5.677713008619447166e-01,3.934423850935586109e-01,9.705042080013790429e-01,1.731458297044833783e+00,-2.397293255557043645e-01
9.494328766276747267e-01,-3.811617649469092872e-01,-5.854018399939227013e-01,-1.685079246572932732e+00,-1.455461248886341874e+00,-9.839208178308730401e-01,-1.693470570403599051e-01,-4.590128484079633586e-01,3.193750440762935794e-01,-2.874143839369633358e-02,-2.671052307478797294e-01,8.512797780087448807e-01,2.425560150113962310e-01,-1.031987713482765412e-01,-1.661885670984105001e+00,7.243475394334679407e-02,1.047187328840042841e+00,-5.260064334574531264e-01,-1.237330809964471534e+00,-6.486492517470268115e-01,8.402455972522531180e-01,1.486399600800646925e-01,-1.284957676889617040e-01,-9.747064641605780455e-01,3.903028444281931297e-01,1.532785523652191895e+00,2.465624723869744184e+00,-1.163571591597932109e+00,-8.135043766708490720e-01,6.058140674258880587e-01,-8.128312542454899647e-01,-1.778862198862556088e-01,6.395870491677115854e-01,-6.569726361071746012e-01,-1.067457178917190219e-01,-7.732814687899037809e-01,-1.293513335601452763e+00,-1.304013808877463043e-01,-6.206314081761275803e-02,-4.906665502417278391e-01,1.422939431309178104e+00,1.968683250167326260e-01,5.913007430414893850e-01,2.392849520781873629e+00,-2.182282995582677035e-02,1.217541643960756925e+00,-5.567739533426691034e-01,-5.830468709485705503e-01,-1.111812333355525484e-01,1.307994466026038083e+00,-1.264303288220775645e+00,8.891925613618889557e-01,-1.705044046793091073e-01,9.393017257350334825e-02,-2.558205641698437227e-01,6.405272338415020084e-01,6.089980268826893361e-01,1.071994013408081425e+00,-2.014801580936453451e+00,1.482181016486201042e+00,-9.038887665587685971e-02,-7.360087880059965615e-01,2.557745529672672546e-01,-7.959565424133461242e-01,-3.369271456580528179e-01,-5.316953772048131910e-01,-1.738550500542419275e-01,-4.059277166098674838e-01,1.390658923330791330e+00,-1.286298402858274903e+00,-9.966279172255133600e-01,3.408611094167267042e-01,-5.145305414893781570e-01,-3.369817192227477221e-01,-4.774829063278837604e-01,-8.918152676900831244e-02,-4.915062196206445577e-01,1.534075452389908056e-01,9.716621699132670098e-02,4.330008136017514109e-01,-4.230834466663790927e-01,6.855121051045629521e-01,-6.303157951058753206e-01,-9.533817407171125691e-01,-1.714125325210720030e+00,1.796561185875041877e-01,8.091213175497609100e-01,3.724633355929444223e-01,-8.440939867534668073e-01,-1.039978203554384972e+00,1.442683915465536204e+00,2.271753526447569893e+00,2.279595745648395344e-02,9.145613251317333825e-01,-3.091380188263834206e-01,-6.964951162198945722e-01,1.086823181630784729e+00,-1.462873637095306878e-01,4.183629199329327863e-01,-8.243467133410312120e-02
-1.253101730270424374e+00,1.058186622485188355e+00,4.789224734033476483e-01,1.530245408368508253e-01,6.806795477808562644e-01,-5.752524204300976107e-01,1.300821707889237011e+00,3.954550656386203178e-01,5.266710783243807453e-02,3.853580248977355738e-01,-1.243740449788129920e+00,2.092736788822862959e+00,-1.306812988672033216e+00,7.900568998846335678e-01,-5.749004143576700310e-01,-1.262345969210185936e+00,-8.744721134809513297e-01,4.048988112857404564e-01,8.398781986110584463e-02,-7.498931826260080147e-02,-6.394769069094033975e-01,8.794527367686869046e-02,-1.055537404243686028e+00,9.600287460067058465e-01,8.410797602199427958e-01,7.797316776016558482e-01,-6.506955573943382642e-01,2.356557996081071749e-01,-2.199584132628272126e+00,-7.068396401150237596e-01,-2.847644829463106819e-01,1.162422438952680048e+00,-7.609806598710934233e-01,2.009251398714355652e+00,-1.301253677967435962e+00,2.520470127514767178e+00,6.075129584457856780e-01,6.495979228223193180e-01,4.029755272478601213e-01,-2.629602330977104385e-01,3.545622383391992538e-01,5.502017609483147442e-01,-9.491415732997208199e-01,5.873275688029193364e-02,7.839640968780693386e-01,1.229004077157047764e-01,-1.031046174220908718e+00,-1.789070201079289379e+00,-5.842866703533738937e-01,8.513579379638132050e-01,1.428138483897349431e+00,6.018968167680319725e-01,6.963965617257877883e-01,-4.380497530690584049e-03,9.360019910953366606e-01,-3.407741287461792390e-01,9.762972358436283749e-01,-1.664174226725207428e-01,5.856319397113246561e-01,3.045796495972212803e-01,2.635394224253047035e-01,8.970797682128642814e-01,2.539579695248426194e+00,6.307232752786868790e-01,3.028580582330949733e-01,2.179889302408423379e+00,-1.140532992971785342e+00,6.408230060269191064e-01,-2.255211985528576601e+00,4.814422515780470979e-01,-1.800071215897597054e-01,6.311459184869215866e-01,8.426335387256665976e-01,-5.727104272335654667e-01,-6.317218077407527055e-01,5.589458505806031985e-01,1.370840260419061429e-01,5.955819237701883706e-01,1.341227808142421374e+00,1.506738435388162989e-01,2.367278541766109912e-01,1.905576117172485817e-01,3.006830382959467141e+00,2.234568716666464283e+00,5.545557030206053062e-01,-2.654949799133967669e+00,5.394597265370928985e-02,3.686409442456758390e-01,-6.953726956871643106e-01,-1.930125283118364621e+00,6.257223188181728624e-01,-9.351289521699550356e-02,-8.820683646721276527e-02,5.439536025792864882e-01,8.587983082139291069e-01,4.611467623158576612e-01,5.503192557899163617e-01,-1.112317518577892739e-01,7.117695545888476083e-01,-3.687909892472399642e-01
-1.800229818919684213e-02,2.101566171065682109e+00,-1.082078761699755282e-01,6.873719483831874921e-01,-7.114092184533251650e-01,-1.419964593125690788e+00,-4.587570277251293849e-01,-4.354188100953105822e-01,-1.367043074552272364e+00,-8.115690071370900149e-01,7.432639142634105411e-01,-1.232429805331773265e+00,5.012131744957353668e-02,6.282168517257216145e-01,4.056219497185966083e-01,-1.319764919009604132e+00,1.751101168673458927e-02,-3.539449680928488662e-01,-4.867702997645259044e-01,-6.890462860789348110e-01,2.109777633498913563e+00,-1.981096802676003132e-01,1.210597464568807791e+00,-2.971759203362207558e-01,2.120574359421537602e-01,1.091948840939877430e+00,7.851221840876325686e-01,-1.241180050354861786e+00,6.186052507517273424e-01,2.203114683491191883e+00,1.264212492924908560e+00,4.949971863100559033e-01,1.217340978686091812e+00,-1.876367339091063791e+00,-2.789404900149861435e-02,1.577061385230952295e-01,-9.856661393849527331e-01,2.829625985596880000e-02,-2.065759979787686607e-01,-1.297908478865654525e+00,-2.179847838757310585e-01,1.396712005495582609e+00,3.228521162473579897e-01,-1.854079892881936309e-01,1.627426169764258024e+00,3.013319026852659954e-01,-2.371246636588005691e-02,-4.457285990881292292e-01,1.094797930170215761e+00,3.177856722364496567e-01,-1.359225282009657976e+00,-1.350979060673245691e+00,-1.985990309628640205e-01,1.130713958156465360e+00,2.276687942898683037e+00,-6.988379606825834145e-01,7.120610838473777626e-01,2.560932715665241721e-01,-1.426661397023443412e+00,-2.109256391320424862e-01,2.444643430838377984e-01,-5.586626756846940073e-02,-2.276294648173785365e-02,-7.001547177084100904e-01,2.896939498593442130e-01,7.548399102468388300e-01,-4.289869830341288548e-01,1.136787536121441233e+00,-6.120691347293772538e-02,-6.442460241122450748e-01,-7.160141243192096050e-02,1.542384397201429780e-01,2.749391570171828114e+00,2.402588650298149164e-01,-8.469581255083733495e-01,6.027027570912989463e-01,9.610304688680803009e-01,-1.287331856209042169e-01,-2.918097249764377010e-01,-1.801275928012489036e-01,-1.576421274684467466e+00,-5.704321998505370583e-01,-1.801925917949684930e+00,5.612240639861014735e-01,-5.525122474788645155e-01,-6.441603986461782450e-01,4.284396121189084639e-01,-2.021081301690680898e-01,1.778223397909405534e+00,9.549717969168102227e-01,-7.284085809198377337e-01,3.106225963847977778e-01,-2.933050196118806574e-01,-1.243045372153418704e+00,4.667962050393267281e-01,-1.887056999626647302e+00,-4.981234181465122868e-01,8.558647598897234365e-01,-3.069846088515910676e-01,-9.795496445387791296e-01
5.279814448284517875e-02,3.811819149833023945e-01,-1.634640842880073164e+00,1.276267337252603662e+00,-2.969592068259210293e-01,-1.724925300588781463e+00,2.308373524350757044e+00,-3.483815198944933966e-01,6.021304488723189241e-01,2.874384830650001388e-01,5.573605320851520162e-01,-4.132883102904279515e-01,-6.733689483368934248e-01,-2.317546534940882474e-01,4.410400848080205383e-01,1.589018991699974404e+00,9.146449874396743729e-01,-7.063390392464299894e-02,-1.790919936612695329e+00,-8.054124295327804717e-01,-3.588678173181119035e-01,-9.355393665777441692e-01,1.950148947227071383e-01,-9.793984137989304728e-02,-3.214687882583128209e-01,6.476233648547221611e-01,2.867271890775875409e-01,-6.057336963472852442e-01,8.345932251020415915e-01,1.612924301798838389e+00,-1.875455887301346714e+00,-2.169671555932527252e+00,1.622745747032372066e+00,-3.926902133521949917e-02,3.755039208695819530e-01,-1.677969493213152807e-01,1.172050546887634548e+00,-1.170949005225600192e+00,-4.458734099392721029e-01,5.127607279533470397e-01,-2.282431219877146145e+00,8.580626332498280107e-01,1.451897838792560735e+00,8.186839678945938559e-01,-2.527964833961617863e+00,3.777832132855271086e-01,9.848062782489194200e-01,-6.070673918552218495e-01,-6.024450930221136868e-01,-2.115896205779468631e-01,-1.648931300864227012e+00,-1.107536349900161587e+00,-1.357726305145708079e-01,-9.207350623609164009e-01,-1.113582488357818923e+00,5.546765500676399396e-01,3.027320346100016990e-01,7.538695100965925322e-02,-1.034356960005361925e+00,-4.721685426647815320e-01,-6.524340129794422571e-01,-3.258714352374987855e-01,-9.226693241036464377e-01,-2.096506102705546770e-01,9.253923557706040803e-01,-4.716412612146611005e-01,-2.515492361627070239e-01,-3.704616568943131516e-01,-4.312580800073366194e-01,-1.358020622489858109e+00,1.953731011024644637e+00,-1.175626422829727957e+00,-8.229801209980152077e-01,-5.339717508770339682e-01,-1.490647994895043071e+00,-3.080630089782320447e+00,-1.383145454768439864e+00,1.102107498237081123e-01,1.156435584263847183e+00,7.978341904877342960e-01,-7.512649519863094649e-02,-1.412359145858252396e-01,-4.365233895937155606e-01,1.118931443526655772e-01,-5.824494021265743671e-01,5.124902327096269028e-01,-1.050768660861301912e-01,-9.632132369925170412e-01,-5.618161652509937598e-01,1.410632258767697156e+00,1.975875830894123109e+00,4.281103637155239117e-01,6.012765267232516031e-01,-8.913244007626376364e-01,2.817211120641384681e-01,-2.023277518496970628e-01,1.316113746159289333e+00,3.347327282682173166e-01,-8.963447243657487462e-01,3.982708152883394637e-01
3.232334749130405527e-01,5.228701691665441631e-01,-1.437140879094965518e-01,-1.681365487253057900e+00,-1.373808064354409053e+00,-8.141595687742683163e-01,-5.762750308620070427e-01,8.156099329092734163e-01,8.759217994723075273e-01,-1.475854851553798142e+00,-7.885828373431590099e-02,5.721494287648799526e-01,7.419303765154374730e-01,3.099130008821633364e-01,-2.503775379909014553e+00,-1.425832532940934039e+00,7.645911154607074600e-01,-6.251367555508863250e-01,5.101853607391791945e-01,-1.882918756455209230e+00,3.632361591916983823e-01,-7.787862698131052530e-02,1.380814119734840029e+00,-3.589527401204403723e-01,-8.936821839756309283e-01,-5.564885872759935959e-01,2.288240358660653673e-01,5.342924288680783729e-01,2.243047720297307368e+00,6.055451933420769040e-01,2.636327742189761292e+00,-1.324454336989629333e+00,-2.826821699253058151e-01,4.280685789793483020e-01,2.524475477198900308e-01,1.760612851916161903e+00,6.599183653728333265e-01,5.874112622822543761e-01,-1.510807287231364926e+00,-1.241020843194687640e+00,1.655554141026734039e+00,-2.748872194590674667e-01,-1.775948221788760772e+00,1.003486139670803468e+00,-8.635804775243335341e-01,-1.245164951528885622e+00,1.192808193195336708e+00,2.579026093940715025e+00,6.256265765330429329e-02,2.600456070695769117e-01,-8.607119606766335806e-01,-1.243292730582778782e+00,-1.133372122204655968e-01,-1.227138717634966986e-01,-8.241522751384550149e-01,4.342608288679251638e-01,-3.085374026524431712e-01,-8.339957344280531926e-01,3.292042998791778197e-01,2.323926877322921580e+00,-1.815923749593214565e+00,-1.075070200231768469e+00,-1.338983262318977352e-01,9.386286042327810497e-01,1.556535068565365609e+00,-6.310267973761856108e-01,-1.703559471108917922e+00,1.889119496598535841e-01,8.636770876912760464e-01,8.405370616666898442e-01,2.635381302859201580e-01,1.282569301894394886e+00,-2.862669049078984673e-01,9.665689405680362167e-01,-7.749289658624258781e-01,-1.498375971629311854e-01,5.186234998668735052e-01,-1.299725204908891429e+00,6.757252250748814193e-01,9.091382864750250370e-01,7.364787278253246416e-01,-7.504377318946678921e-01,-1.653856918603662463e+00,1.448811567824743740e+00,2.155167176452018607e-01,1.173979106431509954e-02,-1.618274485436046684e+00,-2.177458678551559210e-02,1.151474243347045956e+00,1.811913976208982646e+00,1.888181194930503182e+00,8.847442386367569966e-01,-1.036744142905894561e+00,-2.695465322869506908e-01,-4.910559398255828212e-01,-1.017316484842330615e+00,1.246226747447843453e+00,1.550310097581855562e+00,-8.122140574985269035e-02,5.964035215165778281e-01
-5.233472282321239843e-01,-1.038597782297878469e+00,1.079756758322138577e+00,-8.535298984821078350e-02,-1.889197175238122695e+00,-8.831892676709240941e-01,5.704029680563262872e-01,3.743969209213172666e-01,-1.472130700260675829e+00,-1.242582471820325107e+00,-2.296806696570554251e+00,4.139116556510343270e-01,5.601664580452986320e-01,1.646262960155754351e+00,-2.212976553995137929e-01,-4.117875746118950797e-01,-4.438955980176901434e-02,1.175297510164762915e+00,-7.189158312409089646e-01,6.819266776980845712e-01,6.807172517065257500e-01,-1.013808624979830375e+00,4.383152823747284432e-01,-6.861410330942062652e-01,-6.044971288909496421e-01,4.926630599180787384e-01,1.059245345089286250e+00,-1.720030649665475142e+00,-1.089106330455326566e+00,-4.068574093372094580e-02,-6.450157560692232339e-01,3.442962236414470190e-01,1.548634563754676119e+00,-4.204251824693017170e-01,-5.730979021665772999e-01,-3.653106716037536894e-01,-9.907607778197580206e-01,2.370881111297717503e+00,-2.441611475898639583e-01,-2.224985626551112539e-01,-2.089706684210314858e-01,1.337658870475249007e+00,-2.813754617132687708e-01,-1.043646272915053741e+00,-2.531248138464304853e-01,5.634102780724620230e-01,-9.097580974517917030e-01,1.871758953705216388e+00,8.580360831693198964e-01,1.438198809427536418e+00,-2.117415986152661578e+00,5.310966702813709750e-01,-1.191450189938581955e-01,2.853152382964626366e+00,3.134152485283613343e-01,4.788921625852581854e-01,1.630516443396392123e+00,8.921251637700715609e-01,-5.928767573654164513e-01,-1.534474552351547283e+00,9.308797477491108641e-01,1.008925046300917394e+00,-1.727124996102607168e+00,-1.410241059806353725e+00,8.644828010266105700e-01,1.323513275364737396e+00,-5.445381551808764486e-01,-1.926524693241833397e-01,9.595401314541701643e-01,6.778589199057408754e-01,1.854341113165229316e-01,-2.437827925309329624e-01,-3.277610539775701465e-02,1.464011974150136952e+00,2.399020525291578887e-01,4.660140062268861572e-01,-7.349051868977073410e-01,1.761502344965035216e-01,-4.929305121281809532e-01,-1.456927796580175460e+00,-8.343820657738711122e-02,-7.903011730734694762e-01,-1.133712542755085817e+00,-2.703554835315512772e+00,2.026865898996563331e+00,-1.444805467616115724e+00,5.639275420887994716e-01,3.146437931651858699e-01,-8.250918400607347714e-01,-7.025507267380687315e-01,-5.307290878917417798e-01,6.463460833843336084e-02,1.691528378462329840e+00,-1.247156069998196060e+00,-7.124505397925025019e-01,1.091828600254882931e+00,-1.110648876370381011e+00,7.858072731135754552e-01,1.660933690157191389e+00,-1.398396046624754474e+00
5.764576995886618871e-01,8.804651755280857861e-01,2.688702623191880026e+00,-5.891746623115489134e-01,-3.092936121356637535e-01,-4.975498748250799519e-01,-1.512413772916017425e-02,2.623836237509179270e+00,5.127482525739929242e-01,-7.151320366745321788e-01,-7.090633915491694195e-01,-3.780265078795568279e-01,-1.844033575609789422e+00,-6.602891914655459882e-01,-3.649934425241845859e-01,4.387164686518886803e-01,4.821965596402612575e-01,3.527154759358029634e-02,4.917678018047080823e-01,6.858529571392115720e-01,-2.305966956411539037e+00,-1.155810528060134512e+00,1.117523188622993269e+00,-1.700474227950576900e+00,4.460984736316987997e-01,-7.584196695876772865e-02,-3.453549578893480021e-01,-7.680013285887218877e-02,-1.915992134810395431e+00,1.206949740963197293e+00,-6.604963601790800887e-01,-1.006469008793801523e+00,2.770812850887025558e-01,-3.573631668055943927e-02,-1.670306706835242183e+00,2.123653824088986841e-01,-6.629183089152133057e-01,2.437450014233158713e-01,-3.351839506660176937e-01,4.762978818884133769e-02,-5.957007162537298894e-01,7.252146645513304346e-01,9.287396126476434866e-01,4.259186081390239909e-01,8.774064537619196136e-01,7.626219380997916186e-01,4.463801936821286225e-03,-8.805633351404967835e-01,3.872067894808847721e-01,-4.912469629581937003e-01,5.301126775900000254e-01,-9.109585684718096710e-01,1.338127630686894776e+00,-2.464523194071398304e+00,4.723169756975166278e-01,-1.763863911877262325e+00,1.949900067072025678e-01,1.907896076267942442e+00,-9.876571192345152683e-01,9.463169285013544041e-01,-1.087771375607565760e+00,-2.320374186472879963e-01,2.373519828756397720e-01,2.358737157024010933e-01,-1.485920540128137679e+00,7.747825537575374621e-01,3.826092922292840398e-02,6.651365914655678058e-01,7.760769519691167462e-01,5.091260591583723905e-01,-4.397593374948178813e-01,-3.753887778510163753e-01,-8.537692264305219991e-01,6.179760063326066311e-01,1.365306231180751784e+00,-7.359079135245351344e-02,-1.651397281414103357e+00,1.238545734024318001e+00,1.109906525236346475e+00,1.415440295435828333e-01,1.253286540821392236e-01,1.133519020932081345e+00,-1.076503302039169219e+00,6.584830385522723040e-01,-8.724508358833070742e-01,1.962840613644244447e-01,-5.213996940932283941e-01,-5.340595208621670142e-01,-2.947346830472462598e-01,9.329130654379548249e-01,-5.546702079804186752e-02,4.466479140181474072e-01,1.295327455860374677e+00,1.316077784635752534e+00,5.756097084732936242e-01,-3.925667311097806866e-01,9.109673559681545907e-01,2.049035905272847125e-01,-2.847753500720931807e+00,1.230413276021100177e+00
1.254635674372616361e+00,-8.837670270291297925e-01,1.419144553071513215e+00,-4.439268592853810036e-01,1.294408768123648523e-01,4.001904642802763257e-01,1.278027652579133699e-01,-7.810078080997499839e-02,-1.859688961921873052e+00,-1.362183923155977805e+00,7.276784417578444630e-01,3.035496431160756292e-01,-9.768036724840436502e-01,-7.834601575890951519e-01,-1.079209206976780244e+00,-4.550026990758303524e-01,3.203982609139733873e-01,6.891812856041023005e-01,6.976347235230531130e-01,1.296275092262638484e+00,-1.468386386348711214e-01,7.378111772091606735e-01,2.354479999903006160e+00,8.020191175744173506e-01,3.588922488909267877e-02,3.963661303286992177e-01,6.617209667594561306e-01,-5.773635576683223691e-01,8.823310441935939830e-01,-1.003540995867967967e+00,-3.138257227360179424e-01,-3.320416450223624416e-01,-5.255925659858613486e-01,8.503305226980544251e-01,-1.546403923928420410e+00,4.319616424918957254e-01,-1.091985179426104846e+00,4.338597665066883380e-01,-3.372279142636363525e-01,3.137554178069359878e+00,1.068324228620715494e-01,1.629824274858289734e-01,1.193108855653191441e-01,1.191992518866340500e-01,-6.916861413199418829e-01,-4.340177608372793039e-02,-2.734573659744140350e+00,-1.616472897170578849e+00,1.324371842098186480e+00,-1.919784414989694488e-01,-8.283717835187907053e-01,-6.867320083533281494e-01,1.753596124579580806e+00,1.389899977221567218e+00,1.194054142026763410e+00,8.506548662796434290e-02,-1.505470293744382682e+00,-2.859124179304359803e-01,-2.000428824747091661e-01,3.910916063900096717e-01,-8.126018822210253623e-01,-5.658435890569625260e-01,1.164922316263676150e+00,-1.907703819257064726e-01,-5.661385956348816695e-01,-1.246987441906871955e-02,6.015483176103743057e-01,-8.481782428239461602e-01,-9.722568277594555441e-01,-5.562951449237941715e-01,-7.578878361067620251e-01,8.849755880630937321e-01,8.134077340156107283e-01,-3.033958519861079117e-01,-1.013284146625506699e+00,-4.241052589574467735e-01,9.459030363298200905e-01,2.431361141550081040e-01,-5.294001369147497416e-01,-3.415537881901358208e-01,-5.761551318347190032e-01,-2.407840512169052150e-01,3.111022104713254133e-01,1.593034644822200141e+00,1.091410739531683438e+00,-5.544458181349851689e-01,2.537451875325065775e-01,9.458409998744020664e-01,8.788416314279792196e-01,2.167244829202719103e-01,-1.275634311696940859e+00,1.859997623386688614e+00,1.444239891378210849e+00,1.031968089638239522e-01,1.549315739211921228e+00,-3.507643687053988990e-01,2.108300982809221125e-01,-7.486905006129076501e-01,1.928900488045301731e-01,-6.032138544834226845e-01
3.770673056744919815e-01,4.042104877915439487e-02,-2.462588959949342515e-01,2.933581831724851874e-01,2.368271976095836173e+00,-2.413509918112265673e+00,1.295964091358725145e+00,-3.810196647358332633e-01,1.319115621387706883e+00,-1.191605382572846317e+00,-3.602929018402319383e-01,1.242344676272639226e-01,-6.114586554566695531e-01,6.985634133649855082e-01,1.051972855913718419e-01,1.675136135827733908e+00,-9.139040955775690200e-01,1.068434469943397636e+00,1.408765236720945113e+00,3.699468466802013356e-01,1.359162954513984500e+00,-1.983042973879124704e-01,-4.509559809172661304e-01,2.610243206771534763e-01,-7.927197708546498411e-01,-1.630822176090360287e+00,-1.101616678869584698e+00,-1.497276248152449973e+00,-1.848270075386035716e+00,7.617153190590548739e-01,1.343463032915903632e+00,-3.920863877707574108e-02,3.370712983644575944e-01,-4.975268189604059033e-01,9.928111785694171409e-01,-4.977779520426944826e-01,-1.094654393584224526e-02,-8.351571075401745814e-01,7.121301632036831641e-01,1.377274826844537614e+00,7.115165271227094079e-01,-9.284038902539216709e-01,-1.075816759037297121e+00,4.379616259196767586e-03,-1.450341920034997623e-01,-2.290073638291660885e-01,-7.359522250386700826e-01,-8.662210911100064470e-01,-3.352204659189022551e-01,1.559197771822411926e+00,2.888598481705490495e-01,9.408841892012330677e-01,1.386985624609782079e-02,1.124815661400353273e+00,8.902007816911189364e-01,-4.421480803450806296e-01,1.173848317925221263e+00,-6.899918350972000791e-01,2.185201668195383973e-01,-2.560668506136385414e-01,-1.500221316814283057e-01,5.024446853420436870e-02,-1.230612578904205279e+00,9.921873806065726331e-01,9.824986655643863642e-01,5.753524714745656965e-01,4.470446954067490708e-01,2.167557770337160239e+00,4.431153650853111303e-01,-5.479202955557381793e-01,4.734344539911966403e-03,1.554665900825469849e-01,-5.170307246562269032e-01,2.060397114086532699e+00,4.053959508402275591e-01,1.337130273561385918e+00,-5.139694476911107479e-01,1.711803356597809023e+00,-7.472918011814103645e-01,-2.117129201432290664e-01,-8.094875521134238250e-01,-2.573432678020645681e-01,1.118410076905587358e+00,1.187599722967497939e+00,-1.299819465285150022e+00,9.975534206318099617e-01,-6.450515595981491934e-01,6.036135923626833044e-01,3.691145202269588976e-01,1.120876231590385075e+00,1.040689226037458948e+00,5.618667835584132408e-01,2.011123714991205347e+00,-1.246791676110567293e+00,-2.208896491433604226e+00,1.801758262038039016e+00,-1.599338535847574683e+00,-1.463048216799841816e-01,5.639381757132710948e-01,-5.981666794279897337e-01
-4.973917528308074987e-01,-8.091728709324342850e-01,1.684490803718137863e+00,-1.482279974957435353e+00,9.518603384179905591e-01,-1.522995524635293085e+00,5.390969930188633796e-01,2.239365869123214114e+00,-6.016166682875709881e-01,3.174572161129058379e-01,4.087342023282650172e-01,-3.345593758630195369e-01,-3.281968578781296886e-01,-2.518537972913816869e-01,-2.136044066081357329e+00,-8.622493347291383392e-01,5.593506489824080496e-01,-1.727530857969482025e-01,-1.208895829550453938e+00,4.883545178279212751e-01,2.134125867483624983e+00,-2.020733788087190952e+00,-1.135690860571879179e+00,2.673568881734246783e-01,-4.906251599038827238e-01,-1.137292900459773382e+00,5.771061083929571733e-01,1.196873000042123936e+00,-8.843635242655252249e-01,-9.816970288455743043e-01,-1.173349221143484833e+00,1.799998332560417136e-01,-5.818934963469861721e-01,-1.201515778957446545e-01,-8.623972778740315315e-01,7.704376801278184188e-03,-7.419535492943444277e-01,4.804611719954953175e-01,-1.318664031298638628e+00,-4.861651574294933442e-01,-1.733336799977654108e+00,2.099722580740834565e-01,1.623739436124454816e+00,-7.212090477894917973e-01,-1.363983970582291594e+00,-6.616414274046016342e-01,-4.357993979274686902e-01,1.465857983604050618e+00,-1.031837391249623426e-01,-3.387555004264902192e-01,-2.482567222479111546e+00,-1.081241188721080881e+00,1.433448294330874839e+00,-1.980809044283491138e+00,-7.442796948111813915e-01,1.271860698708144333e-01,-3.153938626473434814e-01,2.210249765513744580e-01,1.059447605871471687e+00,-4.365636616945881704e-02,3.093466364235919475e-01,-6.478010054512659543e-01,1.144742698416349791e+00,-5.355745587199912672e-01,1.071326855001543343e+00,-4.954502810885090258e-01,-6.622515688653919375e-01,-9.635089364100583864e-02,-1.561719390878460789e+00,9.804771817777100384e-01,-5.555271942249782879e-02,-2.935890835142702660e-01,-1.525471858537768011e+00,-9.617940209596669288e-01,1.101690427924438831e+00,1.429902099864415188e+00,8.678724192522205283e-02,-2.453993949653263118e-01,1.074157717605089268e-01,-1.829472987754973801e+00,3.059547271559939663e+00,7.650564352437844162e-01,-6.235395445323892449e-01,9.082226313879638857e-01,-2.527204112827008409e-01,2.486011211441025229e-02,3.620846075475061543e-01,1.132618886469881764e-01,-1.323024278998896075e-01,-6.450773230636857036e-01,-1.023342531336431271e+00,7.948614109802983052e-02,7.579784294243616105e-02,-2.753670716607500846e-01,9.047556065125841318e-01,-2.498571769816527455e-01,-9.043976909936531916e-01,8.009796511239632988e-01,-6.472412319181979345e-01,1.411924567906381212e+00
-2.176100742870174631e+00,-1.387304880457532308e+00,-1.950143320041059503e-01,-2.618958395575773146e+00,-8.629457659777044487e-01,-2.000645413685757934e-01,1.891045032019884053e-01,1.801328780875301738e-01,-4.455034127622974904e-01,2.632926627851321033e+00,1.281316383455338270e+00,-1.074184374463448277e+00,-3.878908437672102805e-01,9.592145487032428530e-01,-5.157477746147334230e-01,-5.104451231389883770e-01,1.401688412155393637e+00,-6.435577602577151335e-02,6.869798519274261661e-01,1.297314839019370947e+00,3.274746863413947051e-01,-1.775015454646148017e-01,-1.793462801985836186e-01,-8.093375031187989288e-01,-1.079222526418260747e-01,6.609985941618846672e-01,1.128013604237353862e+00,-2.778182080411460420e-01,4.628060908477823476e-01,2.508983024192644740e-01,-1.114413400430777523e+00,-2.468614230487877759e-01,2.555255995200428343e-01,-1.041929417966735993e+00,3.214921570802617978e-01,1.543622615837975665e-01,6.030106064130776877e-01,9.671098878732817261e-02,-2.266005375763001428e+00,7.612216921604604281e-01,-4.376801577985408587e-01,7.015434974031095061e-01,-1.459891557731865630e+00,-7.688067399566207438e-01,-5.696549738761853554e-01,-3.309242999490747961e-01,-7.722294777747730210e-01,8.357100300108671886e-01,-1.767467927569616182e-01,4.812228590634468062e-01,-6.918845095951977608e-01,-2.261055189386817599e+00,7.808797220460771404e-01,-1.523638834524460473e+00,1.694499222773715008e+00,1.348029845628174739e+00,-3.443741747257855756e-01,2.185404329401225421e-01,1.107215996984237533e-01,-7.534139484235293782e-01,8.357241250521011411e-01,8.529989338460833848e-01,1.972412053514077002e+00,-2.802378500742820355e-01,-6.501649983355141105e-01,1.481830494633105955e-01,5.407405381410281819e-01,-1.096789631154376110e+00,-1.002159134736304358e+00,5.938732828773163330e-02,-1.031605730946876021e+00,1.696354136388222023e-01,-3.921245430486552386e-01,2.348114209354739967e-01,-1.605169117069763063e+00,-2.135117576829559383e+00,-9.958214136684169215e-01,8.987790397415591770e-02,3.206869206722293697e+00,-9.634162084356610034e-01,-2.027746708231452644e-01,4.518795699232359131e-01,1.182607092166962248e+00,3.227437266987653319e-01,-1.511294766518491484e+00,3.713670180420530764e-01,-7.880180883541354486e-01,1.689369912543631225e+00,2.518874094754686155e-01,-3.197857194126703662e-01,6.753385962741759174e-01,1.250504116052478132e+00,1.849048281657082182e-01,-5.760278534961272429e-02,1.157245318206964885e-01,-6.671321119381765086e-02,1.377444691016845302e-01,1.794879998205406668e+00,1.965810911161091967e+00,-2.324965700832455628e-01
3.640533900555676938e-01,-7.383483422387872031e-01,-3.993542041270052301e-01,-1.410941135190354911e+00,3.717549356794103144e-01,-4.666089918846298978e-01,1.321209204757239353e-01,-3.083167386861215276e-01,1.966897651863955820e-01,1.718027128956656213e-01,7.630187390949861870e-01,-3.015919702426638760e-01,-3.007047111021141431e-02,-1.141950532712401323e+00,-9.345226322664564877e-01,1.857693203052679098e-01,-8.538172266391043375e-02,-1.041462840988300442e+00,1.514981049260351487e+00,-3.215695528675124315e-01,1.499281601950648524e+00,-3.735058725903102061e-01,-9.180110723596097699e-01,-3.600073757682527575e-01,-2.541323394214210080e-02,-9.658924570812357224e-01,1.308954495194214696e+00,-5.459088171369357312e-01,2.433023206614016498e+00,8.981955433673419753e-01,2.076349238974529166e-01,-4.505119306137067570e-01,1.444839980392038870e+00,2.108562588108050750e+00,-1.058944221570783384e+00,-7.704855826946487296e-01,-4.589221440879549807e-02,-2.765499562008784995e+00,2.577660840741775594e-01,2.489430278514448980e-01,-9.267434360074550126e-01,3.908748816069030352e-01,-1.558048853639072140e-01,-2.994041112090693790e+00,5.106123072080301917e-01,-1.390515477614985729e+00,7.039490046071753548e-01,-1.716824965465605812e+00,6.728822818622086366e-02,-1.709291602471318505e+00,4.321068463036630697e-02,-6.471151367991748726e-01,-3.235409519904265951e-01,-1.495257090743425388e-01,-9.666571553519109905e-01,-1.026282157932732364e+00,8.267006803019720795e-01,-4.715301510653844841e-01,3.326841838762156778e-02,-2.564282117049214715e-01,-8.148048353806358612e-01,-9.595731684778910364e-02,-5.849125841073588017e-01,2.497823531579532880e-02,-2.843893528704436457e-01,1.771657605999399365e+00,-1.362230248416197664e+00,-9.321597430343772084e-01,-1.658929892741105305e-01,-8.470667196670029764e-01,7.900946388686825861e-01,-6.555121974074651359e-01,4.053656644882928095e-01,-1.283890582041476547e+00,4.162020560946884662e-01,-2.882216443569106445e+00,7.588158097331946239e-01,1.028388033534732404e+00,-4.054897731798830507e-01,1.324724578546465081e-01,1.217468614762746482e+00,-6.615359420245672251e-01,6.998380735532656605e-01,1.300641829123671267e-01,1.883955302828323741e-01,-4.427474920829287952e-01,1.468365656877727687e+00,5.030011518985419983e-01,-5.622194718899811011e-02,-2.183632784838952290e+00,1.399166511596546592e+00,1.076370942878086101e+00,8.229014221233617032e-01,-5.836818969743758911e-01,1.802466456377530335e+00,-7.636721512759678809e-01,-3.047662694423547980e-01,1.489694352078075656e+00,1.690488925718914626e+00,8.542463658446707298e-01
-6.746724979717476367e-02,-7.464813443975811813e-01,1.517355918347302879e-01,-1.158919878469200970e+00,-1.757285953566924297e+00,5.769118250224950506e-01,1.258661996484521595e+00,-1.750045100200153456e-02,-5.097776540802366751e-01,1.914609740726429532e+00,-4.152867779191998787e-01,9.547086499653733016e-01,-1.175174185143598615e+00,-1.377202684694456503e+00,-5.228709155324989810e-02,-1.394592351848418010e+00,-5.627194601995469947e-01,2.225778419102195649e+00,5.242141756826151910e-01,-3.888690708388147788e-01,9.136781560683499004e-01,-4.623666559477680460e-01,-1.757147967425384261e+00,1.570494547062488033e+00,-1.100979575579601022e+00,4.691639688578851941e-01,7.671226437642005846e-01,4.695849058779179575e-01,-1.781967420304307603e-02,-2.078721971666908974e+00,4.442364256570681680e-01,8.200454509494915500e-01,-5.282366370062705485e-01,-1.828958293206829344e-01,-7.349295417369245964e-01,3.009541636232491713e-01,-5.139350307926158212e-01,3.497886940687623958e-01,-8.408248812562416075e-02,4.373142720588730770e-01,-1.413373905936080366e+00,2.161562909603681693e+00,8.525942903221213065e-01,5.687626862086306856e-01,8.482623079108599085e-02,1.649914920625419557e+00,-8.213193144758170749e-01,-3.256198902121503758e-01,5.436066078067429697e-01,2.506702545790741588e-01,2.196296923545003887e-01,-8.226623088740133705e-01,-2.715848916224571918e-01,-1.761075316227427523e+00,-1.282114796930865053e+00,-9.693439077846748297e-01,-7.163170051239606817e-01,-1.378775211719769800e+00,3.248268700590238311e-01,9.115611306661854929e-01,1.016619525855728456e+00,-1.978655013315876676e+00,-1.491926825965814718e+00,-2.011480222352997504e+00,3.799215866842489131e-01,7.477657630955489854e-01,-1.070057956876228511e+00,-5.213387396842616983e-01,5.509654446144028883e-01,-4.436092316640402600e-01,7.113168699541739803e-01,2.737050770684225642e-01,7.215949843192970281e-02,-1.226463767513001235e+00,5.218881787459956900e-01,-1.298958804508621778e+00,-3.184082446050450887e-03,-1.766848706192949148e-01,-1.094959023223889716e+00,7.720667269924571911e-03,-6.225522303319929174e-01,-3.363269524098541075e-01,2.336438118047821089e+00,-9.783992071005224167e-01,5.339128554821214179e-01,-1.439308067703268357e+00,-7.805948128756249327e-01,-2.457085678272838414e-01,1.392415162431509312e+00,9.663514193667666063e-01,2.836344177612170725e+00,1.883356368972159967e-01,-8.916651908762538437e-01,-2.168082648475129492e-01,-1.163458113324416399e+00,-1.439783021225889303e+00,9.670357054017125753e-01,8.028944931751013092e-01,-3.360179024171356527e-02,-5.686346574435964252e-01
-1.636381659363419061e+00,-1.463410099326483971e-01,-5.964033798424055455e-01,5.858096366055138837e-01,5.138054996620607107e-02,-1.158980221125712973e+00,3.979933367848239589e-01,1.352003750524381820e+00,3.996096464557925554e-01,3.041228774386000921e+00,2.321321686661736994e+00,-5.650250563605868637e-01,9.594653695841126595e-01,-1.545137696311901676e+00,-1.645618295423311450e-01,-1.021490498877918096e+00,4.745928463068573855e-01,5.976222326122122147e-03,-3.758917049736523186e-01,-1.219160494157158769e+00,-9.281833011422119251e-01,-3.919233672792349910e-01,2.390350276518949380e-01,9.818283419649992405e-01,-2.785689408391667676e+00,-3.271078384152292795e-02,5.237580314923780955e-01,1.334539439031199981e+00,1.567431552206596024e+00,-1.473318785732234737e+00,-2.035409656341347628e-01,-1.592509041260614877e+00,-1.163701996815616146e+00,-9.290439042172277118e-01,9.694213751255310874e-02,1.065951024631318411e+00,-1.489960220102018729e-01,5.021046442540507693e-01,1.118787717302972329e+00,8.715152103332053368e-01,-2.245195621720834644e-01,-3.010628305860380549e-01,8.583515000358453717e-01,2.650152397544333072e-01,-1.609148402011624901e+00,2.189355214211483880e-01,1.047491206492047293e-02,-4.370313942212617486e-01,-1.859443354109293178e+00,1.098686006126766562e-01,-1.849934520641408620e+00,1.672163577457650707e-01,-7.862062970101330039e-01,-2.803462198805596883e-01,1.492570578026901074e-01,2.185370395243372010e-01,1.196416516179710454e+00,-9.912056641810655655e-02,-6.200738317692298107e-01,-7.044402886440912503e-01,-1.711581284749137177e+00,3.499219697277827779e-01,3.836449131467826734e-01,9.079184078567343885e-01,-3.039519903840549875e-02,6.420052434614766934e-01,-9.002535742078754399e-01,4.691476190785471290e-01,-1.185696380183012266e+00,-6.361127319964630100e-01,-3.760047360457171028e-01,-3.783420065085994488e-01,2.356863240544348592e+00,-3.911725166896874439e-01,-2.001954581630918995e+00,4.056801341924483051e-01,5.792643826751210367e-01,-6.518795651411668501e-01,-1.236125446129728189e+00,-1.781108559431730187e+00,-2.585537643320694468e+00,-3.450372981494744251e-01,-1.946987113466146502e-01,1.399350362288060312e+00,-6.669393176297097603e-02,7.377202054625138228e-01,3.251253296514492602e-02,6.254591352380092228e-01,8.647799745387696468e-01,6.643923159387856714e-01,-1.952641365604215751e-02,-1.557878491209868377e-01,-1.153011020911040019e+00,8.574108346315575391e-01,1.797440838976070987e-01,-1.177562510404226881e+00,-5.902295713049733328e-01,7.036081585925322290e-01,7.629497427174154744e-02,-7.918191707798521994e-01
-2.103533163523605420e+00,2.289644715818406340e+00,-6.322790612168961433e-01,-3.188594023714131365e-01,-1.466249288232245040e-01,1.592715606993738986e-01,-9.463662356590715197e-01,-6.899690627469062809e-01,1.354866051404045868e-01,1.705823828625736116e+00,6.750830016445148463e-01,2.192121121674116768e+00,1.641729502234008098e-01,4.580790904539294162e-01,4.871264459439780814e-01,1.790783951031106103e+00,-1.506804128246357344e+00,-1.975313908946890518e+00,6.546195031850572388e-01,-1.456072136949745799e+00,4.115278170530695334e+00,8.359476354984932689e-01,-9.171732689366409730e-01,3.426390630436347284e-01,-7.069968258377620218e-01,1.428561412021974508e+00,1.331371791833969864e-01,-3.946413362772613342e-01,2.344478928677486140e-02,1.237571493262296762e+00,-6.183688126082624859e-01,-3.729671656796310769e-02,5.321777104788425472e-01,-2.242975531363607278e+00,-6.381096710911431380e-01,3.703370551580879577e-01,7.974348692506216807e-01,-1.840601602892223132e-01,-1.022803121623881706e-01,-1.038272779598649054e+00,2.854021960148401815e-01,1.584328008432007495e+00,7.489464839558843678e-01,1.216307105615044515e+00,1.169674295129883967e+00,-6.499754611126992154e-01,-2.028394924426912382e+00,7.746056254483579817e-01,-1.045298800678348350e+00,-1.414502027953332242e+00,-2.818230807715654818e-02,-1.895896912182176042e+00,7.654402200141695589e-01,1.923971421663413173e+00,3.572145304622471873e-02,-5.621588143806500737e-01,-1.524809929466955483e+00,-5.449618619428089894e-02,-1.244316860367542077e+00,-7.736526001750403392e-01,1.448631969221423899e-01,-1.156836771900183969e+00,6.978987925773152967e-02,-1.247999547137381482e+00,4.252533437599986810e-01,8.526369996584584054e-01,-1.479766465664985819e+00,2.131132362949410275e-01,2.164801989159220452e-01,1.166420058135505811e-01,-1.656859364785147684e-02,1.381328168317481064e-01,-1.482343735124032724e+00,9.862837463210828437e-01,1.174965870551164082e+00,-1.220042227851251493e+00,1.280784852245052008e+00,-5.489314705091833391e-01,-1.581322885846039306e-01,1.585782108774620225e+00,-1.182036874666995807e+00,2.714877948292479526e-01,6.693118708478408563e-02,-4.273355974866953622e-01,8.921836209439750753e-01,6.867629620657486056e-01,-1.258868385681183755e+00,-3.347795756912593235e-01,1.189732539738736827e+00,-1.492712945745216235e-01,7.348892199545290493e-01,6.941041593776492435e-01,5.072877898139170894e-01,1.781703714452739784e-01,1.683996998554371238e-01,-2.839936475451087516e-01,-9.366946847056307757e-01,-1.183785900456859164e+00,-3.621761746908429558e-01,1.128923350609596088e-01
1.692906080734824181e+00,1.735276549792115208e+00,-2.352934297989161538e-01,7.731032273976126690e-02,1.581141705166688449e-01,-5.455806292020014617e-03,1.697532810692788274e+00,1.987223995632998730e-01,2.861741226362467250e-02,1.495312059360734525e+00,2.016270181156678415e-02,3.324625085498048027e-01,-9.808994194968825853e-02,8.634978104674766453e-01,-1.399054880136742618e+00,-4.163144849172644713e-01,6.996629655978792162e-02,2.751186182173629979e-01,1.370285103042873098e-01,7.103861550872196950e-01,1.006536714658381682e+00,3.331172650863493678e-01,1.644387473930785770e+00,2.160628250064156930e+00,1.607362936616799187e+00,-2.344790264642765132e-01,-6.989781946200923635e-01,-8.366179701556186732e-01,2.842480909976953241e-01,1.336672216063241603e+00,-7.229992539232361626e-01,-1.337828669604576859e-01,2.274159592657926332e+00,3.893668851520095675e-01,-7.794120675676183829e-01,-6.358926566806638592e-01,-1.613796999593707371e+00,-1.486002784775258601e+00,-3.610843346970032952e-01,1.420449875755244395e+00,2.490418061507044256e-01,7.219240369379651412e-01,-6.012159259535003741e-01,-3.536458493759193633e-01,5.427633448371732561e-01,-6.425004965691023529e-01,-3.144030620904752493e-01,2.497506557245177561e+00,1.156864081558241830e+00,-3.783442642506110176e-01,1.565481365133069291e-01,9.407436490394343043e-01,6.775634587996310909e-01,2.328672899180007916e-01,7.263675856316627044e-01,-2.551936910564957639e+00,9.078455601072353831e-01,1.052369609471360823e+00,-2.686002213506878955e-01,-6.347885170289494505e-01,6.587616420612938395e-01,4.018803278835551551e-01,1.620778513158804834e+00,-1.023288601864201508e-01,-8.839725270782137212e-01,-2.821870418941591074e-01,9.455104130502871573e-01,3.273138993056907697e-01,-2.212206276542578731e+00,2.835852613845176950e+00,1.603111727076751147e-01,-1.085909288377651993e+00,-1.243496247521740816e+00,-3.752241396598886003e-01,2.477190374142002049e+00,-1.528158591077636519e+00,1.962156383677567673e-01,-2.975086696933648689e-01,5.511670381846936473e-02,5.274330435814093831e-02,3.640474165408487672e-01,-9.610458417989805602e-01,4.154749552529213297e-01,-1.866125819770515226e-01,1.551626816860169678e+00,-4.885768219375855592e-01,1.534061028170894958e-01,9.379533287479057124e-01,-7.762205741633337874e-01,1.170277264410688911e+00,9.281552204920006099e-01,-3.299852268722010956e-02,5.929479994664524911e-01,-2.322703462136508357e-01,-6.557614790692329887e-01,6.142859128729436513e-01,3.293476126294226369e-01,1.416558897516342341e+00,-7.314621019308051864e-01,-3.146901728525265951e-01
9.511554237184460803e-01,4.385159074280012281e-01,-1.854656375421818826e+00,-6.916687522520430509e-01,1.097263383445498564e+00,-1.203014424260496901e-01,3.441745702261234108e-01,-8.221378101145644379e-01,8.626599247547031557e-02,-1.252137049956340009e+00,1.400436854855339863e+00,-1.106678849149281163e+00,1.132334161924971883e-01,-3.789446237376276755e-02,1.399894439045870742e+00,-4.108529205638371540e-01,1.706519330040529248e+00,-6.681268987662497549e-02,-1.003999418765783025e+00,7.328094917522401941e-01,3.379529060991842693e-02,-3.392830290578299768e-01,2.819586385662980477e-01,-9.502787967862404983e-01,-5.631599561659587083e-01,4.826183832485764769e-01,7.926581895192741367e-01,-1.334329878152093141e+00,5.310938521874318530e-02,-4.545237544934281337e-01,-1.141901779734586786e-01,-8.839752142883474662e-01,4.216715884808854287e-01,-2.842437473039916007e-01,-4.112620015802778695e-01,-1.412310993761755284e+00,7.939329566437444141e-01,1.095532646184992354e+00,-1.014967350981263172e-01,-3.575829307291546189e-02,6.866476241427530436e-01,-1.356789096950305584e+00,5.719071030726924354e-01,4.909313012501043683e-01,-3.533492418422130577e-01,-9.092548374691045154e-01,-1.015842747892736986e+00,-5.224467400659402738e-01,1.115334639074721190e+00,-8.322718183568109662e-01,2.007092012659085434e+00,-9.626372075305769105e-01,-1.193476971247453278e-01,4.763848201738100085e-01,-8.635323805491382787e-01,-2.452363979875089861e-01,1.879573438623995285e+00,-7.914227958535472451e-01,-1.328739368585841463e-01,-3.348250556699299274e-01,-5.178362583135293074e-01,-6.637483645273202226e-01,-1.194902243703854783e+00,3.104027661829095730e-01,2.509157387650316484e-01,9.639663544037537779e-01,-7.190478360719471107e-01,5.225803145269923844e-01,2.055894245953705735e+00,1.183298794531822545e-01,-1.160282407916021219e-01,1.958664518642027064e-01,2.590982496123074852e-01,-7.597093022958862907e-01,1.194732837665966052e+00,-3.234609131671205562e-01,3.659291336644021064e-01,2.372340728446701519e+00,-8.557329167995393338e-01,1.503919693058522578e+00,2.261416980912315022e+00,1.949435308278642809e-01,3.255435778494696897e-01,-9.307918491639688430e-01,1.172696430583906491e+00,-9.814461249694275136e-01,3.883078115642988552e-03,4.571525912631211885e-01,4.574735220135126013e-01,-4.655599340654301699e-01,2.837790692480048449e+00,2.716384313843171472e-01,-8.189055554519266700e-01,-2.476961248670018767e-01,1.709839711556643493e+00,1.461994466672251969e+00,1.987961572198936988e+00,-1.922493272313340051e-01,-3.016263519777114821e-01,-2.117401768860048605e+00
4.712200443711030418e-01,1.871660740541187251e-01,-8.181640209612912606e-01,7.349767812544221179e-01,-3.460689395312826488e-01,8.368946710889824114e-02,1.194445616115020314e+00,2.755152687889685925e-01,5.247123885902577056e-01,-1.404400716891184064e+00,-9.090038822253163620e-01,-1.218250749364155450e+00,3.401128400141645303e-01,9.649336103888976612e-02,-4.594129440234051009e-01,3.295607223555182541e-01,-1.173544582709628026e+00,-9.607780972836179600e-01,-2.061830464904401250e+00,-1.918313604776149817e-01,7.966032336264714520e-01,9.335388610068773296e-01,1.498461768796434668e-01,5.779604232394324193e-01,-1.184932461266118287e+00,-9.297052461949155688e-01,-2.311483064240350271e-01,1.013333027335055370e+00,7.176850360943473062e-01,-1.431900800179955802e+00,6.409316478786271365e-02,1.221132124949249054e+00,5.946967747483425937e-01,4.551986008739119516e-01,1.766293261895841793e+00,-2.414378439461335013e+00,-1.886126416205692991e+00,1.913569420599991133e+00,6.402106433862453372e-01,-2.128941266840103541e+00,-2.236469552663710586e-02,1.853380989166506787e-01,9.361380452016236642e-02,-9.093176552490195297e-01,-5.192861124386637384e-01,2.055011549683814776e-01,1.588684513280687716e+00,1.045359555770930760e+00,1.173609488320326300e-02,-3.532327442749739754e-01,7.099195178470362189e-01,4.055104737307436147e-01,-1.426902355998706184e+00,-1.813599770891361596e+00,1.147257953749299286e+00,7.628786668257699910e-01,1.838020822155320144e-01,1.576697739437046053e+00,-7.020041541956201225e-01,2.098021626494183944e-01,1.731216204090371968e-01,-1.232770197833990000e+00,-8.068565428489369307e-01,-2.656791372353542346e+00,9.687326516208393246e-01,3.742491398250464285e-01,4.271953271746244396e-01,1.163468043039649791e+00,-1.333067745044435704e+00,-9.641578388149374401e-01,1.091671862250709335e-01,7.536282697522640739e-02,1.333433072564338850e+00,1.012951700984797032e+00,2.628473906009979322e-01,-1.536031339905082005e+00,-1.737518805645914322e+00,-1.074306262928564015e+00,-3.130786002130156453e-01,8.922276241660564988e-01,-3.376788311692757172e-01,-3.186624900501340285e-01,-6.406796557783547286e-01,4.380309679373581844e-01,1.774206306346810758e+00,1.785530033646451686e+00,3.775960684140870494e-01,5.079491192229819152e-01,-2.876248576306050450e-02,1.174878781371505726e-01,2.980220951753216330e-01,-1.423788683844213754e-01,-8.233350830931985831e-01,-1.635680174270750742e+00,2.196677952451979443e-01,6.383554779262171630e-01,-8.774181015580597709e-01,-4.651211835784556659e-01,-4.737335908598968581e-01,3.345251190520213691e-01
1.152242565352206372e+00,1.655873152986227781e-01,-3.848316786857513550e-01,-5.000547952334455371e-01,4.172551202364738199e-01,-1.211945071879720670e+00,5.831944790473572171e-01,-1.043352517741003904e+00,-8.602897118896509765e-01,2.000453045518337358e+00,-3.712529946284704591e-02,1.253975468142284777e+00,3.307900579968087174e-01,-4.041521501524776294e-01,2.308092599983407323e-01,8.663539281693477534e-01,-1.091994876615277055e-01,2.215218453961300682e-01,-1.371285483189804921e+00,-8.130413690968409934e-01,5.603187437897793055e-01,3.027437964268068771e-01,4.092241143405699749e-02,1.156790312301777979e+00,-2.036173233480661482e-01,4.785351523696869114e-01,-1.297810739128236523e+00,6.171673018387957566e-01,-6.445425107709967794e-01,1.671985902972221494e+00,3.759633750464007051e-01,-7.403747173226454814e-01,8.560635395237224943e-01,1.106174401742075597e+00,1.587624303500907219e+00,-1.418515523378210963e+00,8.627650200631382937e-02,-1.206711033964431135e+00,-1.325153194126736045e+00,-1.725005005327410412e+00,1.779941155136423259e+00,-1.431077274057523718e+00,4.097288137162959365e-01,-1.613494829673424447e-01,-2.202467936894554890e-01,-1.243119875453352119e+00,6.309334704674487808e-03,-7.472576474626958509e-01,1.373644360829423539e+00,-3.474392774578941578e-01,3.838816729448115694e-01,1.636426819839262858e+00,6.835470347146778147e-01,-4.269450727902627252e-01,-2.266799194453858468e-01,-4.785736548536224100e-01,9.057841191917523904e-01,-1.224365812198011882e+00,-6.008894410286296228e-01,1.581468883373103429e+00,-1.092178107491848182e+00,5.359602610869325101e-01,-9.656825344352448770e-01,1.383479497683201220e+00,-1.466739637391411000e+00,1.345345043051928258e+00,-4.043024812163721338e-01,-4.861169766081889776e-01,-1.460827947852848085e+00,1.333149184005336441e+00,7.007070208663335187e-01,2.769977586738106012e-01,2.582037067113333584e-01,1.063544831998628037e+00,1.321080023988434604e+00,8.499368857491708396e-02,1.802938261971042122e+00,6.752764364062545654e-01,-4.217250114274266604e-02,-2.797479117271415294e-01,-5.550210715624116498e-01,1.781681630306210851e+00,4.171306979197596521e-01,-7.303806767242685405e-01,1.185678373651930073e+00,-2.733252043997290937e+00,-9.065517560166268529e-01,-1.113090283300895988e+00,1.539766680861043957e+00,-3.858887639520219848e-01,-2.365895803595341906e+00,3.952150391401502705e-01,-9.503715751236652132e-02,7.864866025514434256e-01,7.394720830236375386e-01,1.035413687822114071e+00,1.628020440630045529e-01,2.460911009431393792e-01,-1.895935263041576835e-01,-1.185655234178674577e+00
-1.811498303436236634e+00,5.123966046320913570e-01,2.059600305553656252e+00,-5.971537214476844158e-01,-9.563001196432329154e-01,-2.349667350768934182e-01,-7.685937930469395329e-01,-1.996647958496825803e-01,8.655414611959694193e-01,1.049650096840328395e+00,-2.898515156525673930e-01,1.350120571893259624e+00,-2.023993055960601473e-01,-9.387548327928996184e-01,8.528338325630592520e-02,1.183936378957958224e+00,1.852547350373785706e+00,-1.946758878834653039e+00,-6.286483131556745985e-01,9.115916220981550022e-02,9.296245447587063726e-01,1.240720015268171883e-01,1.368092519429472187e+00,-7.636817650589076967e-02,-3.221841333376324612e-01,-4.617784005155846083e-01,-8.884290402484332771e-01,-4.285136693621173776e-01,-2.951627877208323758e-01,-5.498786653128236862e-02,2.191453744490889033e+00,-3.043069852396904640e-01,7.208968794826602355e-01,1.043043643149746069e+00,8.430462670772022049e-01,8.397428976498770847e-01,8.944883292417925569e-01,-8.627001999412177158e-01,-6.852025368201182243e-01,-1.572526320746872042e+00,-9.872186142846826051e-01,2.210040891248614067e-02,-2.121370462724886385e-01,4.281589783015514739e-01,-4.017370540324119443e-02,-2.422399255241150851e+00,4.960952792836809122e-01,-5.434563107748796584e-01,6.755195676789974013e-02,-4.750347341221667352e-01,9.969472007337305541e-01,-1.230185403508236019e+00,7.694276522562222276e-01,2.222045120728842083e+00,1.580051154934301261e+00,-8.102724922842582389e-01,-3.204607693188140094e-01,-4.344547837483018343e-02,5.712077044536360004e-01,-7.946292021620317003e-01,2.034043625246760190e+00,4.983188826063703614e-01,1.672894050475803862e+00,6.211361318102252005e-01,2.275960492086881726e-01,2.184315952611266987e+00,-1.346932502916244001e+00,5.703444532990852300e-01,6.660531360736068329e-01,8.868297003699022740e-01,3.777982228026745548e-01,5.432349971289628376e-01,3.758442880525605378e-01,6.497348345902085320e-01,5.930071960801044373e-01,-2.074345312962850851e+00,-1.225022029920373789e+00,-1.588193420990499094e+00,8.119749356456062994e-01,3.439172956106134604e-01,-4.681192075780100104e-01,2.073496363868056136e+00,3.698053340974723491e-01,-1.390135642481296507e+00,2.319010165654493416e-02,9.160837439065471210e-01,-1.179686802661903178e+00,-2.236233249144877089e+00,4.097794616458780848e-01,-1.260097466760782492e+00,7.789073108591119121e-01,1.413871796395097802e-01,-1.446727039275903959e+00,3.760047281256568286e-01,-2.872143302971283507e+00,6.761571451288601597e-01,-1.333209388573282916e-01,8.615355562067450457e-02,2.328676076919966864e-01,-3.832380991584948826e-01
5.815062936089945289e-01,-8.073691673859237916e-01,-6.312526613356040928e-01,1.162994944625904026e+00,-5.375302709920708466e-01,-9.906936821326086662e-01,1.993467428137848246e-02,7.160570917035126159e-01,-1.372060225471773975e+00,-9.459544063047816698e-01,-2.671951897452099489e-01,7.029694589529621451e-01,-2.024407025551314132e-02,-2.735901368549789603e-01,-1.642736901521502535e+00,1.124324438420912120e+00,9.228689404251615436e-01,-2.834827169568082117e-01,-2.640330240676517781e-01,1.180773375590423946e+00,-2.158597438029328242e-01,1.006371558585027692e+00,1.459387863342007652e+00,1.928851016122769269e-01,-2.301154504379754329e-01,-1.851159429273873780e+00,-9.162027780474931715e-01,1.995298228608388680e+00,-4.028253354148125243e-01,-1.093388468977162242e+00,1.885384746377982035e+00,9.956609088532422103e-01,4.394706041173154776e-01,2.855710699752546655e-01,-2.700600409793529888e+00,4.789023430749358989e-01,2.264845823558929716e-01,-7.500535226156056501e-01,3.459632701514182146e-02,3.714625902136666769e-01,-1.103099437848225506e+00,1.741634135958160190e+00,-9.983093792125459220e-01,-7.298583453219217310e-01,-9.909588540947878998e-01,1.406801408604486103e-01,1.566149212073753683e+00,-1.999046434143091078e-01,8.418208965235010055e-01,2.142076985059822858e-01,3.430451455446305031e-01,-7.574129552856115888e-01,-9.327292491468675006e-01,1.637005149473396148e-01,-3.448535104538747453e-01,1.177739619880188604e+00,-6.121706875147030907e-02,1.385759921633554326e+00,-1.550173016619467159e+00,-2.300939681291960248e+00,-8.501538986686199006e-01,6.345622055997480748e-01,-1.839418846133383453e-02,1.071260245771444408e+00,5.185733599614977818e-01,-1.996129456913453282e-01,-3.783420751611327737e-01,-1.347163527513851600e+00,1.118712297161547076e+00,-7.872203905487226150e-01,1.086789503382528554e+00,-3.896945504515795800e-01,-1.702929605127876167e+00,1.095250874995090440e+00,2.079849306625368932e+00,7.467164012101171200e-02,8.635594289208603502e-01,1.687967258064096976e+00,1.239664570538508093e+00,2.364965352047422975e+00,-8.923322723412232538e-01,-1.755995503275563085e-01,-1.400120380851681556e+00,5.587568123087045119e-03,-1.599478130345232563e+00,-8.723089064160056694e-01,-2.758111444032338433e+00,7.571209136836304365e-01,-1.179071969809265097e+00,1.012468332702376905e+00,1.424534270826698368e-01,3.172597352664994763e-01,2.481044835203655152e-01,1.721144069116297415e-01,-5.880763283952822329e-01,6.972047019698819348e-01,-9.593328115049720717e-01,3.446206635475422830e-01,-1.341723787964635761e+00,1.697629875202447902e+00
5.616585817073254105e-01,2.432139881514601976e-01,-1.443634539192297783e+00,-4.980590482729068680e-01,-4.414789304119333124e-01,-6.052706249056141186e-01,-6.294395162767485452e-02,6.949571836326827456e-02,6.489278465965758746e-01,-1.251043056195703329e+00,2.822957085686781942e-01,-1.008437684242542653e+00,-1.175465931663667411e-02,-7.979778960453079995e-01,-1.829852844224729269e+00,4.824945903179539419e-01,-7.377318021965989514e-01,-3.575566332785392598e-01,3.606151634985161475e-02,2.748509054843357169e-01,-2.228748909256541122e+00,1.917025996697260037e+00,2.642857512936053754e-01,-8.173165435150927527e-01,-6.292643304073272104e-01,1.174220060683454747e+00,6.239651972405765301e-01,1.564217768735167713e+00,-4.169973126682163453e-03,-3.403328741156180226e-01,1.322292304436943011e+00,-1.979975392159697700e-01,2.100183270321673845e-01,2.305926263138724508e+00,-6.305869725227772893e-01,6.547717885312841490e-01,2.736052400243686455e-01,2.181657825532340667e+00,1.669964613731825254e-01,-9.874273117747255080e-02,-7.748505174365644121e-01,8.294144837908823398e-01,1.414722324680956822e+00,4.745969635868651504e-01,1.013562510537173722e+00,1.132944277593290749e+00,1.012767604412958988e+00,1.021500910511271787e+00,1.153297275874892502e+00,-1.970413639062626565e+00,-8.613955062027892629e-01,1.843542249922155651e+00,7.432083513181179761e-03,1.601561264301431198e+00,1.683168397779618131e+00,1.367444170967912598e+00,-1.495967763767410974e-01,-1.262345795831664619e+00,2.082526034116202462e-01,-5.308307353199392953e-01,2.706217378224723191e+00,1.686057736710256050e+00,1.035902335608425817e+00,-2.090474002246929697e+00,-4.784956744809840123e-01,8.178780934006883718e-02,-9.495197294348312056e-02,6.606193730098228745e-01,-1.533665034665230076e+00,-5.049252841012182857e-01,1.182646645442885003e+00,-7.533601728847163503e-01,9.866440349522671571e-01,-5.555277073998027976e-02,1.849520041642196189e+00,-1.172471538746995501e+00,2.431537680742098306e+00,1.251583362598656102e+00,-1.249506968432151144e+00,1.316865898523737144e+00,-6.870676710219345562e-01,2.262065339232252059e-01,-2.307575995275622294e+00,2.526925575572671820e-02,2.052803920817202865e+00,-4.598216933598984757e-01,3.370003529213663196e-01,-7.620965566926169998e-01,-2.686007850972906841e+00,9.703746959289297758e-01,-5.939639591628452786e-01,-7.260462794986329849e-01,2.404734372244892615e+00,1.478838849818713497e+00,-1.559795246246592493e+00,2.642704063684511162e-01,-5.207866878609307415e-01,-1.427762013017175535e+00,1.119529642343634945e+00,3.052129675512917362e-01
-1.005426216732696387e+00,-1.162765231640016328e+00,-7.926270615696938693e-01,-2.795177001697798837e-03,-3.360445357979568448e-01,-2.710767441671273550e-02,3.823854696979775980e-01,-2.853850458220312178e-02,-7.541386366103658423e-01,1.100296822708330291e+00,-1.078053862516922035e+00,-9.668029750510231946e-01,2.276103800838181979e+00,1.590166759906931571e+00,-4.203791841658695988e-02,8.232924485515298318e-01,6.017028096617996757e-01,1.489186200934493165e+00,-1.503468082296051112e+00,2.318381457657263223e+00,2.445321684620938296e-01,-1.862051789737032781e+00,-1.199538964069945424e+00,-1.185433102967553110e+00,1.830717950120895887e+00,1.149878666373755021e+00,3.602817017894008877e-01,-4.617765640341451316e-01,9.875516133863921908e-01,-7.978952865301498498e-01,-2.073364605030731944e+00,2.125704113944332452e+00,-5.115911906207414317e-01,-7.089276283408053603e-01,1.955022472534086564e+00,6.215150293436457613e-02,-7.328181971204770218e-01,-5.991006894277444150e-01,-1.453819006174742190e-01,-6.773125508330589684e-01,-4.666139856331131819e-01,1.604477853967323231e+00,-1.587848553388326867e+00,1.491402503043691256e-02,-3.373902571629804892e-01,-1.902931862116622241e+00,1.134694876106210115e+00,-4.522328405217339031e-01,1.817260230701977175e+00,1.365241448591920648e+00,-4.887986932235277027e-01,5.789390651153355494e-01,1.516607211625621954e+00,3.549838517286870165e-01,2.753794032696540217e+00,-2.429776698962867465e-01,-1.773393754410192757e+00,2.166062058618718200e-01,1.226076698678411514e+00,-6.166095344897637442e-01,1.032565673119187760e-01,-1.282465685275590461e+00,7.467901124494630283e-01,1.277386937752699181e-01,1.431770869225121201e+00,-4.999335292931772479e-01,-1.043205496024653733e+00,-6.574836509522399286e-01,8.782086349200028952e-01,1.911666330194522256e+00,2.256470302604579370e+00,-1.280232869638134652e+00,-2.576581930363525119e-01,1.814001483028601314e+00,-4.626025619016108648e-01,-9.159548738169558391e-01,-1.391819176897538979e+00,-1.096227050986834650e-01,1.129536831623784154e+00,1.578135389801612831e+00,-1.546776065271767697e+00,5.889117268339797429e-01,-1.150595550315798077e+00,-1.685700675746660548e-01,-5.232865691577638367e-01,6.131722768361936859e-01,1.177825119968340273e+00,1.925265867796696950e+00,-1.800275799832558477e+00,-5.301603514457496891e-01,-5.985175393431572122e-01,1.354278021156287481e+00,9.781311904727869877e-02,-2.306867850978591150e+00,1.428835297442659469e+00,8.064321216470158316e-01,-1.227943330144083856e+00,1.081010034979563050e+00,9.829897874142441427e-01,1.193968241049880585e-01
1.236583130720552426e-01,3.979236045567346447e-01,1.291625680672479071e+00,1.094261411595382150e+00,6.095729038577307746e-01,1.334188699333118400e-01,1.755531090552975515e+00,-1.979166905179571723e+00,6.597405453518597751e-01,-8.974578773258029551e-01,6.657002099143439766e-01,1.424554791941139209e+00,-2.071554306592401140e+00,-4.498304065713358557e-02,-4.357341040010270783e-01,-1.382503307912178181e-01,6.460208626560720591e-01,1.320365628500711486e+00,-6.424143457251759726e-01,-3.322822590743267357e-01,-5.545853824778399499e-01,-1.125647824155917354e+00,-7.397547865221369701e-02,-6.121598045864158344e-01,-2.738815100524047419e-01,1.420201784502734377e+00,-7.104504452429950545e-01,9.942454196739011207e-01,-5.725718895467923897e-01,-9.692589167723796306e-01,1.277668217936487882e-01,9.396627070185981090e-01,4.355417052427255076e-01,3.869324652504339546e-01,1.338640349007624408e+00,1.886215694700628664e-01,-8.156782532889809145e-01,-1.024804510981271344e+00,-2.029253330935913979e+00,-7.522723750497528616e-01,-2.995504636703461565e-01,1.252070656685942973e+00,-5.477533250010283572e-01,5.252927312916215730e-01,-8.391185738524283844e-01,2.352961004862410554e+00,-5.683925216741478881e-01,2.054822350278005416e+00,-6.453781093377686240e-01,3.265432586462079234e-01,-5.983485977502180919e-01,-6.830138176911824122e-01,-1.787874096017864067e+00,-1.516178032167562861e+00,-4.771608499057765629e-01,2.581168173319065007e-01,9.292235960179620058e-01,2.895493475625058877e-01,-1.291370531646324427e+00,-2.802639968948515969e-01,1.604442178469526858e+00,1.260148354982056240e+00,-1.503892728054414984e+00,5.066946015005878712e-01,-1.974668894714477763e-01,1.376257673687453664e+00,-5.056058499439175513e-01,1.411792353412383960e+00,-1.997999623306428774e+00,2.082099949542497164e-01,1.320603607957864689e+00,1.735421498120691686e-01,-1.453998318561748215e+00,-8.396421618050753377e-01,1.288477251344106733e+00,1.352265727581034027e-01,-8.747821871759606238e-02,-3.469703588804666228e-01,4.912669390894095489e-01,8.490727698528097167e-02,9.826726831468883816e-01,6.494300043414136248e-01,3.766975824862602296e-01,-6.205254168023186523e-01,1.148410110447335430e+00,1.179526521677918827e-01,2.419682994610043991e+00,1.117710315376081898e+00,-8.875298548376704399e-01,3.379956425605458725e-01,-1.103197335830473857e+00,1.092441518590137495e+00,7.028510796413665884e-02,1.190931052894732334e+00,-8.752848982862321270e-01,-3.489367264339149899e-01,-2.282233567798812146e+00,-1.740689926812964139e-01,1.445374885947559473e+00,4.673222574223065973e-01
-3.965405487501231785e-01,-1.659402444572951829e+00,-8.558912977301929015e-01,-3.417340241406793266e-01,2.239569794842051209e-01,-1.685960193692069842e+00,9.433738579642733102e-01,1.042583839568334891e+00,-6.612816303598698653e-01,1.375874627554818375e+00,-3.660006577936349981e-01,1.993068760385975136e+00,1.778241490348570764e-01,-6.480860411978727198e-01,-5.805883547681436330e-01,1.279700537729615117e+00,1.253156222745341886e+00,1.060219136830413023e+00,-1.504202739058687621e+00,3.306622930432566720e-01,7.585934582387864333e-01,9.862925125218676703e-01,-3.588039378297224746e-01,-1.637026293417916945e+00,-6.839354845069578470e-01,-1.260454052686431070e-01,-1.077839944735250688e+00,-4.114114902642990734e-01,6.837255751077658816e-01,-9.536837345651064668e-01,2.858589432796377894e-01,-9.812230346309873674e-01,3.028971886390818380e+00,9.052248209936633039e-01,-7.299156040710708115e-01,7.927931753680929061e-01,2.948236515449957351e-01,2.631970723784926025e-01,2.929136117584938970e-01,-7.627108168685320377e-02,2.250573352066453092e-01,9.871826349309453796e-01,-5.142958274007592978e-01,1.762363693964458911e+00,-3.641241998174702399e-01,7.032700233367493725e-01,1.463440505672295666e+00,-4.140987587149034810e-01,-1.644383837659810332e+00,-9.089515552719042990e-01,-4.141392948437718768e-01,-2.460725512121725522e+00,-1.842489388270852846e+00,7.258668270119331689e-01,-6.398666480340589602e-02,3.115907797115071709e+00,1.001057857110584148e+00,3.610835897952313078e-01,4.846694724565858703e-01,-3.445160921777371543e-01,-5.781483967476191976e-02,7.203163931064868741e-01,1.881597971776487188e-01,-1.060329829099421195e-01,9.845350351219991358e-01,-1.274364657453836092e+00,7.377416564826057011e-01,1.195923225717247629e+00,-2.110671914299461771e-01,-7.315584862716555392e-01,1.367165010042095397e-01,1.244502236076712398e+00,4.195263256409429986e-01,1.347994963915784439e+00,-1.853273503650404441e-01,1.457631941280491672e+00,-7.933231009996186689e-01,3.350378344231167982e-01,-1.056414945430736330e+00,2.308891101686087743e-01,-9.411185558331612855e-01,-4.749510378205354377e-01,-3.003273082213036571e-01,1.472606550080715615e-01,1.355518020950500002e+00,-7.397576110581507436e-01,4.215845446902569127e-01,-4.305808573588700838e-01,4.727187582492644036e-01,-1.664795221218297927e+00,7.996473907851067153e-01,-4.082790684720521979e-01,2.564877430757735333e+00,7.082522242184706718e-01,3.671855325248575275e-01,6.605478065235771412e-01,7.240210824499273556e-01,-2.214199565329509622e-01,-4.366737563109723275e-01,8.907529815782466720e-01
-1.258989817168950365e-01,1.500979069281721361e-02,-8.409458739638654423e-01,2.167072563885144298e-01,5.090746683886279156e-01,-7.552827944495369428e-01,1.918922852028399850e+00,-5.335841436434799606e-02,-5.452923833442371304e-01,3.094195461536475636e-02,1.593546366793904545e-01,-1.590885344380862931e-01,-5.679137985161168967e-01,-1.810128577061840827e-01,-1.280775767403784515e-01,2.077911979013778374e-02,1.456655417417357379e+00,-8.422973617655834522e-01,7.179274134562340093e-01,-1.080032486515781209e-01,6.856660026272090036e-01,1.891575465204643480e-01,4.597024415006488174e-01,-1.178177395639423919e+00,-3.963006504361586413e-01,6.323963229701844435e-01,-1.978461019546474242e+00,-1.674479508633996305e+00,2.056303564120141592e-01,-8.231068462383218653e-01,-1.597366176611447530e+00,-1.033704173044168506e+00,7.426853493507026283e-01,-3.237401317145257029e-01,3.559855699409343877e-01,2.440490502196535960e+00,3.301158981233366929e-01,5.511181189181726392e-01,-1.811649802810992638e+00,1.136582401674833265e-01,1.151139373920385678e+00,1.151324956342762440e-01,-2.693736860553478385e-01,9.349253399711233703e-01,-2.903773045663421426e-01,-8.909657724673507584e-01,1.154494317108068824e+00,-6.027209274129374794e-01,-1.650938572754131695e+00,-2.336868014124417747e-01,4.254907047042982282e-01,-3.884673641907273600e-01,3.200242478613898323e-01,1.365893200495915005e+00,1.112081180389183910e+00,3.436271857278196395e-01,2.094952890438811721e+00,-1.947929312165838991e-02,2.774592341819929198e-01,-6.572043455509556376e-01,1.200013112368848667e+00,2.181604985802659824e-01,3.592877761474351783e-01,1.132912644019272941e+00,6.274702337880878611e-01,2.660068276352566263e-01,-7.575475983814548009e-01,9.727876258867927950e-01,-1.520916962736121592e-01,6.620180807003112067e-02,7.227465486485793456e-01,-2.378925149135743267e-01,-4.772799882752298828e-01,7.536937120997256878e-01,6.857015136260939669e-02,8.562511452365504372e-01,9.811454848559413300e-01,1.479536393234269553e+00,-2.851037843962482277e-01,1.643998259667077966e-01,-9.891238083401450165e-01,7.444520026155048154e-01,-7.613327673859543454e-01,-2.528884504591144555e-01,3.908940499469800711e-01,4.556485663699921806e-01,-2.216076314778704148e+00,1.862191098670444578e-01,2.225084571626674723e+00,1.727025291792150696e+00,-1.174873339416751428e+00,-1.150238678710414408e+00,2.082936918655188263e-01,9.487989557573832666e-01,4.958253919858116032e-01,1.528702669715686635e-01,3.322502659730792729e-01,4.917514182036433201e-01,4.004760634174817646e-01,1.853988136889445915e-01
3.913237939415127875e-01,-1.593884894645920980e+00,7.386697457894334518e-01,3.963264458009119751e-01,7.757345975986589259e-01,4.710304055992139971e-01,1.548622195526445866e+00,5.131022945333633123e-01,9.661023891117387352e-02,1.294484482270753078e+00,-8.509765796868143939e-01,-3.233578354726194259e-01,-6.034733979982522672e-02,2.874310003770346733e-01,4.285543631074005821e-01,-1.696516920091896141e-01,-9.970220164669508778e-01,4.483890610692407575e-01,4.489499564406035925e-01,6.406239400264487349e-01,-6.337046340164487201e-01,9.409691228767521620e-01,8.208290475334499847e-01,-4.225972513456341950e-01,8.953188153981159747e-01,-1.099493081570313890e+00,7.136098518849688377e-01,-4.389687755077746334e-01,3.222810998002748062e-01,-1.556669650305509967e+00,-1.105406860821688042e+00,2.224875590029508354e-01,-2.176166865771802961e+00,1.080653803065193319e+00,-1.284658034852629749e+00,1.736102507762632863e+00,3.212067755014780257e-01,8.643640293627656845e-01,-8.344329583388653271e-01,1.466345447532759090e-02,-8.135994084184671182e-01,1.807548920854097629e-01,6.171803620400926338e-01,-4.107694826948640743e-01,2.138018845726389061e-01,-1.001911094700588256e+00,1.891497978323497309e+00,-7.386099921655433498e-01,-1.143517337139631662e+00,-3.592005129361641735e-02,8.241136483727506956e-01,-7.575646438733562027e-01,-1.240841585722290530e+00,2.928274064079492978e-01,9.929195334735733125e-01,1.305425805727499888e+00,7.867103609244678886e-01,2.953272757221795386e-01,-2.050396771414242092e-01,1.543419884152325450e+00,2.246073157214855343e+00,3.623146039331105912e-03,-3.078692906496242193e-02,-8.968546097388173377e-02,-2.309674010359143104e+00,1.914398529152581407e-01,-9.987125521573207709e-02,3.210133518874998537e-01,1.140278632727127706e+00,4.838120973017735471e-01,9.839413724834378261e-01,-1.199051220637222803e+00,9.129287189519429135e-02,-1.170751731837319065e+00,-1.270110077006094462e+00,-2.363944359425429909e+00,1.246647216052155366e-01,1.443190375246530821e-01,4.930792612853814871e-01,1.440497393975144647e+00,1.104131220513134171e+00,-2.600030926326157288e-01,7.095671651482052256e-02,-9.161016516696799394e-01,-1.194346073032204414e+00,-8.538444338895688768e-01,2.342752854962717457e-01,4.951335800966988332e-01,6.655805590274513905e-01,-5.326454062873964279e-01,9.540510835192653194e-03,1.463199868090120370e+00,-2.061028126130480809e-01,9.995300262881247066e-01,-3.216597130833453444e-01,-5.417514618179557900e-03,-1.061252149342941431e+00,-2.051529033083347164e-01,-6.031085205762748425e-01,5.443768134380084778e-01
-3.905034800602196765e-01,-1.610832697301589900e-01,1.197877001265909847e-01,2.084281127763313868e-01,-1.452335619908302622e+00,-1.633279956920083709e-01,-1.203341777835731818e+00,-1.199230080516376293e-02,-2.157697066318703172e+00,-5.009918730859781455e-01,-1.860949377974488561e+00,4.015842630173923067e-01,-1.664362805928098155e+00,2.427665035581328734e+00,1.452968589777137831e+00,-5.267163774073625460e-01,1.403111634680241471e+00,9.793789483360196835e-01,-1.020708480186495404e+00,-1.091536575488759375e+00,-9.141138593287041481e-01,5.080206947865284484e-01,8.159037442722036904e-01,-6.094750449539745318e-01,1.612983359793312421e-01,6.007754145636261534e-01,-9.903825592224627661e-01,5.969544712030910166e-02,7.273087114654555041e-01,6.137878478643430703e-03,3.713409880742786218e-01,4.228924617994165858e-01,-6.689636662069214923e-01,-1.619506145523802454e-01,1.391839599070931577e+00,1.157021538239818792e+00,-8.300356655365723549e-03,1.467025171032188879e+00,3.778144042095341049e-01,7.766016016324126525e-01,-2.182726420730142503e-01,6.426891788106731118e-01,1.605369032952640662e+00,1.834535117539214610e+00,6.558215513415251996e-01,-1.837801495095496618e+00,7.284261002401901108e-02,-6.287633600695945180e-02,-4.848624239148299764e-01,2.039816176758474597e+00,-1.532065412827925854e+00,1.145965414885235845e+00,1.076062458993831461e+00,-8.329077083907394652e-01,-8.408124794851172812e-01,2.441261425884912531e-02,1.596364865370280273e-01,-3.340679427644751009e-01,1.183213772404419162e+00,6.833489823806222496e-01,-1.724227577502307485e+00,8.013233168915091520e-01,1.082815312271198371e-01,-1.393774621281997916e+00,5.687213068799055193e-01,3.210015955302671031e+00,8.817946990408579433e-01,4.675106804647448655e-01,-2.660237798898800743e-01,-1.521663465010090643e+00,6.314074610196070969e-01,5.342412880328045732e-01,-1.685050394730919665e+00,-1.695926839601795966e-01,-4.136266155719849347e-01,-1.761971441492892643e+00,-8.403476322028445855e-01,-1.739680756731761258e-01,-7.601145151562932467e-01,-8.146135881914708943e-01,8.706446853784877149e-01,-6.082043952262117248e-01,-5.295939870830180807e-01,6.109533424648716515e-01,2.721637969413319147e-01,-1.308879835959096516e+00,-2.669850393262130916e-01,-1.988853525171996539e+00,-1.997233871520791126e+00,-5.854427495765622824e-01,7.851743470168505157e-01,3.162704709048752005e-01,3.005022436214344617e-01,1.612049051403957045e-01,-4.337789929444055281e-01,-3.686556154224683302e-01,7.174165080312678855e-01,1.521650747856954367e-01,1.239866025269474203e+00,-2.180801940432114616e+00
8.541753432846465044e-01,4.361740515976155197e-01,-9.689003993787266567e-02,-4.420561048164877160e-01,4.641920976363228535e-02,1.346050292243154090e+00,6.797194895341739374e-01,-1.382971286823852841e+00,2.826491394086501630e-01,-8.543598463905909268e-01,7.515109813571502206e-01,5.626730614630450766e-01,-5.573964896311476291e-01,4.482570163890528536e-01,-1.120029014796634081e-01,-1.919720304734789940e+00,2.932681223609918120e-01,6.828662793409148168e-01,6.380856562632839513e-01,-4.426075912286264735e-01,1.595877248658344322e-02,1.872037356038772360e-01,4.999982729747010080e-01,-1.607298929015433142e+00,9.310736001172613685e-01,-1.675778565530237907e-01,9.648611969495528573e-01,1.541827709240210231e-01,-9.950636514627357598e-02,-2.451735892358422486e+00,-2.828055365099506613e-01,2.425167115979454946e-01,-1.038341863594738790e+00,6.568936507143191550e-01,-1.036289118465005960e-01,8.434304079695957579e-02,-9.096850060832867291e-01,9.672434499110229567e-01,3.549991229654070879e-01,-2.057218940257639961e+00,-1.200002486250668188e+00,1.401731666206467608e+00,-1.209269962787489661e+00,-1.848277106228125133e+00,9.109431786327464309e-01,-4.299843796728473611e-01,-2.347881399785344270e-01,-1.424707094307924526e+00,-1.801432177025555470e+00,1.999926384442187288e+00,1.022630870607964981e+00,-2.398288309284819786e-01,4.955840093312026684e-01,-5.891496903070627678e-01,2.059953946210740572e+00,-1.445127618437291650e+00,-9.042618346752835379e-01,8.512565794208505343e-01,3.753259962683602735e-01,7.986341351244196085e-01,-1.239656982282230230e-01,-3.130828325171652327e-01,1.251501713532258142e+00,7.057431431428339286e-01,2.379557745895379384e+00,-9.701767825622700236e-01,-4.390091942559006810e-01,6.304014138319107285e-01,-1.387408410558989891e+00,-1.666210866488558651e+00,-1.596079871172435771e+00,7.184229669828269271e-01,8.011018300236418810e-01,-8.570070721779983192e-01,8.786326724869274185e-02,1.795221828443892553e+00,-4.886916652885873735e-01,-1.092284319812363569e-01,-4.539091074034541928e-01,6.695148719081027711e-01,-8.240514693606831864e-01,-7.327493818773714862e-01,6.406050811301163828e-01,7.910708068112535241e-01,1.877562468307403920e+00,-8.215350029477781479e-01,-1.809895199347579364e+00,-6.499773296066626571e-01,-4.312731035549524639e-01,-6.597088576821198425e-01,1.099118001984342730e+00,-2.053856764418258152e+00,-5.331097766364365498e-01,1.462884339202502160e+00,2.231015567087552692e-02,-2.568575282018691119e+00,9.946924704913796544e-01,-1.122306183025557846e+00,-1.465393629696023936e+00,6.813956945818145927e-01
1.569387717757316225e-01,2.721167040708658558e-01,1.873517664812562433e+00,2.177623174966306641e-01,1.115699053199460389e+00,-3.314983920472922008e-01,1.270345816804740458e-01,3.231193289028320703e-01,8.121088153928479603e-01,-6.398060534501341934e-01,4.660724534390376372e-01,1.100558000859195307e+00,-2.911529261265538571e-01,-7.398359829524502329e-01,5.704655759775456580e-01,-1.550336036146349628e+00,-2.634176077067794108e-01,-5.121220635663799037e-01,7.145004719886091094e-01,1.106082727454420933e+00,-3.085246064002258315e-01,-2.313746026388389387e-01,1.215469668461377495e+00,2.312146130523580756e-01,9.493161038337850632e-01,2.458625469043920209e-01,-5.022631218573297973e-01,1.353277888687898667e+00,1.555865754761004416e+00,-3.673075706197866386e-01,-6.334464640256940449e-01,2.728154799502067185e-01,-5.164425095570286395e-01,-7.384418388093162700e-02,-1.768807589101985267e-01,-1.580599961080206173e+00,-2.338014875538832749e-01,5.506740246545855921e-01,3.924504853685594763e-01,3.220180772140839864e-01,8.332743855067183958e-01,1.094381017317212157e+00,7.029895785164017585e-01,-1.200693039506528503e-01,-6.425925201119683239e-01,-1.466736183347407824e-02,6.264303276632744444e-01,-1.162997974456060568e+00,3.923651491733401442e-02,-1.419341818413252243e+00,4.288095189367701066e-01,-9.717519788217888754e-01,-6.607803054538763377e-01,4.509640943981565453e-01,-7.423262700087359667e-01,-2.493091314760550736e-01,6.824649790037339292e-01,1.009181976288146876e+00,1.153030415912163820e+00,-9.706458077925274042e-01,-3.874205932093766624e-01,9.239890450709599135e-01,1.061759356577061553e+00,-1.265455523690519613e+00,-1.220144989143261194e+00,9.712170167932174802e-01,8.598582803836805899e-02,-8.312495871858005536e-01,2.436402865695343201e-01,-7.299345924785169970e-01,-4.880007053028448949e-01,1.098174305345250706e-01,-1.319291491657695437e+00,-6.897508972006427541e-01,1.044185442714333334e+00,4.972383770016945426e-01,-6.107338605534359255e-01,-1.966105379585572077e+00,2.286721938649497188e-01,-2.979534232945009742e-01,-1.191033439955488271e+00,-2.731531486366639783e+00,-7.470578155147633570e-02,-4.103924346020316194e-01,4.532140746263980113e-01,1.203202532514840550e+00,2.503971347771748679e+00,4.104334674345123113e-01,8.061159937633598505e-01,4.870211079832472700e-01,-2.614335602455556407e-01,9.536822697613297484e-01,-1.262075020112292112e+00,-4.953154514907060491e-01,4.209860218307663882e-01,-7.941266119481645847e-01,-3.089116208155504029e-01,1.277297232513291192e+00,6.080776756659244109e-01,-1.892339860017831166e+00
8.227211908417088049e-01,6.900865161279812199e-01,3.752323524335035576e-01,-5.564998155757466813e-01,-1.629579014445344365e+00,3.628087715017728754e-01,-3.437101549318450355e-01,2.371335862846630782e+00,1.815493818131401760e+00,2.697783414141838865e-01,-1.044792961519493968e+00,-6.591129955108383266e-03,-4.731932538047790571e-01,1.330972926614157004e+00,1.532028502467094044e-01,9.787920127895485267e-01,2.281732105545520195e+00,2.598886794173623560e+00,-1.095697642947237149e+00,3.242445787197884011e-01,1.041806693010396412e-01,1.138104033409335081e+00,4.613703043824848860e-01,-5.581413645672083090e-01,2.904010389592436292e-01,-2.269360546901406928e-01,-1.108761190929997031e+00,1.035337122055661752e-01,-5.070363265975386113e-01,-7.018676860807135376e-02,-4.640262436945274405e-01,4.153492228936409569e-01,9.889889743199861138e-01,-6.810651945014548625e-01,6.305066950828750461e-01,1.528618884828832625e-01,2.764457134969796614e-01,-4.442825158241818229e-01,1.508802804165034206e-01,-5.311916629831629766e-02,-3.852607639598891187e-01,8.092798272393691983e-02,-1.317969513946205262e-01,3.147577313483828076e-01,2.615631311810807658e-01,-1.148580407100248113e-01,3.374863207884699623e-01,5.084753695883178493e-01,6.994675363975092486e-01,-3.079239536289654980e-02,-8.414818637165499826e-01,-1.388672719206139661e+00,1.106657746061199404e-01,-1.116169372413851724e+00,6.942100719945055731e-01,1.046953142865841013e-01,-3.156644348627644092e-01,-3.320226712766120025e-01,-2.595420129890438909e-01,1.825624282764569450e+00,2.997913518476842953e-01,1.811972583393636871e+00,-5.038783673886669812e-01,-2.554064150254580987e-02,-2.268561661577697119e-01,-2.826148424660989145e-01,-8.700940950330376955e-01,-2.864577787562981870e-01,6.711535560138038869e-01,5.865849309461479422e-01,4.641593305557774052e-01,3.352515778827740434e-01,-1.239928857973508824e+00,4.927239559692980081e-02,-1.268639407326403123e+00,2.899717659530785530e-01,-5.575853063025332235e-01,3.862979678598842115e-02,7.089518696323672542e-02,-9.153009726408117830e-01,-1.068610287226435362e+00,1.485505373366977910e-01,3.563852664970772910e+00,6.019877412163024966e-01,-4.929953312835011481e-01,-4.362986073389883979e-01,1.608391939975779561e+00,1.963298699633069910e+00,2.821593839686100114e-01,-1.121505115786630036e+00,-2.295983119162773090e+00,6.715908934184604551e-01,6.972095122523631616e-01,1.226965057576913765e+00,-7.951455889072008842e-01,-9.883674942223081850e-01,1.360903574275612593e-01,1.481916132305665323e+00,2.456642634364366307e-01,-9.168052047745464117e-01
-5.337398530301788735e-02,-1.334628224901655558e-01,5.683090020052230518e-01,-1.006577276188525549e-01,-1.261113853430169129e+00,-6.130275891691551182e-01,1.214253038749675717e+00,-1.286289304633861930e-01,-6.648114987131518161e-01,-1.486820005442276660e+00,-1.939652232898582795e+00,6.339198233750064082e-01,-4.762828560628328267e-01,8.811929433079587412e-03,7.551023011613450242e-01,-8.713550149961961644e-01,5.954823562476058846e-02,-1.513147736703464696e+00,-1.819832728483354423e+00,-1.533378025314691806e+00,-4.209951042163682100e-01,7.782274965553652446e-02,-2.833607777606298450e-01,1.334460247049025883e+00,3.651300703952667370e-01,-4.411377586975299692e-01,1.100928213635435915e+00,1.546385439413145768e+00,-1.527438685055924283e+00,1.596361088565482200e+00,-3.640626819746342613e-01,4.803182866409403395e-01,-6.083930879697460048e-01,-1.229776443661203311e+00,-1.044613387440264773e+00,-9.196570303358868326e-02,6.444775715785792114e-01,7.687338021008446320e-01,1.168478033314424902e+00,3.044997375020337405e-01,-4.902739914781473751e-01,-1.019754353067037211e+00,-2.306305422984700204e+00,-2.052551350286352161e+00,-9.346285069797742873e-01,-2.819383029089944093e-01,-4.887659691152669295e-01,3.285335215901831751e-01,1.527144839191265091e-01,7.641165743266034038e-01,-3.077473331032211101e-01,1.257913740188925100e+00,-5.223317100318802808e-01,-2.838809567922848665e-01,-6.481413894187519897e-01,3.190335938376752667e-01,-1.227523779822759398e+00,-5.423888857643271999e-01,1.297120819399237401e+00,2.753483886515306067e-01,2.965174020235365054e-02,2.299547667313984675e-02,2.295925040676437545e-01,-2.196246553604314311e+00,8.307811747728247598e-01,6.292135151650242175e-01,1.118734357803291779e+00,1.479794546320393867e+00,2.367790974053360920e-01,3.857738343215463828e-01,-1.488259835308850254e-01,-1.098528482519907923e-01,-5.591139971936724962e-01,-9.188770465018465394e-01,-1.618327749785304803e+00,3.860665435526017264e-01,-1.571676318301996333e-01,-4.051897965573924565e-01,1.291678490146843383e-01,5.161970600200075365e-01,6.962304501351435082e-01,-3.746486307048817466e-01,-1.726213712602197026e-01,1.665451248452800126e+00,-1.063021428850143169e+00,1.141575361787925402e+00,7.536874707923665317e-01,1.614613302304427567e+00,4.487506720044252551e-01,-1.871936036801217021e-02,-4.539667056919142185e-01,1.927981608543009873e-01,7.235611747014378814e-01,-1.490919139110964853e+00,-5.618838841532376449e-01,1.310239119404691843e+00,-3.869191976560631963e-01,-4.238114264831831235e-02,9.412610549706443841e-01,2.378160439949407456e-01
2.997663241630832420e-01,2.314797920960632582e-01,2.997672789049507514e-01,-6.377913751964163769e-01,-1.195637330933326581e+00,3.989221601858436439e-01,-4.906377937711582371e-01,-1.874183186295285131e-01,-5.369860338759745444e-01,-1.695935803402010889e+00,-6.330670067793181532e-01,5.167673510862771380e-01,1.813887069935603280e-01,5.066543259753176764e-01,2.589413761817913162e+00,-3.371455188997984909e-01,3.335449589117523567e-02,1.227997287032535495e-01,-7.343916442985276571e-02,-6.520044677809070377e-01,-7.324238046361911114e-02,6.787719175381048409e-01,6.058777593244110138e-01,1.962224764025420676e+00,-9.167250520129102132e-01,4.566990919684768557e-01,2.386633341651738238e-01,4.518096347598968832e-01,-7.820908919158672257e-01,1.428248362277028116e-01,1.747951970523761445e-01,3.473235625425875051e-01,8.832188404995435782e-01,6.001088869443416129e-01,-3.237926660253702127e-01,3.641367565721219390e-02,4.808060152453266789e-01,-1.481601262436162525e+00,2.428431688134553845e-01,7.756396857646443710e-01,7.163388043722819232e-01,1.945567688946769347e-01,1.108078847878248528e-02,-2.197641655181094555e-01,-1.208464895439919362e-01,1.615995901158361781e+00,3.738307286663039575e-01,2.294146091417109401e-01,6.983287134650284500e-01,6.970051264982658479e-01,3.273044872973481234e-01,-9.867539219775719461e-01,2.890656435587458106e-01,-1.237996056662080901e+00,-1.063833658993909914e+00,1.154736327976941951e-01,1.524199328089981931e+00,-9.702177322548632965e-01,7.125903254729598624e-01,1.820548484079721252e+00,1.346698607659735147e+00,6.387106005074176807e-01,-6.732875762783111506e-01,5.103167462565687956e-02,7.646220955086048265e-01,-1.768165607091266292e-03,-1.058931532678947685e+00,-1.855265384054539668e+00,-3.701016747450946442e-01,1.712517578762549064e-01,-2.015737580301985243e+00,2.660166115510464446e-01,-5.560936121541905086e-01,6.476591262674878946e-01,-9.339820571680826911e-01,-2.691918460428407989e-01,-3.639221833620938651e-01,-1.398159947130612091e+00,1.580336410186807150e+00,-1.186617719604234678e+00,6.771827442045945666e-01,1.591983709626579202e+00,4.754768054287841217e-01,-1.121581767082065806e+00,5.366649054101824134e-01,-5.984643287189871375e-01,-1.814707379830869050e+00,-1.037436470765389140e+00,-4.961475709107255327e-01,2.436918250659808050e-01,-8.095025736235261782e-01,6.953396452048437038e-01,6.020126711605489067e-01,-4.832829264157106897e-02,-4.517614805921825738e-01,-2.044162920334957612e-01,-3.057913865039037393e+00,-5.379744737404626997e-01,-2.573636930969719350e-02,2.898093707713779721e-01
-8.044918093493413913e-01,1.986830323064828097e+00,1.315476948532923629e+00,-8.518543326439310948e-02,8.614135376225958707e-01,2.362504954420383274e-01,-2.559906837261411230e-02,1.741167801085286904e+00,-6.852931939481000656e-01,-2.620982151459079201e-01,-6.334798140297479563e-01,-1.077435728224887646e+00,9.155258529235730247e-01,-1.300091494795428959e+00,5.905962260822894550e-01,1.350419879427049441e+00,-2.556847111018872631e+00,-3.933695851693723156e-01,-6.958068038737168504e-01,1.220770455526542841e+00,-1.533739801780325263e-01,1.343060545527617888e+00,-5.603831013460014443e-01,-2.464724957237267311e-01,-6.000178515631225951e-01,1.470345657806063855e+00,-4.909602833113917431e-01,9.628552937557725011e-01,7.878495788724239057e-01,1.575316047995937996e-01,-2.378834588868207867e+00,-1.390331895303154042e+00,2.222460251280878318e-01,-9.681548633108912894e-01,-1.477245477798799556e+00,9.644349462711490073e-01,-1.208389972977265830e-01,-2.662813403820156744e-01,4.580984108079433348e-01,5.779355446913418959e-01,2.062246972496699360e-01,9.141452513070467134e-01,8.180797615878176998e-01,-1.413837501950849562e+00,1.053236028411656422e+00,2.414398434706541974e-01,2.020868514677438554e+00,-6.596124675189884989e-01,1.235166165382397541e-01,-7.725174050708318862e-01,8.972689715482680128e-01,-1.327551344569002589e+00,-1.099196746991415008e+00,-1.378717691956406144e+00,6.216953620088386950e-02,-1.056196964493461232e+00,-9.238630923524990823e-01,-2.012363354413083893e+00,1.810543190184827136e-02,-9.224195121341436376e-01,4.928090725120438664e-01,-1.562047671108037772e+00,5.050813908634598226e-01,-3.658631048352640747e-01,7.929998657720961353e-01,-7.483229096204413455e-01,-9.215461350225921944e-01,-9.859909967090216831e-01,3.955349724390019306e-01,-1.413476522175310668e-01,-1.166699469359885333e+00,2.057958033553166644e+00,-9.502940069827536806e-01,1.717741245630464431e-01,1.044579669464019700e+00,1.028217491526971727e+00,-3.284092230625780817e-01,3.620934522327971639e+00,8.646504333507165629e-02,-5.395490843722293706e-01,-1.209361202426848941e-01,1.511087735562856693e+00,1.287333883839217430e+00,1.259474999800577200e+00,-1.489384796847027959e+00,-4.314421926691115461e-01,3.344348983576927448e-01,5.357442260885483254e-01,1.789252365564522718e+00,-3.980056315216601859e-01,6.393322252431631048e-03,-1.673972353254160952e-02,2.426187399859272897e+00,1.741581532747251027e+00,1.515056201157973348e+00,3.534122376031622603e-01,-6.360691230088485471e-01,-3.466869491660151681e-01,2.830722355044362537e+00,-3.126103999782776088e-01
-1.617444137118945635e+00,-8.993429657377761954e-02,3.051936433406724491e-01,-1.025253357032364504e-01,-4.935981232440962430e-01,-4.664799982183093219e-01,-1.846768684935985894e+00,4.795920767630301174e-01,-2.791840180410549710e-01,-1.067418649792053920e+00,1.014846572302805727e+00,2.357362978473564574e+00,5.889276690348199672e-01,8.565411418443008573e-01,-1.275741592957174042e+00,-6.786282083837066326e-01,2.189245750165170534e+00,-2.115633182750701613e-01,2.352818055671152264e-01,5.012751857161807933e-01,-7.223561720188123036e-01,-2.990018009315725811e-01,-1.322680359016862872e-01,-1.494322708658875731e+00,-1.317460914607617495e+00,-3.112555763069093095e-01,7.144979984625628999e-01,-2.247610151933898126e-01,-1.017248291128167725e+00,-1.939264041594594312e+00,-1.752231663637102033e+00,-8.657548822115552767e-01,1.067003634807773604e+00,-2.304898699154342145e-01,-2.551496202170608907e-01,6.481238684441281706e-02,1.133763817835801380e+00,-2.495451950530281904e-01,-1.705007076946298383e+00,2.546711955651212556e+00,-7.622828829245021920e-01,8.041461805054467282e-01,7.796729158826824768e-02,-2.390959325161166327e-01,-2.487799915885722524e-01,-7.648824143253907248e-01,-2.558776179254896643e+00,-2.186681248719153370e+00,1.977740199198821380e-01,-1.361278519272818954e+00,1.160063321758511429e-01,-1.628560407493490902e-01,1.695133391824143354e+00,1.926299800429612796e-01,9.310025173461971768e-03,1.330224234385000592e+00,-2.055329596791076463e-02,-4.681935217210862477e-01,1.574858404477879725e+00,7.026582976567549710e-02,1.927630082927406674e+00,1.763996372884502339e-01,-1.131702983515289862e+00,6.109229220807361749e-01,-8.547730058151743471e-01,-1.097150365255389559e+00,-6.072564127793881328e-01,1.718763768949089776e+00,-6.216426387908149387e-01,-1.232212515108651374e+00,-2.992307687241539393e-01,1.162285061312730905e+00,1.115539737389518393e+00,-5.993469798153997635e-02,2.805809846261633211e-01,5.014888844163597481e-01,-4.619253718849891319e-03,-4.821357242241414709e-01,8.893844209594808925e-01,6.658052201260061809e-02,1.213011214824677220e+00,-4.701232369944181033e-01,-3.114497100882419045e-01,-2.552012366060658066e-01,-2.066813820643685684e+00,2.371709491923616187e-01,9.109794463079082805e-01,-4.605084053288708290e-01,7.527587911689928024e-01,-5.000353280075158224e-01,6.162938136862460281e-01,-1.722622376982262393e+00,-3.888872614635882630e-02,-8.179861511245630767e-01,2.212243636156517035e-01,2.216054877019320302e-01,-1.798345955274208041e+00,-8.540957316900423812e-01,-1.639473470456686233e+00,8.298249535749441241e-01
8.667744044125403891e-01,-9.366258546256678308e-01,1.169352652297712902e+00,1.064599717095914500e+00,6.215083332194886595e-02,-1.222076250372680306e+00,1.094345415410138633e+00,1.354507554611863007e+00,-8.106663967442435670e-01,-2.769867713997160585e+00,-4.290518545205352363e-01,3.128502925681647673e-01,-1.023266518729556207e+00,-5.516377895440630619e-01,-4.349016255102975403e-01,2.137259697733188413e-01,1.820419718052018743e+00,2.019872427430930983e+00,2.069621129119026404e-01,2.775288028458446354e-01,6.803065409326873869e-01,-3.303196096102202217e-01,-1.123853391377657385e+00,-1.041963866776554892e-01,-1.288226518627977102e+00,9.621332952910870429e-01,-6.170213049906646541e-01,-2.580213570135506673e-01,4.211134430145286461e-02,-5.289011621372344818e-01,2.021097907757674617e-01,8.136195761867389686e-01,1.531941924811071887e-01,8.195859710640400753e-01,7.715035390149136418e-01,-7.970721471605423103e-01,5.933509101069031622e-02,4.951596026284985630e-01,7.472872755140763656e-01,-1.227532375211957349e+00,-1.577489826092233205e-01,1.510959282083623512e+00,4.382559171965735856e-01,1.945032038424167942e+00,-6.640622679778571680e-01,1.361988462841219105e+00,-1.779078597995334687e-01,-2.009689589301587365e+00,1.274939478489250377e-01,-4.688146500640273939e-01,4.090063720529217295e-01,-7.348676285620496795e-01,-1.474302038034060791e+00,-6.510274580260793087e-01,-6.502311727844766187e-01,1.736262613605289440e+00,-3.551458920940864239e-01,-2.973387813161831317e-01,-1.125216825281173394e+00,-4.997004873240110112e-01,1.194119422415694798e+00,4.601531781303477286e-01,1.471953163767350414e+00,-2.271701816626919002e-01,-1.433990755483000479e+00,1.253150818874254835e+00,-1.575658448463672201e+00,4.465531667743700972e-02,-5.113682400601107236e-01,5.375788924612410202e-01,2.408268455566285049e-01,5.498951941887385564e-01,-9.003250368871748566e-02,2.106470302155512009e+00,-1.222090036032139476e-01,5.897839163754046155e-01,1.548385525326379408e+00,-2.315916743274291645e-01,-3.848861747173744075e-01,-6.323247588607743275e-01,1.031548086076859549e+00,-3.891850226797076706e-01,-2.404820630782220636e+00,2.454647010171520927e-01,-1.298572227482182317e-01,9.296834280384375093e-01,7.430981512414629175e-02,4.697280795506962314e-01,3.249483946523153977e-01,-1.741496316960633450e-01,9.222671875853905021e-01,9.558777573120810778e-02,4.217499478124892009e-02,-1.271194724331463410e+00,-1.095679142879703444e-01,-6.680224964098131490e-01,2.202615234981210257e+00,-8.874181621180543544e-01,9.757235685330297725e-01,-5.739089471114979801e-01
8.096382362484529915e-01,-1.589495981712788220e-01,-2.744412055132707251e-01,-1.397452190666115812e-01,-1.060142326293834536e+00,-1.241514523904453798e-01,1.642456861709582716e+00,1.776508474722475084e+00,-2.094502160573427307e+00,-9.621443367992961460e-02,3.240240136748495647e-01,-1.548775986375160674e+00,-1.646414876523895510e+00,-3.797702989921215577e-01,-1.474681188769332019e-01,2.075078327577654758e+00,1.844213764338560324e+00,-9.867258191317949956e-02,-1.293880103716739116e+00,-3.677509691335607012e-01,3.073221444441383898e+00,-2.006684578095385696e+00,1.518829113002223785e+00,-6.774475961325124862e-01,-2.231413258174962944e-01,-1.557138812176921183e+00,-8.420444342837163365e-01,-5.448378975176104005e-02,-7.784370077296276502e-01,6.710950317426462863e-01,6.004225105121862027e-01,-6.372919177841707139e-01,-8.211853171829592846e-01,-6.068438162679979930e-01,-3.952100628534987448e-01,-1.707163618400346250e+00,-6.011099632233464218e-01,4.777987756150463006e-01,-1.574979850361736489e+00,2.753814975777760798e-01,3.223152238501287292e-01,7.911008476176518700e-01,3.136431112223805884e-01,7.450635817851013476e-01,-1.744784807259308845e+00,-2.480425123307312685e+00,3.293231475982100198e-01,-3.499370396168731689e-01,-2.987979210028434696e-01,-7.218007788176082906e-01,9.631034656936728888e-01,1.209667347827747097e+00,7.399287015598322859e-02,6.912868921131949673e-02,1.178216561597467571e+00,1.531125952769889498e-01,-6.364879148568800549e-01,-8.192974208832961569e-01,-9.977864942940198878e-01,-6.591120539304539117e-01,-1.434405043159768800e+00,2.416400240417704570e-01,8.345379575939362304e-01,-6.786066769252135922e-01,9.972091394667685904e-01,-1.144704292600445372e+00,-7.549636075755474796e-01,-1.253756795529060941e+00,6.692169156745744751e-02,2.076667813715548372e-01,1.309075483207959856e-01,-2.585498446842282583e-01,-1.373527761978239781e+00,-3.178615587313861623e-01,-1.726947322480214542e+00,-9.479592533320517489e-02,-2.335089796032796539e+00,-4.334801182096140182e-01,-2.170046968483588579e+00,1.280466171010168130e+00,-6.308175180571232721e-01,6.788744183640004204e-01,-8.974158370154110553e-01,-1.804509191469267915e+00,3.302608815538068954e-01,6.110340019666852911e-03,-3.917881736932354309e-01,-1.053240205853631650e-01,-3.378826833721232381e-01,3.025366280096937199e-01,6.546853748797545891e-02,-2.476069157470036419e+00,1.607361646156308943e+00,-4.000617248160396322e-01,-6.464203349312073188e-01,3.541549556872641280e-01,-9.675107780168940019e-01,1.788049136118184057e+00,7.943009985538326823e-02,6.761857417937722214e-01
-1.181524210687886045e+00,1.776529420842197782e+00,2.334879050231885245e+00,-1.051810687712539716e+00,1.199143767226639179e+00,5.270569128465891762e-01,-7.370382946615023911e-01,3.689750180939580515e-01,-3.032601937333805342e-01,1.345540751895506038e+00,-4.509070213640996028e-01,-1.343200453847545328e-01,-1.548943944634987968e+00,7.282506252097327160e-01,3.157754939924673626e-02,-5.712492646689919518e-01,-1.191966786287426139e+00,-1.705154089452767696e+00,-5.549417827200141540e-01,-1.789233644420474167e+00,-1.121598136698170656e+00,5.989944109645355397e-01,3.316809048828893158e-01,-1.167434645237188429e+00,9.980502109193284399e-02,1.499357514150525539e+00,-8.389425593042800777e-01,5.166898761963198972e-01,5.239985457444827910e-01,-1.260306745300548759e+00,3.795463089179940130e-01,3.365893870270874055e-01,8.012529206930193437e-01,2.018876051166359001e-02,-2.229784046161680688e+00,1.760106113637601444e-01,6.600258303978399910e-02,-2.368039091033838917e-01,3.397631966921661473e-01,-1.317779062237151300e-01,-4.666083898465552826e-01,-3.325794120706754287e-01,-2.868559335188692883e-01,-3.181347944262182259e-01,6.106201483793000095e-01,-6.966793328077011127e-01,2.514487554663418223e-01,3.184316975471852135e-02,1.005878869886398519e+00,-3.406742746835987323e-01,-3.173862839415351189e+00,7.985823847394915020e-01,3.741368952072900989e-01,8.130976771989879559e-01,8.574456229773039784e-01,1.355985808445023810e+00,-2.384860564024361640e+00,-1.092359670036037400e+00,-9.708894097966790093e-02,-3.827804375804904624e-01,-2.427816449630348927e+00,-9.336349808587344201e-01,6.957312747067985192e-01,-1.389593275199750400e+00,2.865777541497999681e-01,1.319493194632475275e+00,-9.926493964708837936e-01,-1.196611829036384744e+00,8.798887710118483696e-01,6.653970303940731634e-01,-6.934022337204696074e-01,-7.428513065101272073e-01,6.648001507103062924e-01,1.674134876941343553e+00,4.744263248675469336e-01,-4.220689706328607516e-01,1.966504233599557283e+00,-4.570636202215694888e-01,-7.314479725897087281e-01,-1.497175688937995686e+00,4.847302666913516633e-01,-2.964014101330708986e-02,-1.523542359975629534e-01,-1.194071818967725046e-01,6.622506691853892180e-01,5.570407393756118264e-01,1.005154103229322304e+00,-2.632632587174464356e-01,-6.790682873265361241e-01,9.088576108256005703e-01,-7.878711708318134055e-02,5.788936524824986884e-01,-1.918747853151522575e-01,-2.583498156916019250e-01,-5.327180321511313377e-01,4.986925676786816419e-01,1.590241213531728093e+00,8.028928790239993063e-01,-3.511479926569188725e-01,-4.300116391334661836e-01
1.747177011586584228e-01,4.933860088614828165e-01,9.279807314472464652e-01,-1.005437346507848773e+00,-3.485715847687176350e-02,4.666057915126209932e-01,4.011552794745477241e-02,-1.682919049652781496e+00,6.915642050801590335e-01,-1.100748686188484982e+00,-2.641097196568728545e-01,8.028690658022802351e-01,5.398916011799552717e-01,-3.148823487604815785e+00,-4.290080789533739503e-01,5.504272585899813164e-01,-8.139937345449863582e-01,2.674147987474539967e-01,6.064531906074337453e-01,-6.356560322386364259e-01,1.015953005400552556e+00,1.182505955678650050e-01,-2.129614396819414779e+00,9.640628830633894975e-01,1.098233979062467058e-01,-3.063264369880195348e-01,-7.595735330934844098e-02,-1.392952253881692526e+00,-4.522396465590624026e-01,-2.026048173867581514e+00,2.503875697093951302e+00,3.097183238121712853e-02,1.232033246124515813e+00,6.426501447663279798e-01,5.358985569395947612e-01,-4.504964292943036130e-01,7.094249846136652105e-01,1.541273594156371329e+00,1.336575029156876204e-01,-5.507827150184960718e-01,9.155678920621961314e-01,-4.025992374162123411e-01,1.803299795659383475e+00,-1.055906749141927170e+00,4.770579263614763144e-01,-6.264460913969335798e-02,-5.708886274905141667e-01,6.164235223089492566e-01,-5.289619625956561988e-01,1.013143796537947727e+00,-1.737406705843029586e+00,2.076909868920772118e-01,-1.218326016906438936e+00,2.843993431405862915e-01,-1.720982567183442224e+00,1.771987697138261320e+00,1.466147151064997267e+00,-1.006140932863368143e+00,-1.791427948191227859e+00,-1.430938386651062100e+00,-3.391607232143485917e-01,1.117886486880963925e+00,2.024814166995822617e+00,1.310514176188772029e-01,8.236860607996129291e-01,-9.484541106900826746e-01,-2.305174824067957040e-01,5.152746863959655199e-01,-8.938636841870735150e-01,3.704228503293530150e-02,1.889361239307402879e-02,-1.305476613962445413e-03,2.790426563712400387e-01,-6.880324446124628235e-01,-1.701173923656184861e-01,7.583500072203995801e-01,-1.885368438983810124e+00,9.464107618261988208e-02,6.690338822609489533e-01,-5.015746183091835952e-01,5.789586803508250945e-02,5.977537769909897492e-01,9.942031495537280161e-01,9.861442282850598762e-01,-4.492265766817459260e-01,-1.346907336340232575e-01,-3.378396542598148811e-01,-4.330813030788245310e-01,2.659449865955810788e-01,-4.709978112075889900e-01,9.435971961042309564e-02,3.099276669463975620e-01,-1.097815359323837558e+00,-1.433535237566316844e-01,-6.503634901968634585e-01,-7.481758120147358193e-01,9.211461470365798210e-01,2.161664905575906293e+00,-1.425944988754815679e+00,-1.725784775034984397e+00
-4.512797700636395071e-01,-1.868325487608042179e+00,2.910127670932214847e-02,1.436753750420417253e-01,7.831981428847069049e-01,-2.396989467012841657e-01,1.209004423218561275e+00,-1.519956456241283727e-01,6.961806671410786240e-02,-1.561734401042376819e+00,5.886778043315783471e-01,2.363288034104095381e+00,-8.478767013345701598e-01,1.550837326371795055e-01,-7.416219756928472684e-01,-1.310273596971395449e+00,4.316034619993427413e-01,8.193781207929795585e-01,-1.165680601822874918e+00,-1.493966121586023377e-01,-4.831851988456711822e-01,-1.401827748617622493e+00,6.349244370277024041e-01,-4.321734299107033994e-01,-3.357019888338592661e-01,1.484230185664421331e-01,1.196742571382889420e+00,1.599545729248710080e+00,6.097161343922250509e-01,-6.981345521853857816e-01,1.004769160877096557e+00,5.391898158353006787e-01,-2.417568213516183118e+00,5.780692539183094336e-01,1.694659607085349240e+00,1.203851154168867676e+00,9.507793225610461363e-02,-7.212535119738282263e-02,-2.103681939877621421e+00,-1.198168208809494040e+00,-7.695079094743681458e-02,9.454627448496627506e-01,7.874669506973467348e-01,-8.188530047114644939e-01,4.821743499612344275e-01,1.782303736799071281e+00,1.067619230581983381e+00,4.856891773906226173e-01,-6.746138563785094577e-01,3.355674432305824628e-01,6.937089890057691610e-01,2.413144473121494049e-01,1.312566568177068183e+00,1.150231943172835614e+00,5.731021312726642530e-02,5.567926031854089075e-01,-1.973517952602187986e+00,1.349105034328696329e+00,-3.196454951105217046e-01,-1.283592631343277723e+00,1.847959225429446128e+00,-8.742339295191174919e-01,2.959440696823285588e-01,2.513248891223849313e+00,1.176797915618021939e+00,8.909153222253017868e-01,-2.353919812332245232e-01,3.747173181316551527e-01,6.191994066428916366e-01,-1.173509918617477776e+00,-3.129716002278053466e-01,1.197733811597391007e+00,-2.952352365812336288e-01,1.073436397971219591e+00,4.809753206376397028e-01,-1.253908545883981873e-01,1.029333010627855316e+00,1.529899888741224956e+00,-1.172007797602733908e-01,-8.003618015128934060e-02,8.286589377138112722e-01,-1.540886092463224832e+00,1.324621375019352162e-02,5.092257902201612341e-01,7.407615007690526721e-01,-7.317244612568590822e-01,-3.332285966389579301e-01,-1.005987716553672362e+00,-4.595593736873797575e-01,-2.422921549268000074e+00,1.500002273163546285e+00,1.294251681581013724e-01,-2.427020649260206719e-01,2.944617617724758496e-01,-4.002537764645586749e-01,-5.108285764957223862e-02,-1.580258785150261858e+00,1.210300232907230766e+00,3.104259312177212737e-01,8.385125063239676213e-02
-3.718099908495110517e-01,6.680241253514736244e-02,1.800402537062715802e-01,-7.460288108225725523e-01,1.844094744585337287e-01,5.771119968731297512e-01,2.118962428787958707e+00,1.776073780293180970e+00,1.701450243547607266e-01,-5.491131455410240836e-01,-3.376761508355179853e+00,1.209938891961246155e+00,1.289549416562594031e+00,3.827360366076075771e-01,-2.484053752083775990e+00,-5.755178799006526180e-01,6.902792185140613768e-01,2.505280592921758087e-01,3.434969187434998017e-01,1.186623227760728705e+00,-5.694617179899154058e-01,1.433555521651828757e+00,1.424773168228394393e+00,-1.799751049212513776e-01,-4.509133323053214348e-01,5.662685676891404674e-01,-4.593681250318418230e-01,-5.487326083365128282e-01,-5.049806439892328136e-01,1.867745249437050115e+00,6.690915315845845646e-01,1.591677088600740086e+00,-1.064180413489148380e+00,-6.529352588259724754e-01,-1.278043848201100507e+00,5.377667394903106607e-02,-1.673389850050132299e+00,-3.787635172384037352e-01,-1.352945003304547589e+00,-5.546128580951259490e-01,-1.021236501601044067e+00,3.321801465795542474e-01,-3.208663481157491004e-01,-1.336233449096276171e+00,-1.538789913414583266e+00,1.018190618784922785e+00,-5.952818889840775229e-01,4.513345780374078409e-01,2.135850849484439429e-01,-6.812758948603242493e-01,-8.235940193499275974e-01,1.617927016785285943e+00,1.443509061047821174e+00,-5.896372186655691738e-01,-1.267435909868236177e+00,-2.044999989228272419e+00,1.537352707370177318e-01,-8.349347759903571475e-01,-6.050751713850489599e-01,-1.221471044413159568e+00,1.185468142734163871e-01,3.670763885127358850e-01,-6.760985408183231016e-01,-1.894009820654323883e+00,1.838552042059285574e+00,-5.594460337845489351e-01,9.701612407126387894e-02,-6.812860819882542440e-01,-1.282584407172847163e+00,6.520663997083495644e-01,-1.283602966189298256e+00,-1.582592574435595978e+00,1.490584126159375522e+00,5.912828034246264686e-01,2.311691251633793076e+00,-8.171182806538364041e-01,-1.645628820450644847e+00,-4.114170718952158690e-01,-1.263837311623511983e+00,-1.295637987640613220e+00,-6.436233915003816142e-01,6.781166728932561671e-01,-8.418101711858337888e-01,-4.897452714247480521e-01,2.282530174161874481e-01,-3.009219663356044183e-01,-7.662227319732859421e-01,-1.366339066085190845e+00,-1.448624388585680434e+00,-1.002890111178595500e+00,2.139100051847805661e-01,6.461084280615204678e-01,9.962604268368734084e-02,-6.018182080110486831e-01,1.272027050314327168e+00,8.110742612106470739e-01,-9.038264558386448488e-01,-2.329554007764394807e+00,3.916319971858051030e-01,-1.995220441582754134e+00
4.215081878886712818e-01,5.051483770462762424e-01,-1.185741244319427207e-01,-1.561678855875748173e+00,-1.034036230597920270e+00,1.256898317449137714e+00,3.644508799056383336e-02,8.875636992667722547e-01,3.871263420449741477e-01,-5.536978104160382719e-01,-2.035738350491858029e+00,-6.831262354396339109e-02,1.578695608817841656e+00,3.602210237826475869e-01,-7.205324637014776101e-02,-1.134027096643329013e+00,4.117759195491218494e-01,-1.159872727420614424e+00,-4.172270810360186877e-01,-1.703642023547536077e-01,-5.842124243244635196e-01,5.735312158935131910e-01,-2.250152223918308714e+00,-1.955015399200075832e+00,1.292028839253284600e+00,-1.457420033268854276e+00,-1.189713785522666267e+00,1.111504006232843927e-01,8.752441865503053364e-01,-7.697333311843221892e-01,-4.600721375830912341e-01,1.833985490447999744e+00,-2.959828343334967027e-01,5.569261241467751145e-01,7.065341936656260868e-01,3.747687410060882018e-01,7.135078690782438449e-02,-2.239300991625052251e-01,2.738355029071784519e-01,1.079243038483342493e-01,1.143220910183507355e+00,-5.347200403083185449e-01,-8.922422688268923929e-01,3.241550781348587207e-01,-2.025858188875738763e-01,1.515703529478889866e+00,4.127775745491005788e-01,7.133455566226395428e-01,3.447804012953354369e-01,1.363528023048731219e+00,-6.602677661825911981e-01,-1.918832848658948320e+00,-1.459699519027626569e-01,-2.647996007236618765e-01,8.478822166373934932e-01,-7.898513583205333255e-01,-2.503100956146180334e-01,-1.690663500261950225e-01,9.314853116553413193e-01,-7.633076921252596181e-01,2.208297644554129580e+00,-2.538195108883941065e-01,1.358549371590744403e+00,3.918221253211539579e-01,1.054023804633284378e+00,-1.316431587517972845e+00,5.630237523361025787e-01,3.034024768888682333e-01,1.382734657004778933e+00,9.070022362917951053e-01,1.399638415978691430e+00,1.205656131014892996e+00,-3.817028232738748916e-01,2.266826114798273561e+00,1.836752789239915806e+00,-6.058692308044700409e-02,8.540355601814650921e-01,2.241444008459485993e+00,8.487120631646076774e-01,3.498298933286129314e-02,-6.295156682456194419e-01,-2.473288382962450793e-01,1.208043829532644997e+00,-1.096186371246947733e+00,-4.624885366195259362e-01,1.123397371883997353e+00,8.165878202349707848e-01,1.545484161049920369e-01,9.530412160474217576e-01,-5.276051381875075386e-01,-1.066500119265007873e+00,-7.639370858350451599e-01,8.937890791032581106e-01,1.108611084643044808e+00,-1.150334687071447315e-01,-3.225387266427495181e-01,1.717917881215048848e+00,-4.237595921134128529e-01,-6.080786780811791026e-01,1.310534508029667089e+00
-1.592117596617418807e+00,-2.809454476542396772e-01,-6.075057263977174937e-01,-6.078959725259207580e-01,-2.387550167620876296e-02,-6.682132006980062711e-01,7.620429141760481917e-01,1.494452635479756875e-01,-8.874662701671498510e-01,-8.093387875242473717e-01,-6.701775294344949341e-01,3.005212148071516043e-01,5.633845303068095722e-01,6.025101224600676320e-01,-1.211691107627992092e-01,2.011831822956994920e+00,1.606002134132142045e-01,-4.372543381317121614e-01,3.936224332099346745e-01,-7.021365524031385197e-02,1.100785536403113163e+00,7.483464824288869055e-01,-4.470907200884097765e-01,-2.593365426250698325e-01,-4.462821254076487776e-02,-1.044037870914859244e-02,-2.254144135473110100e-01,4.544641794204454244e-01,-8.564203208763403463e-01,-3.922255550967265747e-02,-1.545947838175193212e+00,1.220757098421650033e+00,7.971138514328373059e-01,-1.259108123610310992e+00,6.059595061157458940e-01,1.730928763174491292e-01,1.727197814747204019e+00,8.989772148865291523e-01,-4.125491104783458041e-01,2.047591095879142953e-01,2.612664007845474923e-01,4.985841477426217749e-01,-1.707054295005509870e+00,8.502847101075994285e-01,6.682404681289902948e-01,2.754970350646611110e-01,1.929110687361761611e+00,2.751060787685545919e-02,5.132333454586668342e-02,-1.604581634537787682e+00,1.455116916616203682e-01,-5.599883950254889164e-01,6.889826271006038727e-01,1.042379702561761823e+00,-1.720481244818949484e+00,6.755187637458907046e-01,2.101410576360357663e+00,-4.357105251377500488e-01,-1.320422230737818003e-01,2.417129575756895854e-01,-1.059930189818594881e+00,-3.073091061060137519e-01,1.162602198758932337e+00,-8.192253344135923543e-01,3.122132085362001042e-01,-9.033722209038019813e-01,-1.464664677286731942e-01,3.208648286895268709e-01,-1.060265855862633777e-01,-5.039630497331077930e-01,1.850877052268651068e+00,-1.720835409395174986e-01,-1.424202265794819899e+00,-1.174332298150365217e+00,-8.596533426371502085e-01,-1.960858778065920349e+00,-8.562467013646860581e-01,-1.470037249353759234e+00,-1.637846749805602631e+00,-1.240361068158718494e+00,-3.566446603184704189e-01,1.310437305721362522e-01,-1.359326446932761778e-01,1.392848411822158461e+00,-1.341531658409879757e+00,8.007910476155959134e-02,-6.475195205448810443e-01,9.969839002013649587e-01,1.929333512268776030e+00,6.785734181950962007e-01,1.975281758736688653e+00,2.603736762626972512e-01,-4.128836163671896486e-02,-8.626845222750721964e-01,1.254260226349529939e+00,5.934279135537051664e-01,-3.047316109542839158e-01,9.487604316433064788e-01,1.879093372742184076e-02,2.221532244541848250e-02
-1.154031548279350172e+00,8.968122167956389390e-01,-2.492593108136461344e-01,1.364588401495380188e+00,-1.784318791409924554e+00,-9.350356201133057654e-01,3.681433450612020541e-01,4.282239046462960608e-01,-9.976505856960191654e-01,8.925704392801874221e-01,-4.164733346492632271e-01,2.035291723486092774e+00,5.865552710487925703e-01,-8.858447355297549564e-02,1.100962474518639933e+00,9.167625164687456252e-01,4.296086853446112741e-01,1.286962859109836987e-01,3.512878309117015152e-01,1.350459573413427927e+00,1.441748681588154835e+00,9.046244949634144605e-01,8.808588412741199525e-01,9.350178917298014314e-01,8.262379452041824779e-01,-1.544806496797055950e-01,3.343511618632072913e-01,3.476050598357174337e-01,-1.727440355223952562e+00,1.331670883284805429e+00,2.106223362158851753e+00,-4.569352764619649676e-01,1.029940903733411323e-01,-5.697094175219987594e-02,-3.852926294213652736e-01,2.247156558104420387e+00,1.682662921934555411e-01,-2.409892596773199447e+00,1.702132661506924327e-01,1.097469889283390510e+00,-1.688758046866750684e+00,3.021307585737594836e-01,-1.051056348556757447e+00,6.407382511112962309e-01,-8.516711987272486128e-01,1.372710734476353833e+00,-1.125195992191738714e+00,-9.395460668546099514e-01,5.887046804727544963e-02,1.545409860449753703e+00,2.168973753743571875e-01,-6.981731875680365906e-01,-1.840283142490991342e+00,3.245866232731529077e-01,1.693371715920271692e+00,9.504426002737992318e-01,6.056149842263264249e-01,2.966542267623816231e-01,7.683271682952649284e-01,-1.644818531030128221e-03,-1.472023951453687474e+00,-7.715761933130962369e-01,-4.402563532366566834e-01,6.694660395273225317e-01,-1.012634794091890195e-01,3.689717133960969120e-01,1.731206226652401314e+00,3.553752187926809136e-01,1.321826249124206765e+00,4.101481814962305017e-01,-7.659204783758442048e-01,-7.776795417157748025e-01,-6.893791050630863060e-01,6.549214277385126959e-01,-2.263492303105583137e+00,-1.694538767615237473e+00,-9.983991005806993613e-01,-5.726278253499680337e-01,1.844615756542419271e+00,-2.043909550773434169e+00,-5.224092819833144885e-01,7.985246572765418438e-02,-4.868561394135459963e-01,1.368989284254050309e+00,1.268879567399136370e-02,-1.742247418323418007e+00,-5.284437394426110268e-01,6.897537918742311369e-01,-9.780710145183731941e-01,2.673992879576168602e-01,-5.140540771543578025e-01,1.257297183674456642e+00,-1.315278354598324873e+00,-4.171788227185069253e-01,-2.308149265029155184e-01,1.406441092944221039e+00,1.158456231077941601e+00,-1.524046889478614775e+00,-9.841487570772088356e-01,-1.652540640080100598e+00
-5.595184100184092957e-01,-7.654940915966974568e-01,5.911013813195684641e-01,-6.976829280310918868e-01,1.055842106742996389e+00,-4.650628808813971893e-01,2.201865019824597591e-01,2.914895512241252873e-01,-1.617494923308466503e-01,1.168591766557996792e+00,-1.651973120323830813e+00,1.081521982233207835e+00,3.190294330925524946e-01,5.526117540294418484e-01,1.770573270199218563e-01,3.451793922645909896e-01,-1.282153119014020626e-01,-7.234908962400791177e-01,-1.197502321307510886e-01,1.909831774764078338e-01,-5.429057181781045127e-01,2.847295116637796664e+00,4.455025782215746299e-02,-6.791479267087371374e-01,-6.085025228135652053e-01,-1.620443332098747413e-01,1.053161568125910108e+00,-6.118089416087629795e-01,6.012755406794803026e-01,-1.498214016344098898e+00,-1.574583822974993330e+00,7.964009682977097881e-01,-4.255137898819582598e-01,-2.695548665666690269e+00,5.568471262920358100e-01,1.049585862566450034e-01,-2.930335649979137758e-01,9.451799088200449894e-01,1.160580295609527246e+00,1.395156291836938456e+00,-2.425813436620258001e-01,-9.189172166646442097e-01,1.098902280838325168e-01,2.901672193908882424e-01,3.203765719891140673e-01,1.469529652360953773e-02,-1.544864891554136588e-01,-1.028098072050485090e+00,-1.588943028804905122e+00,-4.294673599251704887e-01,-1.776097109524900297e+00,-2.337332224362684840e+00,-2.256077258590830914e-01,-9.761412916156708697e-01,-6.817871878023420429e-01,5.364662458590918614e-01,-1.503378471292095286e-01,-2.309082257297887519e-01,9.109101736057975129e-01,-4.133019935132983269e-01,-8.248568003970145612e-02,-9.850384995676211286e-01,-1.497342400940731455e+00,9.355860218222555869e-01,8.429479627639950567e-02,4.389289578882106801e-01,-1.235701331709836204e+00,-7.195703307404941462e-01,5.497477413580263983e-01,3.669527147085402397e-01,2.742833971788571912e-01,-1.386006792371992979e+00,7.166295596214105057e-01,8.003989096887360599e-01,5.985324501608693115e-01,-1.890987811142378072e-01,-4.483976675956641116e-03,-1.438452795158351893e+00,-2.900419760416466652e-01,-1.551713702906937442e+00,-3.778304255852595328e-01,-6.785694218785473519e-02,1.274892476584053247e+00,1.639860163257861769e+00,2.060589450523342414e+00,-9.060405672530814636e-01,1.975996208478459693e+00,1.010895129616916632e+00,-1.388515673857112498e+00,-2.947656021277012539e-01,1.320798793750411759e-01,-1.092418437713796653e+00,-1.826434048093023566e-01,-1.025722905283709546e-01,7.446607059187664301e-01,3.318803163666246836e-01,-2.598503841617836319e-01,-5.787070546858356090e-01,2.492740497963301660e+00,1.839865134946402636e-01
-1.318823977557170402e+00,-1.662235072204383823e-01,5.376101452473240894e-01,6.137807538158032150e-01,-5.873977314347064160e-01,-5.555937247019353542e-01,1.243610022494689327e+00,-3.041640907377151093e-01,-7.798487305931212088e-01,1.377782224812917233e+00,-4.650727206481701237e-01,-4.961299155087497414e-01,1.341418262351895097e+00,2.429722582934939479e-01,-3.102393902090211930e-01,-5.225210367052828264e-01,9.092669283300197636e-01,4.607560829064887287e-01,-3.643888139658424397e-01,8.780331059331933918e-01,-2.479537378444975626e-01,1.422416017750555324e-02,9.193660466341072590e-01,1.868685735171222495e+00,1.294343150718118673e+00,9.561274408581016404e-01,-1.074726246555933962e+00,-1.818592387575179437e-01,1.682929474999639574e-01,3.209176963917915071e+00,-6.161028803022887690e-01,-1.432598189632652064e+00,-1.424147872684644156e+00,-1.038717055131473499e+00,-1.468440521855638004e+00,1.337295041002625640e+00,8.286716240913994946e-01,-2.020432554117623514e-01,-8.655858662034250361e-01,2.563405669305962586e-01,-9.233366405896347162e-01,1.833292884586800731e-01,1.478786273181975419e+00,1.593434245049352160e+00,-1.376222601842669313e+00,-1.238031005123555683e+00,-1.607471002318770770e-01,1.159023025586610522e+00,-4.549141358889167153e-01,-9.675502917289428018e-01,3.303273749491206779e+00,1.694713233383999818e+00,-8.473816202387739471e-01,1.093577004591651081e+00,-1.254425260472763037e+00,2.504200160136395570e-01,1.400102383260832584e+00,-6.594730963241098864e-01,8.344604226312165585e-01,1.279170628238006646e+00,9.692465995763963060e-02,-1.259052862895099878e+00,9.511385606302918960e-01,1.985732494235486811e+00,1.185672109913896710e+00,8.159657869947611886e-02,-9.447312981350506345e-01,2.748356102692514624e-01,-1.068957717531027196e+00,1.482771350321636428e+00,-8.767246466277336392e-01,-5.202732082174573724e-01,-3.534403216886686239e-01,2.444596573274944618e+00,2.090225612189560989e-01,3.321443495731523643e-01,-4.600929770460829293e-02,1.975406426279957772e+00,-1.493322496830444823e-01,8.480113641606222830e-01,-9.240842631420682629e-01,-2.633543818398047520e-01,-1.707355963413982991e+00,1.048976091738612615e+00,-2.946076370451426452e-01,-1.436524102399492131e+00,8.344178659804587506e-01,2.559534590784759533e+00,7.180814642093199529e-01,9.679702677324417692e-01,5.250429853524395396e-01,-4.080251492602630092e-01,2.282186637524204476e-01,1.502233715172325734e+00,-1.319093516585525538e-01,-5.699176326328160291e-01,-2.041480445563923496e-01,2.205118742860398273e-01,-1.149399680780071042e+00,1.002901294394790588e+00
-1.514992646767755746e-01,-8.032810301185945301e-01,2.907719508071355263e-01,-7.505156911236967598e-01,7.596022424818625884e-01,-5.000822076395950999e-01,-2.959207198416842488e-02,6.849317104332197648e-01,-9.264408143384521566e-01,1.355295776839776201e+00,-2.450292745025247076e-01,-9.780293210579831253e-01,-3.980251524457233403e-01,-1.408167788791554742e-01,4.461858574969128077e-01,9.743801565026684042e-01,1.506372594672792664e-01,-1.231481517764767997e+00,-1.952945487520537093e-01,-1.394183364167762562e+00,7.805554703094923497e-01,1.434726674012087866e+00,-2.046361690391287791e+00,-7.714567031172827605e-01,9.037931439691273550e-01,1.403261818555374685e+00,7.119542614747861875e-02,-3.456689587298685806e-01,-1.671786449283331866e+00,-8.982297753723651468e-01,1.719925187985044124e-01,6.478033539819008091e-01,2.433743968993998585e+00,6.689194970597980294e-01,1.668653081303844488e+00,6.164286458592701523e-01,-1.030172379961363793e-01,1.564370648997157609e+00,6.006369390512330542e-01,-4.717151397730120696e-03,-1.205611116314591613e-01,-1.439494380225537773e+00,1.728440093590904447e-01,-6.955361995833384547e-01,2.480003230470776199e+00,7.577815498312546749e-01,-1.124584532801598202e+00,-5.243180193615056828e-01,1.571628694945956140e+00,-1.675063409933070790e+00,1.164775827084560067e+00,-2.683969366128273193e-01,-1.499353957289967010e+00,6.511671972288331223e-02,-1.497303478765168894e+00,3.642342418324549524e-01,4.451773341496114145e-01,9.815709213932226618e-01,-7.457396802317226570e-01,-1.104653263508066502e-01,2.196923883317945803e-01,-2.527378542149950391e+00,-2.721351218687459092e-02,1.092845517868388017e+00,-1.635359856060235151e+00,4.287527925004537832e-01,-1.165455082199476466e+00,-1.930964904924053205e-01,8.216163182967818335e-01,1.225870800298822783e+00,-8.373045605109952216e-02,-3.078905049797825422e-01,-3.489866090957759459e-01,1.471521752216989887e-01,1.685506132557440251e-01,4.619793351937754866e-01,2.475177811833116692e+00,4.381603632114615676e-01,-6.045484052624590099e-01,2.273349555659009535e+00,-7.807597407037684123e-01,-2.940225097024362078e-01,7.022586710125885423e-01,-2.510849507588882035e-01,5.065078128524107548e-01,-8.723977171319116652e-02,-7.805289602201859189e-01,-1.319284322069685655e-01,1.192703139497739429e+00,-3.274497823582358386e-02,-9.330336196318166353e-01,1.079975296005023233e-01,-2.881666120175837786e+00,3.372589622013064670e-01,-7.526628601860409218e-02,-2.840599802585832556e+00,4.202530051903661246e-01,2.792148506203906422e-01,6.630840416868305498e-01,1.485679796412257003e+00
-1.224235351612050104e+00,-5.756035878659070404e-01,-1.807137026993923978e+00,-1.961420000793800134e-01,-1.102197013309704765e+00,-1.246166753684863959e+00,-9.841320190334803542e-01,8.025036038821188322e-01,3.280120926629301326e-01,1.515083565582144021e-01,-3.613431240495755259e-01,5.277571158305201932e-02,-1.890236792762201246e+00,6.572164080336022618e-01,-1.146614940882918043e+00,-6.773783720642748696e-01,6.312548994959746862e-01,-7.391280637052852764e-01,-1.712946969573016620e+00,9.946481589676379187e-01,3.572307313577643417e-01,1.001132007950743308e+00,5.843486170265524970e-01,2.751675069704392351e-01,-7.125770566264196804e-01,2.526829087779475014e+00,-1.647048760341356166e+00,-2.173209061368343242e+00,1.019253401220689303e+00,2.083845226453504562e+00,-2.897932237157122559e-01,6.132623478300690545e-01,2.667462449269035751e-01,-6.965906859753856484e-01,-1.266973996728827379e+00,-2.715552313982819932e+00,8.560286870834669104e-01,-1.628051629792806321e-01,-2.834031990358942266e-01,2.208195421974871731e-01,6.180307076976602199e-01,-2.600175465411989961e+00,-5.727004725662750984e-01,-6.536835068377256919e-01,3.142706812122604831e-01,-7.225468229428760880e-01,2.292595328538404420e+00,-5.188829797051096315e-02,5.350101272201028824e-01,5.191728995309808914e-01,-8.921590880811806068e-01,9.819606979854023088e-01,-3.997980055364098728e-01,1.085410805444884774e+00,1.465692595935920717e-01,1.192965008877542088e+00,-1.328735091838961102e+00,7.067004382540127416e-01,3.091772054075718201e-01,-1.592955601920903907e+00,-8.419682029494860442e-01,8.757168099959237173e-01,1.233536458812375614e+00,5.485350191735280934e-01,-1.232138650177192263e+00,1.582590305522703633e-01,7.794293922714313760e-01,-3.865482684746576747e-01,1.212141015618270590e+00,-5.387855040712017374e-01,2.379580059989425678e+00,-4.702576854761489900e-01,-7.762656267669865162e-02,-8.313244494330446210e-02,-1.092621867013339632e+00,5.201024210894981126e-01,3.266725514901409611e-01,1.429802939038153697e+00,1.195225550959235994e+00,9.926129047071253764e-01,1.363269014166602067e-01,9.405791897058828344e-01,-4.868098829462772503e-01,7.879343919955197340e-01,2.129501160885300060e+00,2.394688439567862204e-01,-8.098640294087392499e-01,5.459952430082080088e-01,-4.039511173319362825e-01,2.597667326859506853e-01,1.954056710754179527e+00,-6.685006467819185616e-01,-5.800342406226645098e-01,1.259542510280829752e+00,8.432350897532403522e-01,-2.316449115420910199e-01,-1.251582681830774701e+00,-1.791134273002210064e-01,1.013869576074208023e+00,-2.108314168437763481e-01
-6.393570932287100383e-01,6.817968534567250480e-03,-1.313277293416696745e+00,-1.422410277381245702e+00,-2.016832102385471170e+00,5.496526604745762823e-01,4.231103287370152066e-01,1.292175345320193625e+00,-1.325322860334618769e+00,4.098345909847444513e-01,-6.458708156573038650e-01,2.301695301431950114e+00,-1.390608307875865535e+00,-1.502822183715310178e+00,-1.482240085751489245e+00,-1.924229871803177172e+00,-7.921780497562484757e-02,-8.226516589646171163e-01,-4.060470377566019473e-01,-2.262827810518921456e-01,-1.841294956895070667e-01,1.646230698200501774e-01,9.460706983555772220e-01,8.358863810162908692e-02,-6.560598379228271826e-01,9.954800732983815070e-01,1.188661000686148883e+00,-8.865418552053915269e-01,8.826539687880277096e-01,-3.599900138062071542e-01,1.027935248635662102e+00,-8.013528452318881001e-01,1.723695712679657932e+00,9.001158810972402780e-01,5.692034402029372275e-01,-1.234222286884899322e+00,-4.574227585591521539e-01,-2.115137278151131284e+00,7.997402570319125381e-01,1.074623635085798501e+00,-7.102095887578342426e-01,2.993230437273624034e-01,-1.012943686037323321e+00,-2.633545551569427823e-01,-3.291739644842101020e-02,-3.075867062282043596e-02,7.865757077764742311e-01,7.472987019891365323e-02,-5.689639791839913308e-01,6.937483812633365998e-01,-9.799828615929526143e-02,7.375748566497193348e-01,6.903445037491454661e-01,-8.613308527185955521e-01,-1.196068432170440676e-01,-7.126667991567826599e-01,1.010222884824798051e+00,8.585085387489337083e-02,4.046221081938387032e-01,8.873991127336499085e-01,2.775915113991140437e+00,4.159160765637421459e-02,1.058987483407230368e+00,4.579492072592464269e-01,-5.290236237207688319e-01,-2.227227895235530941e-01,-1.127814283823403763e+00,1.173604073719197727e+00,6.250796506854628953e-01,-6.402287330072351512e-01,5.428606638969213360e-01,-2.549329386510585382e-01,1.089122887122151662e+00,-4.626138207845342798e-01,-1.526932765040702467e-01,-1.530874510319286674e+00,-3.442395485112516584e-01,4.609108107512276953e-01,4.684747989776252286e-01,2.594674143959916357e-01,1.062339763689042149e+00,-1.535915408257475967e+00,9.468526889088561826e-02,1.059188030842200812e+00,1.252077127108806476e+00,4.727272319353293395e-01,2.015707402903250609e-02,9.641070428063541753e-02,1.411503906508459805e+00,-1.068045203168905832e+00,-3.331248977787397147e-01,2.184762795840336589e-03,-1.353648472573647732e+00,-2.880842138170921496e-01,-1.287370980859172676e+00,3.857937451661251904e-01,7.502806434199368324e-01,-1.037877487407965038e+00,-3.007534207261478021e-01,-1.599673364158959110e+00
1.617256831928183480e+00,1.244647718978725948e+00,1.009118701830127446e-01,5.194365089829167115e-01,1.544889523461631331e+00,-7.108751538695855243e-02,8.460577457250063604e-01,-4.687476190908605456e-01,-9.189694380793028694e-01,1.003264112235768835e+00,3.441414049357181537e-01,-8.948423141195845920e-01,4.166419080910913064e-01,1.105613468625448598e-01,6.147606287233962075e-01,9.991292252430131748e-01,4.804106782501863654e-02,-2.073089193723613999e+00,-4.741601303351804519e-01,-1.007292178482128264e+00,4.103825479877624277e-02,-4.939430353713564759e-01,-2.286411185591413764e-01,-8.606388307129501092e-01,-4.118972011317283410e-01,3.586116164396374040e-01,-1.037733525926931299e-01,1.228811050667501376e-01,6.089044216058446812e-01,2.520874859431603277e-01,7.392181807165064678e-01,-1.446363072848334819e-01,2.085230602612358486e-01,-5.426788505095146986e-01,6.831003861108175812e-01,-1.215115629069015268e+00,1.042079219435503079e+00,-1.489986981931971988e+00,4.256607854425309423e-01,9.427109029768172554e-01,6.229548461303034967e-01,4.640124729456627239e-01,3.557658006947556247e-03,1.110872813822157523e+00,1.286546261927966173e+00,-6.411439894073227563e-01,7.662520125078466915e-01,8.875925844306711276e-01,-1.126100278661752441e+00,-4.460149360362151150e-01,2.621601733479821950e-01,1.821994993481886593e-01,1.116749445264910268e+00,2.475153268857284861e-03,1.895343017244907280e+00,-5.567645882841265603e-01,-9.520251820341969484e-01,1.582020440589765098e+00,1.390003214074637672e+00,9.682115132876955022e-01,-7.443567425584479702e-01,1.385963241494645004e+00,5.917537560104456640e-01,-1.433114295604542010e-01,-4.395903543371846856e-01,2.000456813053604899e-01,-1.074826775230237758e-01,-1.765260135281216947e-01,-7.152309777598925278e-01,1.298202535032784155e-01,-1.379536475786727889e+00,2.440036613249396136e-01,-9.012440665601029188e-01,9.291730483235969285e-01,1.700833040797265605e+00,7.502516303125700281e-01,-3.935029095052371972e-01,8.426238042522437022e-01,4.036348147137647779e-01,-5.219019854442743522e-01,-4.883698028375451083e-01,2.078788108827000769e-01,1.181512703311269119e+00,3.958806339022950538e-01,-6.033296503668432731e-01,-2.485203568290307585e-01,-8.624163621924841872e-01,-9.896593694025033194e-01,-2.306962426998457674e-02,-1.580310469198783263e+00,-2.935517750487158239e-01,7.368355829350377306e-02,1.099274232431694642e+00,-4.139091017871230349e-01,1.323824021135199036e+00,4.231008163767309704e-01,-2.105067445193624653e-01,1.703044794032066100e+00,1.628760322509035241e-01,1.052527334915845048e+00
-1.042808325066645780e+00,-7.710212951376460566e-01,1.523698060516847086e+00,-7.687317300994555014e-01,1.109173453794388919e+00,4.242895350650918163e-01,7.732188538173242476e-01,7.134071624476129737e-04,-7.448590157852724714e-01,9.901659135746715412e-01,4.094786774586375300e-01,-1.281352451265811432e+00,-8.998385786008770149e-01,2.645302257394213652e-01,9.849327449503232634e-02,4.220614099466084568e-01,-3.145476115411967033e-01,-1.646072919091061681e+00,4.166618858862902175e-01,-9.899630177422652499e-01,1.904615569561051380e+00,-1.234242176145200265e+00,-7.600992379648442432e-01,-1.049248029608569110e+00,-1.592409328461016793e+00,-4.296038390881453534e-02,-7.874403922226785868e-01,5.417053510479036271e-01,4.338868615618015623e-01,2.881809196048751076e+00,2.960806560120468611e-01,1.584105366491314060e+00,-8.158364434872902304e-01,-2.390683220882752757e-01,9.342655722739723334e-01,-4.954307325661290173e-01,3.998065199966537864e-01,1.567619970152895670e+00,-9.178787331994621157e-01,1.424385127382271354e-01,1.347516497923261003e+00,2.951451967524881259e-01,1.579822570147138228e+00,-1.846858716857615157e+00,8.311537797111837600e-01,-1.063854462975703186e+00,-1.956798626781780293e+00,-6.471859055248734283e-01,-5.285817321580298378e-01,2.484593103560305827e-01,3.265782905110943823e-01,3.247062573454831957e-01,-2.941356966324776834e-01,1.066984235361230215e+00,-1.883050090041623326e-01,-4.110123772812604437e-01,-2.942116725150685230e-01,3.874309866379960776e-01,3.525890504797511982e-01,-2.049148685968690486e+00,-4.876060814846574498e-01,1.516764923868062942e+00,-1.028380951301812285e+00,8.623766641418765255e-01,-1.929096734639242472e+00,1.624706001320132209e+00,-2.198105813035432232e-01,-1.161446690944573312e+00,-1.220564946919226790e+00,5.615427152197450811e-01,3.895560898075007827e-01,1.456465334648331666e-01,-5.092613395918000885e-01,3.754454780781636969e-01,-1.187507657958924989e+00,2.088178992900519670e+00,2.366356805420145815e+00,5.583932431923738227e-01,9.634111298627292541e-01,-1.177402952633855637e+00,-1.281615720787123158e-01,7.537387562126268703e-01,-1.130813648388970805e+00,-2.668123596441183576e+00,-1.395387997025085092e+00,7.178157760278167654e-01,2.673992906444978557e-01,-2.950260021438179669e-01,-1.298036207348568061e+00,-2.065043290181551860e+00,1.111507635744269695e+00,9.661980147843633737e-02,-1.490120842553425362e+00,-1.148234841499430198e-01,-1.725734646642003378e+00,8.536530668986302972e-02,-9.089896196484084090e-01,-3.448585499905381657e-01,-5.348445729770673340e-01,-2.143883030024966441e-01
-2.222589901060371798e+00,-1.152748909749637951e+00,1.921673466172501454e+00,-6.448877103469363714e-02,1.322823727470934241e+00,-1.346838322661463749e+00,-1.568128053891084672e-01,-1.030475472491324679e-01,7.024168491878802767e-01,1.630248175325021753e+00,1.384948910480447437e-01,7.722540502276576957e-01,-1.618690933544766897e-01,-2.105978145485168707e+00,2.012180561549159918e+00,-8.616876468634783459e-02,-7.216574739660301940e-01,6.285533199802687543e-01,4.596488222512211674e-01,1.652932135863046381e-01,1.642549845673840991e+00,-1.671959527443909188e+00,3.447555346190903092e-01,-9.395659145368917553e-01,-5.688031440607780320e-01,-1.911899975917958350e-01,3.996389614094458254e-01,-2.579532459386388310e-01,6.485177609658189339e-03,-1.002952694899981623e+00,-1.594083601693649932e+00,5.262791334336294202e-01,1.155322857514793355e+00,-2.636068470482077347e-02,9.713897308706729294e-01,-4.982513856345622272e-01,4.001674542280449498e-01,1.767526402814301179e+00,6.502335504464626936e-01,4.798838546741294731e-01,4.913513406134951134e-01,-6.958007818453215698e-02,-6.387499447346576265e-01,-1.462934896544770824e-01,-5.538606779117614259e-02,-5.725639237807110815e-01,3.416800879237350541e-01,1.980391898554692220e+00,-1.102090854895834582e+00,2.098691781833279535e+00,-2.259579336758712031e+00,-1.362075580685727198e-02,1.518832468884429021e+00,-2.769601614253805466e-01,8.798458842564761406e-01,-1.442018841646245830e+00,-4.869098501564416703e-01,-1.224903944751588813e+00,-1.283783877092687931e+00,8.384065431623415332e-01,6.442778080693275511e-01,5.698301896091769736e-01,1.594322982183885351e+00,9.183433841143138210e-01,-2.009479239073913848e-01,4.079222357812625210e-01,8.280741589927773649e-01,1.978627506646404743e+00,-6.871479580722742453e-01,1.100107090578052116e+00,5.673606072454653315e-01,-2.202988298605560447e-01,6.831695060028497579e-02,2.286138921673272151e+00,2.483286303423996519e-02,-5.059558887371532476e-01,5.297337845370726495e-01,-4.023437779860190577e-01,8.962062079594518282e-01,-2.174169040731188218e+00,7.809243913962852883e-03,-3.892545901882478177e-01,-2.066122659571791864e+00,1.042799993059298602e+00,4.931374038309856989e-01,9.349303659070821171e-01,-4.007694014883756428e-01,-6.877827615436276076e-01,-1.832110210105753811e+00,-1.875592665570107620e+00,1.486420181241094651e+00,5.356673204872397509e-01,-6.987220671619737145e-01,-2.231959555687824115e-01,3.649420013341821978e-01,1.892115395655216581e+00,1.524252781446154614e+00,4.197273734257594424e-01,-6.287864165481857337e-02,1.145184848910937081e+00
-2.002894966862920623e-01,-1.362763756956715477e+00,2.885540724290800996e-01,7.845863205043650535e-01,-9.344902872707393504e-01,-4.506771112950626046e-01,-1.823567764235336786e-01,-1.413503667855531942e+00,-1.421814527245377269e+00,-6.497335507161702273e-01,6.849097811810019865e-01,1.019170448405844365e+00,1.594343963689677790e-01,8.797285770246152659e-01,8.934211643678561243e-01,1.621601323631204350e+00,1.318940767596431085e+00,1.008637010629217290e+00,1.071181159731860566e+00,-9.689403545411291452e-01,-9.992002924146155263e-02,4.941970176591226060e-01,2.824373079661344765e-01,-6.354387530295978470e-01,9.551778777913013663e-01,1.039108399774514080e+00,-1.108309006641981925e-01,9.467894656586110791e-02,4.492371751381484812e-01,-9.270293119742123444e-01,-9.101568795920570443e-01,9.396393470371454393e-02,-6.806088743172827860e-01,-1.722220456334085492e+00,-5.116533037271021600e-01,-9.955563602168155946e-01,-5.352834997812279116e-01,1.039788865102293958e+00,4.413550571650148302e-01,-9.575788850830099230e-01,-4.927174022065151926e-02,-1.137549441837154424e-01,-1.221836978770362153e-01,8.247511734224829416e-01,1.517415700341065765e+00,-6.511055242533521081e-01,6.213666696125578343e-02,9.567631443873456654e-01,9.094478137260574302e-01,-5.049416532691823611e-02,4.684450259445229192e-01,-1.573618280840922035e+00,2.652833182276407964e+00,1.137456508529099075e+00,-1.845669580509351204e-01,-2.177760269051079445e-02,-7.035636964306588026e-02,-4.938528907122968770e-01,-3.000362351029839947e-01,-1.245080405085362552e-01,-2.011557028678784553e-01,2.530882371198082681e-01,-1.006484883873981634e-01,1.927978418126846394e-01,3.969546814667692103e-01,-1.105042082850024920e+00,1.092583479556634485e+00,9.874834124882084785e-01,4.478333122318432502e-01,2.321901768821688083e-01,4.455573312173373157e-01,-9.652211554154786766e-02,-1.123225031115759887e-01,1.090233980206252840e+00,-1.438764301874257745e+00,1.727384061020355688e+00,-8.155644751045697527e-01,-3.796899162392361471e-02,1.849781315280706884e-01,-4.360734439506925297e-01,-1.468922181095229318e+00,1.168694446086482763e+00,-2.119063036171080772e-01,7.453920603222069508e-02,-1.098428327783557812e+00,-7.243317322085078835e-01,1.145696119226206511e+00,-4.557434954421417661e-01,-1.307743514332489587e+00,-1.857486953057642776e+00,1.294785032378410916e+00,-3.697344218747765643e-01,-2.066022897082045784e+00,8.203741692389640017e-01,2.229013549488871870e+00,-1.406724077200223189e+00,1.113164751941028291e-01,5.356367609965022591e-01,1.313412143661100116e-02,-1.375703697985522833e+00
-6.502633850555493700e-01,-1.328228835233984384e+00,-1.062474015300097996e+00,3.778338275710085292e-01,1.358438238172238632e+00,6.322160987237962493e-01,4.412357842617188330e-01,7.973364004391665372e-01,2.820841562613325970e-01,-1.528507932088201127e+00,-5.587682774294167043e-01,-5.624932302233189851e-01,-2.035665064301260596e+00,-3.972392383052797959e-01,-7.017882577666938460e-01,8.352358274953173775e-03,2.628444514752294459e-01,-8.938560582856477366e-01,-1.703686282229285531e+00,-6.089302628310572230e-01,5.099789926409498131e-01,-8.456630482327555098e-01,5.280845182887771161e-01,-1.423113216099990197e+00,8.092551305711415122e-01,1.013376149163589979e+00,-8.759674120592976232e-01,5.582300309475601852e-02,-2.858653508553577360e+00,3.593720643603010023e-01,5.819699441029408948e-01,-2.447629649408997708e-03,-1.078728678828611232e+00,1.153334288492370741e+00,-1.751682407550535225e-01,-7.911578083617311352e-02,1.583190967663902216e-01,-6.305748245756063186e-01,8.402506176349090472e-01,-4.980752678726126370e-01,4.363989450442032902e-01,-1.085446835685574651e+00,-6.916207572135180115e-01,3.489383576646991614e-01,-8.583366218099904854e-01,1.659206212654279256e+00,3.280226445354959552e-01,-4.378588688573135657e-01,1.102321287952745310e+00,-5.644170089545627045e-01,1.652575870087093501e-01,-9.748771332358723285e-01,-1.072086157292489600e-01,2.620299043720227816e-01,8.427114012806872223e-01,-2.840778532739799966e-01,-1.447932529508108246e+00,-5.607649012340463202e-01,6.017862730762610912e-01,-7.267501629968722288e-01,-2.342742396851962838e-01,2.520875987881273650e-01,-2.709822174854120136e-01,4.124481692317161219e-02,-2.820399440761172105e-01,-7.779721843383538005e-01,1.238674761123741197e+00,5.600380329802808754e-01,-1.509525693234765598e+00,9.883977916308331890e-01,-3.981275722325648969e-01,2.721360362743798778e-01,-1.051897696274442379e-01,-2.643669171333652201e+00,4.328464014685885763e-02,5.975551864396201340e-01,-1.756492124895567830e+00,1.431662562371797343e+00,-1.576062099931440919e-01,1.088444011132599920e+00,-1.258466810654245371e+00,2.940233940317221184e-01,-2.256947235671608321e-01,-3.340641982942424426e-01,-1.969166449223543891e+00,7.272656605044488520e-01,-5.597876677804817236e-01,8.617765761516955614e-01,6.342795402973445962e-02,-2.715836897191116761e-01,6.311919886196774021e-01,2.964088810009045671e-01,1.169446596874423649e+00,-1.162282842384435577e+00,1.506151744855686592e-01,1.352284171196005413e+00,-1.498324767536968638e+00,6.484833422195697139e-01,-4.857046103030948081e-01,2.061489733964498583e-01
-4.877008121479791125e-01,1.121097357753907120e-01,-1.691076445236346926e+00,-9.255469854344950953e-01,1.849336735592309600e-01,-2.666590280884681419e-01,-1.268119665935418139e+00,-3.361644079048450307e-01,-5.658366217407002630e-01,-5.264544166908149414e-01,8.956914266770269473e-01,2.630655703406089563e-01,-3.412855205663211655e-01,2.680298978582253966e-01,-1.239370957316173971e+00,-9.284359278223232315e-02,2.157150621792779666e-01,1.672283621949236743e+00,-1.031201123954778698e+00,-7.681227659276235187e-01,1.675782488621788968e-01,-1.248171040194855586e+00,2.053455476471911789e-01,-5.095667018169641738e-01,1.584712224456404472e+00,-7.325097588422261330e-01,5.338455913433322320e-02,-1.113291108495699566e+00,3.705605879019847060e-01,1.224312239244552680e-01,3.660057375286687037e-02,-1.458604023767156477e+00,-1.051678025609659839e+00,-5.890509504947961661e-01,1.398021951433441046e-01,2.550799207257035683e-01,-4.352507791710713003e-01,-7.778668602199854121e-01,-9.688299379985136628e-02,5.901018703648674979e-01,-1.787061052349504964e+00,1.122063595903670663e+00,-9.914480828060063811e-01,6.389562063821561111e-01,6.067645310716537344e-01,-6.578727146899183698e-01,1.522530549069479322e-01,-1.020421292300409399e-01,3.205372657031064360e-02,1.003445689177264732e+00,1.212362423652271426e+00,-3.246428115138014214e-01,1.099394929264085663e+00,1.604546598733762153e+00,1.310575357906949234e+00,1.478816202399577673e-01,-6.911289337526790311e-01,-1.306805948738175571e+00,-8.230903960363814553e-01,1.264117114965268573e-01,-7.105770132232864800e-01,2.942096789654724098e+00,1.059436847048527836e-01,1.103980954069440301e+00,-5.162733843120551752e-02,2.520877133913352330e-01,1.283810417201643572e+00,-1.076888388226276527e+00,-8.641064403917982917e-01,-7.327136042549025063e-01,1.756097096797680154e-02,-5.129603802819854286e-01,-1.397279493915785320e+00,1.881161641381591032e+00,-3.066669116000148021e-01,3.226792052591045956e-02,1.361026543393148325e+00,4.193107917854694833e-01,-2.741435315172167098e-01,-2.780628592506843022e-01,-6.002343698834706753e-01,1.633088709532693805e+00,4.118966862238969129e-01,8.704119046322493780e-01,-7.711227888201601655e-01,-3.680291927214042191e-01,1.089011509693846635e+00,-7.766574447137259973e-01,9.628686813640695563e-01,2.764413540374278666e-01,-4.742467448185077594e-01,1.318675263370346351e-01,5.121054101863011798e-01,9.299835249153086403e-02,3.794659796120767870e-01,-8.595883443491880715e-01,-9.658634753849540955e-01,-7.046096545862414740e-01,-1.574318827383939690e+00,-9.234900475306083711e-01
1.576506964041836323e+00,-8.032689632645470534e-02,5.728905966611961276e-01,-6.343215833729642927e-01,-4.485997044752113583e-01,6.344570560647674329e-01,-7.353122544746233391e-01,-1.341650482899932495e+00,-1.756854467296246058e+00,6.897022157352937777e-01,9.372404359191308654e-01,-4.523072206963849040e-01,-6.828083649553547962e-01,9.667827179912705793e-01,-2.250000801795433159e+00,6.205525916965767275e-01,-9.765329629771341002e-01,-3.094998613308567736e-01,4.969943059533986629e-01,1.141648067699864155e+00,-4.952501262694942175e-01,-1.089964517255866960e+00,4.180885228443162460e-01,-2.655195004600992559e-01,5.180519107044554428e-01,-1.026194658064907284e+00,6.858096020701196505e-01,9.386640548504507908e-01,-9.611977327338507848e-01,1.563762359542551161e+00,-1.068102767137741882e+00,1.261718466044004228e-01,-2.068685843002651681e-01,7.477751823215573745e-01,1.967990940612506789e-01,-1.537183024469596093e+00,-1.515764791272897760e+00,-1.565340095346926530e+00,-1.382048372332907116e+00,-4.904617559267421267e-01,-3.364905975482341272e-01,-2.235460541314696403e+00,5.749418825541195710e-02,-1.173822265222834949e+00,1.451464465784941815e+00,-1.077577883732350861e+00,2.052850026406173034e-01,6.201633641602956049e-01,1.085178523780101045e+00,-4.541586063385984473e-01,1.967544425008144637e+00,-1.500099930264835013e+00,-2.444986760735450293e-01,6.928040663767214280e-01,-6.783454487293494317e-01,1.654747356588301077e+00,6.509648519444167780e-01,-1.605382772776750289e-01,-8.778606991945941962e-01,3.152530276671157150e-01,-1.631656106251591631e-01,1.369417929686649327e+00,-7.448487071765302892e-01,-9.914408841896930058e-01,-4.993553197542609512e-01,1.333487760002644018e-01,-2.819208607547436518e-01,1.402116187684995685e+00,2.655103587682349775e-01,2.081655983833513801e+00,-1.470140408357958339e-01,-1.565683721283273044e-01,9.462324890913109687e-02,-9.149187837618240060e-01,-1.832469240382317843e-01,-8.408268305892686589e-01,1.645958853086638973e-01,8.020314136489635759e-01,9.502565043489129559e-01,1.668320856775557803e-01,6.128548591529430212e-01,7.607244726446366068e-02,7.852825994722392178e-01,-1.976915993835881569e-01,-2.502003285009217204e-01,1.803828964967964632e+00,-1.528832250217845301e+00,-1.828626934053467101e+00,-1.507667550222609565e+00,-2.233726208034598315e+00,-1.625525566297482793e+00,1.531715561644054313e+00,-1.197240203446414464e+00,5.840674039574648979e-02,-2.061934722953028265e-01,4.306394592981789837e-01,-1.676611464140729812e-01,4.369089969335876456e-01,4.463806942828451030e-01,2.962374296210404032e-02
-1.100735662509005230e+00,-1.098242567929615721e+00,-3.706713923896536311e-01,1.458469282642778087e+00,-9.320631847171678697e-01,4.260552421111499233e-01,-2.396238793553313873e-01,3.935170568459183671e-01,3.679985003941931843e-01,3.871861747828578282e-01,1.277141041798031784e+00,-1.625340388997220220e+00,2.553585082209447465e-01,1.104673689661501479e+00,-4.665801757063401389e-01,-4.506580610454083979e-01,1.262555735227656184e+00,-4.074863824607118934e-01,-6.500050261374731297e-01,1.791235863929032224e+00,1.621083070689797623e+00,2.095209984675160120e-01,1.078352809756088604e+00,-9.063643176416534830e-01,-1.053423164506118948e+00,1.317556221423250296e-01,1.052621772851011439e+00,9.732919816093349441e-01,-2.730685622395642165e-01,-9.620164191902685902e-01,-3.703175222394557986e-01,-1.253785180351495998e-01,1.051848347593838051e+00,-6.446682526921782008e-01,-9.794754071405574469e-02,9.636233863828188584e-01,4.289627391608862306e-01,-1.234809537638622334e+00,7.806787169929930992e-02,7.250857760325566392e-01,-3.558438218743268933e-01,-1.098657885122751310e+00,5.813678624893885427e-01,-6.037061355807766400e-02,8.771161942724718941e-01,-8.777588385075881794e-01,-1.636140296941956673e-01,-1.492841647572192176e+00,-1.042000960366914697e+00,-1.034858641588484840e+00,1.106007255261013678e-01,-1.425335954053965071e-01,6.695306061089798533e-01,-2.115570398621238191e+00,1.684890425475841225e-01,1.018888733625228360e-01,7.187685563291943414e-01,-6.291754650170759966e-01,1.014670447488567495e+00,3.800368679729694832e-01,9.004342911284141104e-01,-9.258317343720332548e-01,4.271727045663689659e-01,-1.482249964157287270e+00,1.215738503317814523e+00,6.144396034359765890e-01,-1.369848189418827911e+00,1.728832529190693912e-01,7.377573476134928754e-01,7.823648023648692718e-01,-2.728371433857764150e-01,1.001362237556073342e+00,-5.112323543376640078e-01,-6.775342530528697393e-01,1.114700210388695378e+00,-7.779397050744756292e-01,-1.448120123535363790e+00,-3.151084550177007948e-01,-1.169552992807598280e+00,-4.808963467507005457e-02,-1.472165876255694839e+00,-2.190542096899727564e+00,6.839598306169838993e-02,2.642537986232839642e-01,5.992551205063847419e-01,-1.376775458866001722e+00,1.692023308322350150e+00,8.334733727057463959e-02,6.558502234889632687e-01,8.937793145451759791e-02,-1.153940789435155129e-01,-1.860881477046294474e+00,-3.579411968549560119e-01,1.732572136916881389e+00,-9.018839596254339952e-01,-1.817727250785425575e-01,-1.233064369644104596e-01,4.223545586800799279e-01,1.249982258197707696e-01,-1.257068635858495265e+00
-1.007924117971913808e-01,-6.569054568748548817e-02,-1.007929812895191679e+00,-1.207044717334749384e+00,1.796513669679369596e-01,-7.498739474483687717e-01,2.041574064663665977e-01,6.138851456640797011e-01,9.983725566411881802e-01,-2.999131144346730560e-01,-1.182816187882283904e-01,2.038168050518035512e-01,9.054632764988943538e-01,-3.212655611982253023e-01,-4.560980082177672479e-01,-1.477103249411798602e+00,4.802292214238650381e-01,-1.531422054117035914e-01,7.031636937723926284e-01,-5.244559849811299967e-01,-5.571282190466306794e-01,7.970479110251927901e-01,-2.036354588961549195e-01,2.804646092916672218e-01,-5.413052251582037844e-01,-2.388352018437123636e+00,2.237809647934006774e-01,-1.620093515879980739e+00,5.647271875399205443e-02,2.301919810106207442e-01,1.187925641108523583e-01,6.838850449084215022e-01,-2.638760985950084140e-02,-9.808029676443681399e-01,-1.190001262748727889e-01,-1.285509655291715791e+00,-1.966859780981836670e+00,-8.265455267511399029e-01,-7.225621283370843306e-01,7.062351185713364732e-01,-4.515095157753397093e-01,6.397647741597805027e-01,-1.269128642632114889e+00,1.031914700503097082e+00,9.075938046438813966e-02,-4.501204209084393448e-01,5.133257719724001467e-01,3.863671448849952950e-01,9.172479323478427427e-01,2.449546826402657196e+00,-1.013618500465320649e+00,1.393596598094314798e+00,-6.405253186062341841e-01,1.491981581145869484e-01,1.124242837030680509e+00,1.456829080652281228e+00,9.111178586933345036e-01,-7.326656863407789988e-01,1.766053832236297305e+00,-2.174574715289049998e+00,1.320756136454613650e+00,1.391846226543225207e+00,-7.889637004435000600e-01,-1.904515269468187999e-01,-2.771931489346755040e+00,-1.555501528380747178e-01,2.990282310505827379e-01,-4.843814837939963147e-01,1.626150745684676324e-01,-1.329776420048086605e-01,-4.285914115796428669e-01,-1.203958911178033775e+00,-5.133154625115932124e-01,6.067665852021247863e-01,-2.459393634567438314e-01,-4.640356764833620251e-01,-8.661814783925757544e-01,4.589968792180837420e-01,8.875648106350639832e-01,-8.137922370085357571e-01,1.072082217311600250e+00,-6.476872557884715276e-01,-7.161360671477213780e-01,3.228702670061209812e-01,-8.094421503672173390e-01,1.234430546467451206e+00,-4.171260835139983247e-01,4.415685103432320791e-02,-1.046331859568598727e-01,3.599404869566891763e-01,-9.021214062255509258e-01,-8.494444422191932409e-01,6.409447921749694688e-01,5.233693226433807633e-01,-8.035832807766487562e-01,-3.812846895637740374e-01,-5.896743169541998064e-01,8.213582021097678432e-01,-3.675209966224270985e-01,1.042528407747969482e-01
-1.032641750520881363e+00,-4.572176340694404928e-01,-5.562227652652373955e-02,4.997954674418107063e-02,7.061355592758137290e-01,-6.988995542638827552e-02,6.634989164963996933e-01,-2.497839731224157145e+00,4.459692899682891620e-01,8.950204748479760608e-02,-3.433931733269415115e-02,-1.958227685826474218e+00,-8.242187918648348210e-01,1.352744279496149282e+00,1.592445446126372621e-01,-2.992420841395346809e-01,5.684937937703281596e-01,1.194601752240791459e+00,-1.607197080792129196e+00,1.667779055540439037e+00,-8.877847035885034765e-01,1.372106807608652668e+00,1.321427094400758673e+00,-6.339611583344921808e-01,8.009646006942687801e-01,1.134145782706871719e+00,-5.675306659447919566e-01,9.667130970328865480e-01,-4.039727163613333616e-01,5.572136613783978953e-01,-3.476366178770550763e-01,-2.742038407491657059e-01,2.995159995693167931e-01,2.288302147397794639e-01,-4.931995863122410895e-01,8.804282771290965481e-01,-4.307637183037507644e-01,-7.324479566061160574e-01,-6.610332579643926065e-01,-1.582218875984958917e+00,-2.913660863023807557e-01,1.414945585234455905e+00,5.359835451192318523e-01,-6.784263997683401826e-01,4.410976768287633853e-01,-4.545747327760514267e-01,-5.881701063519304551e-01,-9.151952693732782196e-01,1.271563988551658586e-01,5.175379123782205548e-01,-3.065595698936963709e-01,1.015554617850621816e-01,-1.996579302174736226e+00,-9.039190179705820782e-02,1.981308227981358749e+00,-2.510585803842663166e-01,-1.153354735651822005e-01,8.311126183106147813e-01,6.535473039683467045e-01,7.430081020459312902e-03,-1.484862590645896763e-01,-1.569472066361025986e+00,2.421157270976698750e-01,-5.693107601341200752e-01,-6.703743816877835160e-01,-5.757011095948596502e-01,1.555972244527547080e-02,9.473466293434233965e-01,1.195187087960048355e+00,-2.068844111154490295e-01,2.080523142717222829e+00,-1.070971137753112812e-02,1.082677809033161909e+00,-1.532309733856042744e+00,1.124549625989996526e+00,3.698547956999650999e-01,1.804899960980332452e+00,-1.181781407828190300e+00,5.962861965745096526e-01,4.105703234471619889e-01,4.490428758306816426e-02,-1.188899107681281597e+00,5.623597633529808792e-01,1.077864683428664039e+00,-3.586528797478642505e-01,3.238158218992819720e-02,6.505613181218519725e-03,-5.299693442887412620e-02,4.958142114508428122e-01,-4.662920826149992148e-01,1.528025280830894346e-02,-9.884258232900072771e-02,-3.053074401071461108e-01,-1.201374265225839899e+00,-9.353199571130884626e-01,-5.528683968006113149e-03,-2.474851254556984237e-01,-1.100071098946413528e+00,1.026627143259291330e-01,1.427851854903001039e+00
-7.187994961235779634e-01,1.283363483176101827e+00,-1.063091536028543560e+00,1.623818849421078347e+00,-4.239285360825690296e-01,-9.771579813349769994e-01,-6.274517096766252244e-01,9.057095269187811493e-01,-1.109877718638949240e+00,-5.407487164536746160e-01,-1.994430863925100161e-01,7.194702282915900193e-01,-1.141968637922732954e+00,-5.293294731227757843e-01,4.632334023032502052e-02,8.819625255959291366e-01,-1.241030467767947343e+00,8.741409470793440883e-01,1.205136788663467851e+00,-1.202976786180725899e+00,-1.319196369621140841e+00,8.409284309548857861e-01,-5.653816073760322691e-01,7.816929260879121877e-01,9.112780569600259506e-01,1.036915894652343129e+00,2.075229830993292612e-01,-2.055946887122002131e+00,-1.771517089108729515e+00,-7.223219330355615808e-01,4.458041680790300054e-01,-9.995339984495086316e-01,6.073333637524982453e-01,-1.167930033842851323e+00,-1.596904909385152171e+00,-1.449304853431367501e+00,-2.543363800062836133e-01,-1.311807320970218127e+00,-5.976598033887606798e-01,8.166962908126093046e-01,-2.997496098297916176e-02,-1.989218961065920277e-01,1.162007381319996702e+00,7.170696364610207318e-01,-8.242239628796013129e-01,9.439840558095113909e-01,-4.645445821329426406e-01,-1.800844048460571722e-01,9.693794196193099566e-01,3.870638087606624866e-01,5.727772171532847789e-01,1.499175385489509793e+00,-2.623248641682950577e+00,-6.066768778485351898e-01,-8.596010666974580605e-01,-1.614356509540068318e-01,3.309766222956572745e-01,1.353728483350444822e+00,-5.245514095323984272e-01,-2.841987466995403278e+00,1.094898295391702886e-01,6.531115152719447758e-01,8.513366559221969831e-01,-5.462681725253698550e-01,1.146182612812381763e+00,1.238910688102024871e+00,1.068993030469943539e+00,-1.388955391959478369e+00,1.817143226563601832e+00,7.519162824492340302e-01,1.115394307878147806e-01,3.051951519150506442e-01,-1.519963974445125210e+00,8.542761086296831730e-01,4.653192904120411755e-01,-6.057464733424723358e-01,7.238832421716037135e-01,1.232744163089080081e+00,-1.108529584783126909e+00,3.557119600922637459e-01,-2.822125694257388573e-01,1.371406021189158775e-01,-2.510595659551179359e+00,-1.016494612971690081e+00,3.275955496473035744e+00,4.546470320660617181e-01,-2.736653633108889760e-01,-6.010290222773952973e-01,1.732156967783543208e-02,-4.746514985206209958e-01,-6.675860015419586846e-01,-3.493368179476251112e-01,-1.505227063412648780e+00,5.742374134565648713e-01,1.148777100716612098e+00,2.257939103607262132e-01,4.842294649862732836e-01,-1.267011328116442126e+00,-8.739995022887002696e-01,2.346731105951284091e-01
-4.043251074716548987e-01,-3.797304555144065952e-01,8.284126543071715920e-01,-2.617053072047427431e+00,-5.291202344476196862e-01,-6.336110811778663532e-01,-1.972037037561158446e+00,4.980750116635124791e-01,-1.794411791739605411e+00,1.862327692404794621e-01,1.395827148194994372e-01,1.743512381255279686e-01,9.694441375019561269e-01,8.106737084263357929e-01,-2.246098950490036661e-01,3.498030007163061006e-01,-5.606691599267966258e-02,-1.591117681720834731e-01,9.146648086217584739e-01,1.331040138838453402e+00,9.486319480563475404e-01,2.443860148794157194e-01,-2.321056114264858361e-01,-1.128615419316114199e+00,2.853936460376835238e-01,-8.140512764418362801e-01,6.990708239000194002e-01,1.679350048558498829e-02,-1.033673007721347847e+00,1.276225144698777125e+00,8.726571488218450856e-01,4.624646567207953418e-01,1.338670357507460440e-01,-6.564920363328345942e-01,5.458507429180906589e-01,7.467187465040587835e-01,1.781665915781842635e-01,-2.974229157371723442e+00,-6.446674882511576055e-01,-2.287522437450820956e+00,1.960429942569646977e-02,-4.980519517843395860e-01,-1.120367665069427199e+00,-1.326850647381512038e+00,1.569573285189719836e-01,-1.009523741027272825e+00,1.388594061039270411e+00,4.605786812448178780e-01,-2.554556987806384516e-01,1.303481500581879615e+00,2.862612558546532432e-02,1.987365889858143442e+00,6.810906163887504583e-01,9.377448043463345595e-01,-3.915933951066504770e-01,1.227186471397781302e-02,1.308236104105807707e+00,-1.942318365593767304e-01,-5.854279294416644408e-01,8.869326553624606868e-01,5.743361293268851586e-01,2.780657607285914185e-02,-4.995689452867814184e-01,-2.629774741225166523e-01,4.923945106451650400e-01,1.040252519864067304e+00,-4.253388717709177258e-01,-2.654796770250439919e-01,5.045565202860010645e-01,1.053978687721067731e+00,1.304484065827025141e+00,1.525010250473642470e+00,-1.030487596404955575e+00,3.122250226040389487e-01,-5.878705646205595325e-01,1.162861651026623644e+00,-2.605423012165831165e-01,-7.646230091895562797e-01,-8.144919022247304463e-01,6.072862080904185555e-01,1.200557717603516622e-01,1.132437035145967164e+00,-4.901140916372431766e-01,2.001762771485083192e+00,-1.116960925664005178e+00,-1.256820213717043666e+00,4.938336777050322257e-01,-4.547719600288188668e-01,-7.201257300007444240e-01,5.425678028889063809e-01,-9.325128992940477923e-01,1.453545936425041596e+00,-1.039069095788203612e+00,-1.575884238682670802e+00,5.647069767459219486e-02,-1.364569273025684204e+00,2.631337210603019727e-01,7.267817250387345607e-02,2.197583913345478313e-01,1.057346086022243004e+00
1.734441493191309469e+00,2.465420865838514330e-01,7.107097174647136750e-01,-4.927426853855660371e-01,-9.274328094527466426e-01,-4.461060036974426879e-01,-3.482600441496269683e-01,-1.640590792704679224e-01,-2.053799384017331420e+00,-2.988831073623761103e-01,-2.571646192599750802e-01,-1.474743421356526252e+00,-1.386237958674881310e-01,9.710436386936170949e-01,-1.036535252374376666e-02,-2.202341842495033841e+00,-5.926517275399709739e-01,-1.366856182623958693e+00,-4.917962788752777148e-01,-1.477788715682350151e+00,3.490175517444377706e-01,5.342421698336756730e-01,-1.709635060410806262e-01,8.426701450750516686e-01,2.860407211543876116e-01,-1.043673322122187441e+00,2.890205433625547132e-02,7.437287627285703584e-01,2.212503397653100556e-01,-5.727672322912908953e-01,-2.238166175827001059e-01,-6.071359251898993392e-01,-8.904259477951569079e-02,2.805685324958008264e-01,-4.326879862408016253e-01,1.916908085043023558e-03,-5.861682052764394246e-01,5.452064613532017212e-01,-6.765515174245832763e-02,1.754787238886544865e+00,-1.775751773194902183e+00,-1.072275352612733351e-01,-1.065469902032866623e+00,-3.923238492014521905e-01,1.353790634824838246e-01,3.686545541616794153e-01,-1.207841829142979106e+00,9.034640699090278060e-02,-7.901389508665531691e-01,-4.477781966305257599e-01,-2.497355858726300504e+00,-1.094006730286701812e+00,-2.010127453704497746e+00,-2.043580327026234933e+00,4.251255007429505794e-01,1.022041483068904855e+00,-1.001188997481346071e-01,6.769680898565491045e-01,3.164842026265632047e+00,-7.718317625295013640e-01,6.527947023173454877e-01,1.391239691280860225e+00,-1.266116737830206729e+00,-1.655081344133187748e+00,1.845979958296561085e-01,2.341808668169626517e-01,9.664383621889095777e-02,-3.957638997983811135e-01,-7.463817994169779091e-01,7.088644597558118043e-01,-3.882659621393998867e-02,-1.129026495595522483e+00,3.979687963497380854e-01,-1.004322917512966651e+00,5.309546959814264167e-01,3.873616575575139498e-01,-4.365330368737687095e-01,-2.527722232752219883e-02,1.366768363406996922e+00,5.672527830518272474e-01,-5.044122544297602317e-02,1.398605338387324259e+00,-5.396017765001964728e-02,-8.918144950991861719e-02,6.467107384380095247e-01,-8.913095730691025786e-02,-2.076206137343724056e-01,3.408199600250112482e+00,-1.407029503293561745e-01,1.513980009122580794e+00,4.738943940510332298e-01,-1.514856138817242126e+00,-4.365846079821729120e-01,-3.025656975432545748e-01,8.064408372532460012e-01,6.988786382575209455e-01,-1.355487157267978082e+00,1.241270264230877718e+00,5.698674266593306559e-01,-1.417609600981719176e+00
1.029589456722823870e+00,1.824194395558686455e-01,2.303711770901689437e+00,-3.663227542767962808e-01,1.954954104347613075e+00,-1.143456537654404387e-01,-1.867047750540327677e-01,2.462468141549936096e+00,5.648497305259156942e-01,5.762091728513840660e-01,-7.446055953423764695e-01,6.633515931170401725e-01,2.351820995047618768e-01,-1.226097521325913986e+00,7.101305541415365852e-01,-4.933782005546398786e-01,9.075741565229529240e-01,1.468941373822745255e+00,1.270675338863020976e+00,6.888699725429997534e-01,1.051047166474176731e+00,1.130135381651369064e+00,-1.469426041630794044e+00,1.028953663606606561e+00,-7.224165792984058587e-01,-7.388160065428779344e-01,1.497682870456122917e+00,1.671093787674515774e+00,-5.159349720699488717e-01,-2.086506448209556996e+00,-2.579936301657434483e-01,-1.450220754579005344e+00,-5.900850750596589034e-01,2.041284796826546566e-01,2.084982830305882051e-01,-8.453143769236675098e-01,-1.671967950934009628e-01,1.405932323890035418e+00,3.565667766219692836e-01,2.271569299181020740e-01,2.809163608233301801e+00,-1.334048288999312826e+00,1.473041798906760569e+00,5.198074831911769084e-02,-2.072878303701151670e-01,-8.425573713394016173e-02,-6.768593019727096038e-01,-1.721100875327310931e+00,-9.538533255720532678e-01,-2.567456053844837882e+00,-5.930318996770937989e-01,-1.424429824679914081e+00,-1.424685700220908124e+00,-9.992456120122267249e-01,9.346904078991240539e-01,-8.677331194536080927e-01,7.771442450207390884e-01,2.472772426969186421e-01,1.195199265378661835e+00,-1.343453077787636563e+00,2.089601005472407902e-01,1.115748407759175498e+00,7.357531798407007662e-02,-1.345461150147438723e+00,8.549915161585361356e-03,7.400482446124374558e-01,-1.282091812764019734e+00,7.386275752975098863e-01,-7.371948998530354347e-01,-8.944486124611515931e-01,-4.074303239118738929e-01,-1.766850558703816354e+00,-8.273663219267322899e-02,5.369131263425345191e-01,-6.233307938384258229e-01,-7.126779588717166991e-01,-5.077927865561994158e-01,1.487684640014423021e+00,4.564287429261886242e-01,-1.637490429463847319e-01,2.627929525783683773e-01,-3.253808807931526381e-01,-9.119736755080990465e-01,-1.897187490949809874e+00,-6.155009307262001572e-01,1.627554259626226907e+00,-9.611873291640191663e-01,1.149472321525820240e+00,1.775785269188193016e+00,-1.109892360571898967e-01,4.083774487541482756e-01,1.367567786982127664e+00,-2.487879715102303546e-01,-4.117882155712664916e-01,5.899555289685799453e-01,-1.759070096130303185e+00,-5.741372206595550809e-01,6.104930551349693202e-01,-2.796083148945233132e-01,1.282408935572538544e+00
-6.598964122331010262e-01,1.501301289586850052e+00,-1.103808047190826258e-01,7.902196400181120683e-01,-7.050737354148784997e-01,1.130973959224713443e+00,1.181508463422605182e+00,3.937516376357673153e-01,1.358860609656066920e+00,-1.497269156116285638e+00,-1.107625893160226971e+00,-1.528476515198052832e-01,-2.130438867946010673e-01,5.943233505435699948e-01,2.539396692430857527e-01,2.046700229085868933e-02,2.574070136497448869e-01,4.540242443523859750e-01,-1.296625942916265872e+00,-7.556992873617282003e-01,1.976176219285728092e-03,1.713269866219958026e-01,9.252697208212162794e-01,5.622314795452176828e-01,7.974234068537529030e-01,-5.908283435710416365e-01,-1.311518830213362019e+00,2.123908742330384847e-01,-2.595853374330144847e-01,3.772052581129048399e-01,4.889844536779528600e-02,5.772827529092949828e-01,-2.047669571785830644e-01,1.194765399291102925e+00,-1.112912779286332476e-01,-1.062365344461890793e-01,-3.004234841035418602e-01,1.798724362360988593e-01,8.580901446631978846e-01,-1.377999773728185939e+00,-3.332650117307896509e-01,-4.489881090664558649e-01,2.370891169746423000e+00,3.213653052908882479e-01,-2.185749323059314797e+00,6.572279802399917381e-01,-2.159884650806782880e-01,4.088057598888968913e-01,-1.291663379189460281e+00,-8.592840893186541873e-01,1.143636947898359485e-01,-4.400049035636493522e-01,1.347779661516032235e+00,1.253189358381482377e+00,-1.427978038983530151e+00,-1.632403162358250892e+00,-9.319189784043315772e-01,1.755523938151745345e+00,-1.164663387100138281e-01,-1.681777612321033955e+00,-2.105017465892543294e-02,-2.451181182121012103e+00,-5.582252689170680293e-01,-1.271310175740417270e+00,1.038166719734570975e+00,-1.618985903279232641e+00,-2.803421330964162572e-01,1.213844101544810650e-01,-1.486434969912016901e-01,7.244434220446696049e-01,1.300546231877695247e+00,8.624507609827520849e-01,1.319443448767853022e-01,-2.397166363424573232e-01,-3.785939164625179987e-01,4.834759634152216434e-01,7.160351750387765613e-01,1.165066959901561311e-01,-1.510583634556593058e+00,-1.721443171290554242e+00,-6.046151826753483061e-01,1.836601362566590234e+00,5.770342051766844671e-01,-7.244795320288044405e-01,1.981387780769222340e-01,1.002520739593206534e+00,-1.707379919457964412e+00,3.852143353874990517e-01,-1.785548242333601654e-01,-1.370656102109566232e+00,-1.026781446006567622e+00,-2.382920406279243064e-01,1.367637926675727700e+00,3.899046280619353211e-01,-2.977437831245274280e-01,-1.014082264930834976e+00,-5.413408853838949097e-01,-5.921208482958608688e-01,5.952274810958245455e-02,3.689199184578753066e-01
1.492840995064647069e+00,4.471785755582133315e-02,-7.549371412196974607e-01,-1.172479894646255710e-01,9.084858309934575049e-02,1.409917687202796588e-01,9.453783093281701300e-01,1.074083754452597184e+00,1.518733283426887404e+00,6.859200471242783426e-01,-6.103744543751684626e-01,1.047995447998319563e+00,1.854450021347219923e+00,1.128981581287214375e+00,4.086370455495954013e-01,-5.907813297053634560e-01,1.120545651182457414e+00,3.832993338479815937e-01,-7.576391356215992356e-01,2.656114040461386439e-01,1.170954675419663582e+00,-1.572578987443526088e+00,1.287895142523490577e+00,2.490380654769684399e-01,-2.050307441911311646e+00,-5.897554923793147524e-02,-9.444834767691949740e-01,1.468551349165032605e-01,7.675256144916953183e-01,6.656909655915355106e-01,1.961372901452285378e+00,-8.402563704939800537e-01,1.108571717469200024e+00,-2.471288491854713720e-01,1.904718229277540198e+00,-1.682517900820491130e+00,6.213335501732744071e-01,5.014385712286567598e-01,-4.528920695902449722e-01,7.479573183058244590e-01,-1.506168607122942982e+00,7.891703551634898783e-01,1.177182739406980705e+00,2.502224115666861759e-01,-6.019022256715949037e-01,-6.262740516808312785e-01,-1.434879668868038971e+00,8.647369370957685986e-01,1.204457000911689279e+00,-1.577867241664113185e-01,7.793754626182697320e-02,-6.465702867855189773e-01,-1.464315606231807232e+00,-1.245734151529094724e+00,-1.039318595565808856e+00,-4.526046773732227135e-02,-1.577761304483930260e+00,3.902467859820364926e-01,1.093828175179716977e+00,9.307796117791379276e-01,-4.635365448291221130e-02,-9.549166261796074862e-01,8.515790212964394201e-02,-1.248160738034596706e+00,3.981951335942547354e-01,-1.079841541173753638e+00,2.175502676106088051e-01,1.204457702795125318e+00,8.109021060965302397e-01,1.241314196523142649e-01,-9.562701525585292073e-01,9.487330686519003242e-01,4.275612287401894807e-01,1.105160734267231826e+00,1.753059027943111026e-01,2.947549704077524479e-01,-8.396273174930463101e-01,-9.193067026973446021e-01,-5.174640752011423483e-01,3.264383060505064715e-02,-8.497877051292170858e-01,-3.884569690710792389e-01,-6.595343013467082072e-01,-1.573597258894183226e-01,3.774883189752331059e-01,-5.050199696092980695e-01,2.220623901462008387e+00,1.612825903243364944e+00,1.132061958453771944e-01,2.779979946289396365e-03,-2.080659567125887899e-01,1.216861222593175196e+00,1.592114094585671547e+00,7.873118615785583696e-01,-5.586607168889780040e-01,-1.264368580314887636e+00,-1.036971830703269593e+00,-3.268458486098219651e-01,-5.598899441607249061e-01,4.338679762367821380e-01
1.058526307123378363e+00,-1.243660161281872623e-01,-1.031091613047554256e+00,1.173705970987420466e+00,1.971014584705676809e+00,1.041766428733003291e+00,-4.086978606540066505e-01,-6.782951214384077554e-01,-3.258335885036622859e-01,-1.207560604798427306e+00,8.895429231105245194e-01,7.428383801410246567e-01,3.618017381137941801e-01,3.801243100925946194e-01,6.666077343316826331e-01,1.114459245114955310e+00,1.437745815467895261e+00,9.008628268029452713e-01,-7.085961769971753366e-02,1.046735757338521200e+00,-1.351115163660059793e+00,1.441345534508776449e+00,-8.262567910864748733e-01,7.244323017651983498e-01,4.594371015047855611e-01,1.324667663705344223e-01,-1.479805400693516404e+00,-5.352981540208456845e-01,-6.442809677237854027e-02,1.039731957730565926e+00,1.423560082456524434e+00,2.290918924398242240e-01,-7.425915359316109798e-02,-1.021384683956514161e+00,-3.212562559014046637e-01,-1.208153570682393818e+00,-1.745156402420755759e+00,2.385980219354549847e-01,1.234592939769146636e+00,-5.585228142599786283e-01,-1.749842866684507614e+00,6.735887935957134420e-01,-9.529666624940102970e-01,1.587436000221150723e-01,1.846806656634067068e+00,3.757837508869698029e-01,6.292281238488449668e-01,1.519890557374433682e+00,1.199515624380409706e+00,-9.397006719727434287e-01,-1.024289927816354639e+00,-2.967084006682474961e-01,-7.425255306071015804e-01,-1.403923399342708322e-01,-7.934337796759987071e-01,-2.896550330238819582e-01,-8.435234968534625899e-02,4.355840855761008434e-01,6.126283386373042594e-01,-7.102595752355022052e-01,1.506902161172122057e+00,-1.248452927843123669e-04,9.936323139116879366e-01,4.395016850061556762e-02,7.966785432338617801e-01,-4.861134640331576384e-01,2.002063077895825938e+00,9.756325218943391331e-01,2.917389587685704222e-01,-2.231645420423379989e+00,3.891608313414971487e-01,-1.397571462978728141e+00,-1.435060008929047282e+00,-2.665202753836679594e-01,9.544269391145426829e-01,-7.711801377240398159e-01,-1.594513937438537976e+00,5.458528059434144541e-01,-1.361789945872412810e-01,1.286537600024623806e+00,-3.831349904953696983e-01,-1.582857111917062465e+00,-4.662258119540709234e-01,2.889062222185456719e-01,-2.870733504408456982e-02,-1.020241064604409331e+00,1.243028320403109177e+00,2.370584529749552027e-01,3.381791336649005997e-01,-1.514423636761390024e-01,1.144722080762450300e+00,1.361537833834703060e+00,2.415856365102722891e-01,-1.273966669994526901e+00,-8.843382958401690974e-01,-3.161768140431019392e-01,-1.489489120310817594e+00,1.220628216685413613e-03,8.878084457185179135e-01,-1.035798064568236310e+00
1.476506377652691659e+00,-8.785502001425511687e-02,1.859688073930563901e+00,5.644994297509106085e-01,-9.164195486862279916e-01,4.519185630221029398e-02,1.456505757366220559e-02,-7.508368527869891951e-01,-7.856010531754860082e-01,-1.001828332380630404e-01,3.778661580464410252e-01,3.648626202017083431e-01,1.387393958917532144e+00,2.910631011214276018e-02,-9.972836888437838776e-02,7.085812422516751807e-01,2.101878617317306297e+00,-3.929238698466490098e-01,1.224926771117293089e+00,-1.267483611767240559e+00,9.544728100512074320e-01,-1.245332629900109955e+00,3.778915767087845934e-01,-2.829535592620200379e-01,3.409190242276440297e-01,-3.225321334475709234e-01,-5.195533475298782511e-01,3.078232047429243501e-01,9.512610161811627663e-01,-5.927743516933560164e-01,1.371028619700230267e-01,-9.183948242288804131e-01,-1.377672113703034329e+00,-5.736344087455088614e-01,-2.042835999195955800e-03,1.299953727866979714e+00,-9.806797807646551179e-01,-4.643139764567446592e-01,6.313943463969581282e-01,2.276760000218111202e+00,1.153750862615717354e+00,-4.585490716013144175e-01,-4.173357173890767102e-01,-4.515631864685488717e-01,-1.091182089554252471e-01,9.506548415234951088e-01,8.795726657033858809e-01,-1.117467104839119818e+00,-9.139507484805513560e-01,7.401089505460645146e-01,8.084843370227935422e-01,1.391380129629799178e+00,1.129257225362875650e+00,-5.686676579200787840e-01,7.991247583011092948e-01,-4.514128457029942254e-01,4.578467113781540809e-01,3.736027908182754653e-01,-9.096235898735073322e-01,-9.009808984509549701e-01,-1.195133072760982129e+00,5.097684698458636587e-01,-1.506539569564046888e+00,1.305567264715279618e+00,-1.183387881476069659e+00,4.096732943412889072e-01,-1.816558830258768298e+00,5.967939330065257231e-01,3.775689989199705887e-01,1.419668581684749853e-01,-5.764947157646107545e-01,-3.395662600846962031e-01,9.265438906587408763e-01,-8.455347525418874244e-02,1.360648999732812392e+00,9.517317921631101019e-01,-2.289982169691916258e+00,-1.277771076679034556e-01,-1.875136638942321632e+00,-8.830000772006967313e-01,2.990468158639583707e-02,6.373865698941667546e-01,3.510182776671620375e-01,1.270808837430723370e+00,9.994443886233715935e-01,-1.154036107150999246e+00,8.038671708440122687e-01,8.195587062096104658e-01,8.120250176306557099e-01,-1.251935601274538401e+00,1.325488563774475326e+00,2.506716513477551533e-01,6.102924735540051770e-01,1.451856437758326512e-01,1.988223961895077441e+00,-1.023592514773197459e+00,-3.570462470194222249e-01,5.526158126493014855e-01,-1.792317512349524522e+00,-2.093655148197967886e-01
6.675475461961863921e-01,-1.514233515228769755e-01,3.011083191487238381e-02,-8.113025779286109351e-02,2.645061598217915755e+00,-1.563514196743289952e+00,-8.970274704458123249e-01,-1.087104388244969799e+00,6.215313578113684789e-01,-1.027756720230020182e+00,-1.855524250056992175e+00,-2.121322649829458784e-01,-1.870797804827153132e-01,-3.011947448014057338e-01,-1.240490584410797403e+00,7.762948676391849823e-01,4.873910395689934894e-01,-1.077562310044410721e+00,8.409746693724050592e-01,-7.693479248119561298e-01,4.302601266124366636e-02,1.291935913286049453e-01,9.110712444615945427e-02,-1.174431725378324742e+00,3.929531893369997975e-01,-1.478631593134284716e-01,-1.104531093535066066e+00,7.565760858025089020e-01,1.743161425966625044e-01,9.604296220768915315e-01,-3.658246351005480790e-01,2.933789312016630846e-01,-1.305589912143800824e+00,1.576683346055567592e+00,2.019129500669595956e+00,4.466540192852067048e-01,-1.548874912269883275e+00,-2.184759027940744447e-01,1.604316804244353634e+00,-5.816431264408741253e-01,-4.134086119878870313e-01,5.745442782007494920e-01,-2.297916718996797059e+00,8.789104502197199187e-01,1.988952133344379369e+00,1.705290478823393574e+00,-8.648953992262059520e-01,2.058745275337103831e-02,-2.520848338733023830e-01,-7.908426932355719918e-01,4.482216784470573478e-01,1.470851379079697097e+00,-3.968301270463548414e-01,-1.011292111637996038e+00,1.068230941838575143e+00,1.088791662760513423e+00,-5.075306249795417113e-01,-1.445529363393464883e-01,1.278769848339810777e-01,-1.033362312393676374e+00,4.711134944543622916e-01,6.122643292302832885e-01,5.092708014964669738e-01,1.239987623709088160e-01,-3.574828003371824381e-01,-2.329462014092473776e-01,2.024758319175408161e+00,-7.781747653425217237e-01,1.050245404364788637e+00,-2.368251123440960892e-01,-6.550679185795201809e-01,-1.559999311863552174e-01,1.023423572899187395e+00,-9.421483883044151630e-01,1.560776993988667871e-01,4.884082260336378711e-01,3.004595686168792801e-01,-5.041387187573069806e-01,2.296386470958448611e-01,-1.475806914919596702e+00,-1.171734972121310836e+00,-5.944597978346385370e-01,-4.185773000549059680e-02,-1.601863837747041427e-02,1.339882901857575304e+00,9.754111004015527664e-01,1.018892230529290899e+00,-3.193820790401148413e-01,-8.853524452214751594e-01,-3.145219769252909914e-01,7.819713783799855378e-01,1.025092770224998340e+00,3.047539888200483937e-01,4.759229079869513046e-01,3.561313780645277705e-01,-1.397318236103969546e+00,-1.001293161334434745e-01,-1.687027477150191190e+00,-4.566718600536655015e-01,-1.706736327559150723e-01
5.365671420528584923e-01,-1.044515870548222924e+00,-5.347352332315367107e-01,9.676721168253170635e-01,1.203194079612693423e+00,-6.096138369298791382e-01,-5.419582218403649065e-01,-1.895679116783622609e-01,2.359285587117152805e-01,1.735106502164914521e-01,1.528461041031534906e+00,6.000477820009707530e-01,-7.725007864645216937e-01,1.491054976262448317e+00,-2.442901033971659752e-01,1.508453798190421802e+00,1.329079695422706875e+00,1.128733558491438638e+00,1.269365942455502827e+00,1.025712088523379473e+00,1.540356706307212553e+00,-4.548080366569478006e-01,3.925229300009170363e-01,2.870641971413044335e-01,-1.167784350833381835e+00,-4.053050304219900091e-01,7.990741155686453823e-01,4.509763136691082863e-01,-2.493844554276041237e-01,8.179794641965834057e-01,1.522460096228856363e+00,5.727542607933958779e-02,-2.500578784911876573e-01,1.904958404279441186e+00,2.933716805451792586e-01,-1.234137332301285417e+00,1.195560651630508842e+00,1.351569357491784640e+00,4.537353754125428296e-01,6.187825321534536904e-01,1.480091072737748092e+00,1.801914318806243420e+00,1.481211892269650221e+00,1.187024332816112082e+00,1.291984855012189071e+00,-9.306175326795704805e-01,-2.872090198978973330e+00,-2.213805424906236108e-01,2.111418661181645007e+00,3.288889442267662888e-01,3.746495616008546081e-01,1.368976357827588863e+00,-2.979895827139830145e-01,1.412318801166097815e-01,1.318656011101856151e+00,-1.195145679670247763e+00,1.296552826289113725e+00,-9.309866839353319046e-01,-8.622788117230896221e-01,7.343554430590902848e-01,4.954173859898650667e-01,-6.403741495302363029e-01,-1.795350098587972787e-01,1.478833683378510955e+00,7.017878330165245870e-01,7.597782493681153326e-01,7.787395911234439305e-01,-5.649227224244110501e-02,-7.734725758355187608e-01,1.561561570927831877e+00,-6.630570673808352522e-01,-3.935401502762135295e-01,1.272664301942932619e-01,-1.152024557025785656e+00,-1.989382780722934729e-01,7.284439018475473426e-02,-1.028937777583414925e-02,1.404865639448842352e-01,-5.912549890722296198e-01,-1.116539888036577333e+00,-8.184423895426756745e-01,-3.040802056337756465e+00,2.033827003929712607e+00,1.443456813364593749e+00,1.606356874318019878e+00,1.287535581042724475e+00,-1.343784671884756587e+00,1.779548175669587007e+00,9.585592944445998909e-02,-1.580484870661043262e+00,-5.554139669692361725e-01,-8.333730575307584099e-01,-8.126905270552168270e-01,-9.798115497362347437e-02,-4.888020945392644867e-01,2.688462728778119315e-01,-7.273294445741362857e-01,5.396583181436472865e-01,-1.399563239484393540e+00,-2.873017682367192682e-01
-1.407473516720270545e+00,1.453554883291136468e+00,1.368149125211254868e-01,-2.818415007285969831e-01,6.699873304483667802e-01,1.336627050209714951e-01,-2.232920190837776264e+00,1.056068202373090514e+00,-1.929021479593117538e+00,-8.521458003351616295e-01,1.039151919085382403e+00,-1.273868380670361899e+00,-2.233496800801532400e-01,1.012389553425561278e-01,1.699595710191020403e+00,-6.739307696830936223e-01,1.442710061727074278e+00,1.251255602532748146e-01,1.485058920186209885e+00,9.446491887374457164e-02,6.847300976903440972e-01,-1.029444823850730106e+00,-5.504222972090900834e-01,1.256174735922576780e+00,-1.468294876879380872e+00,7.604454377787290831e-01,1.331169263017304871e+00,-3.229435248046448326e-01,-1.259061621520477070e+00,9.062271786310726052e-01,4.799916297659283515e-01,-1.664990693958802170e-01,1.548357919482913125e+00,-4.323411180062131098e-01,-4.182030240948935718e-01,1.525361475182646087e+00,-8.992857652038728222e-01,1.386341139714896808e+00,-1.559421577599238828e+00,-1.155295471494006021e+00,-3.797706514484731066e-01,-1.507027160563062518e+00,-1.190558721730023306e+00,-3.254086940601507716e-01,-2.395263383279298275e-01,1.575805734347824449e+00,-7.167636602146012503e-01,2.973654503125625626e-01,1.680773652727689971e+00,-6.640178383778345683e-01,-6.412321499887121412e-01,1.315397850865771323e+00,1.495494893226855526e-01,-1.640717912558480041e-01,9.285709452838789317e-04,3.184888932174471110e-01,-3.062771158543031169e-01,3.700267524909929273e-01,1.127832281858941910e+00,1.234784080576576182e+00,2.020217111293507450e+00,-1.812480765255724435e+00,-5.873601569595524596e-01,1.144923738175757766e+00,-1.490424755011295010e+00,7.693775438188531490e-01,1.254475533653583108e+00,-2.948149564169672221e+00,1.317794857214906301e+00,2.952336563493423993e-01,5.749343580081796024e-01,-1.169267071307505290e+00,1.057720508537968396e+00,6.212083614395368381e-01,6.277279855700776956e-01,-2.353233727038255355e-02,9.636687030513907404e-01,1.062425409452131042e+00,6.876633128536834283e-01,3.931735178855204071e-01,1.349911190286720464e+00,1.062313117753131975e+00,-9.758934192507136007e-01,-5.331309710406011426e-01,-1.967949832902788687e+00,-4.123328703930418393e-01,-1.102636886660557813e+00,-9.007819564329481166e-01,1.301761436899896207e+00,-1.428902008481786057e+00,-9.078749886545621761e-01,-1.081769582536164842e+00,-3.112228807000038122e-01,-1.557303727082169464e+00,-1.617303013521726729e-01,-1.755479043742598222e-01,1.149601101030117256e+00,-1.898872438785951799e-01,6.880496487969087749e-01,4.612350114273566226e-01
2.726629099455114003e-01,1.073093431742975445e+00,5.094716702967179156e-01,-1.905123907848419673e+00,-1.711007344814493569e+00,-1.203806091137201051e+00,-3.274245059124774038e-01,5.937577635833605205e-01,-1.670529382681175123e+00,5.510725943756350498e-01,-7.444287229260483640e-02,-1.196740805872875901e+00,-6.410282841420196220e-01,1.006419836614888430e+00,3.231942328916845297e-01,-1.681570954252067374e+00,1.313962368245001622e-02,-3.084762377609857886e-02,-2.470222942674728528e-01,8.879250095868512771e-01,-9.202419243224546283e-03,3.287499684978969494e-01,-9.325236376373925440e-01,8.143642044366847799e-01,1.254385977087898008e+00,5.716221166630236494e-01,-1.063362028272318710e-01,-9.044960083080614277e-01,-4.500000229842469057e-01,-1.054052453905775621e+00,3.607397459669999251e-01,-2.716552679346118659e-01,1.442501579405085277e+00,-3.774126424862876972e-01,-1.604660919446578404e+00,-2.545704090360279004e-01,-1.361406086815956096e-01,1.434862591673148891e-01,2.703268902359892145e+00,-6.831933453660496980e-01,-8.536216510033627081e-02,4.473171354611820139e-01,-2.570674088227566934e-01,5.151283654697527137e-01,-5.476621250794641016e-01,1.239942210313205173e+00,4.546833103317406422e-01,1.756583751291585394e+00,-3.488371525682718022e-02,-9.547692080825362915e-01,2.785224700998116254e-01,5.466315722485901724e-02,5.192489099127609586e-01,-1.169917313043916440e+00,-5.361204277439652888e-01,-4.033988923544591931e-01,1.981392609443752839e-01,-7.510106936227266550e-01,1.737895093994722195e+00,3.215227843888143200e-01,7.282694866130200451e-01,1.175534013616942319e+00,-6.288437540683038396e-01,1.258786798257669759e-01,-1.254157396856006468e+00,1.944877621056182448e-01,3.379259965009980271e-01,-1.599887564616786939e+00,3.466621459094926944e-02,-2.062356958889940639e+00,-1.539170367622282098e+00,4.662803554945597201e-02,6.506907658910409120e-01,-3.815724718544687977e-01,-3.580500162200495051e-01,1.760314628106930623e+00,5.141418282823589925e-02,2.504100719542335374e-01,-3.115648021875818130e-01,7.040974454870839727e-01,-9.868085248223842920e-02,1.296351921210918690e+00,-1.043206706812629392e+00,-1.400002522570532038e-01,5.474749685502521279e-01,9.591152001441448638e-01,4.100944464122583955e-01,-8.638900513006249060e-01,1.896045463830069722e-01,2.363345718035187115e+00,-4.538627697587759302e-01,-2.572389865785061347e-01,1.499569811368313799e+00,5.533212311864532662e-01,-8.317828574212570159e-01,1.767607613813788892e-01,1.875217612357254815e+00,-1.605588654373478086e+00,1.011443971477414161e+00,1.828333041375096724e-01
4.352214840190026801e-01,-1.999043663018986172e-01,4.920913002933138825e-02,-1.677060413354337365e-01,-5.550249043415593775e-01,8.069644128881415801e-01,6.648605940429123118e-01,1.206642019068705274e+00,-2.317822512624889697e-01,-1.651700955732077203e+00,-1.001138443048956495e+00,-4.720249587560252924e-01,-3.069766926564476139e-01,1.550307124815715865e+00,1.117112835148833305e+00,-2.820391057355229880e-01,-5.959408890195284636e-01,1.264747555574536220e+00,8.355831276193788071e-01,1.139784654018861643e+00,-1.180056868436386130e+00,-1.666388388926306918e+00,1.032388566352141629e-01,6.412256996091224293e-02,-1.104163352702919321e+00,-3.803276299772471725e-01,-1.207057467227085068e+00,-4.593612444969716879e-01,-6.182849707859175981e-01,5.228004350674834155e-01,9.512048076261709895e-01,4.375184602644129894e-01,1.072189743839755183e+00,-1.109055810390533470e+00,-1.030962462322257078e+00,-1.337429225667837285e+00,3.332390124780381102e-01,1.698923702546524472e+00,-1.141881115837695804e+00,-1.613144508217663198e+00,-1.288261103135456054e+00,-1.740620843050088240e+00,-3.329760466876374170e-01,2.468869754902648150e+00,4.955171089740282864e-01,-1.116045704231320546e+00,-9.281287645342956028e-01,1.381935974675321921e+00,5.866544708905425676e-01,-1.514889746171174556e+00,-1.040397228389462247e+00,5.834834644023468853e-01,4.612258695597945546e-01,-3.709129393685846598e-01,-2.362257676451886557e-01,-2.495223436977714204e+00,-5.421388565753875594e-02,2.466857771442530378e+00,-2.517109772438682475e-02,8.129383588740728417e-01,-9.708399150617490481e-01,3.536494789647631198e-01,-9.204799185084369118e-01,2.312445362329764720e+00,-1.229053106666318507e-01,-3.411661229503626380e-01,-4.184301413443896056e-01,-8.648048231372628125e-01,4.443789897830743851e-01,3.032805241662807627e-01,4.326980050317218440e-01,-1.077963692669122731e+00,-2.275565026401037638e+00,-1.964735020156104517e-01,1.574185041141472841e+00,-8.523168888965453327e-01,3.751989634339927826e-01,-6.525108640792578463e-01,-9.055778510053493768e-01,8.006741772650483036e-01,-6.632812252822871679e-01,-7.138045285317764499e-01,-1.738509450734417205e+00,6.315712343261625783e-01,8.407022886011321638e-01,1.436498143100301828e-01,-2.172512673705001562e-02,-1.141648997098703988e-01,-7.480948547962837925e-01,1.022271607104018043e-01,-4.219419948980024926e-01,-6.259504883845261602e-01,-1.339443558489795238e+00,-1.580533387971283732e+00,-1.469161786387897406e+00,1.247063041524091087e+00,1.005996170108178628e-01,3.169725537120821279e+00,-2.889228722034224428e-01,-1.368568494013730819e+00
-2.826306108495625358e-01,-1.203546055332966658e+00,-1.163665828446477812e+00,6.434653603919781029e-01,-1.683855094627436433e+00,-1.107914046600099844e+00,-3.386630605388679660e-01,-6.601267486202737345e-02,-4.785854078405955003e-01,-1.048596671813294856e+00,-1.637180381866627510e-01,-2.760092391547311896e-01,-7.175104056033991817e-01,4.149206111403992980e-01,3.172688231369614753e-01,2.104504580823627902e-01,-8.326391880115272537e-01,-1.023499841059863358e-01,1.924456041463610267e+00,1.091590717408917000e+00,-8.197650150847149986e-01,-1.562707589944730968e-01,1.057192442434668811e+00,-3.563199919821494754e-01,-2.336649888302278488e-01,6.273005021912150259e-01,1.694788468964240624e-01,9.741857155403123025e-01,-1.378312353476228047e+00,-6.156776168713175013e-01,2.863465101116467459e-01,7.982639534391412495e-01,-1.927641641224910440e+00,1.551822773356213991e+00,-8.516152657208168053e-01,-1.116268730857955006e-02,4.153323037945166329e-01,-1.969102814633057807e+00,4.581563738100082328e-01,-6.513103880817342484e-01,1.658365627884954008e-01,8.316555404266057216e-01,-1.232289138310970644e+00,1.661795076633147128e-01,1.819852742450832339e-01,-5.103080296672229260e-02,-2.065516016507598529e+00,1.532366762103300195e-01,-2.103940336396553423e+00,-3.637395010257916950e-02,-1.744964830683597645e+00,-4.152030179147811299e-03,5.160867533547995878e-01,9.073775716731355967e-01,-3.365631075891744040e-01,-1.100360809082225222e+00,8.384838275123247531e-01,8.872070886316348881e-01,-3.174990975820284334e-01,-4.623305217090086794e-01,-3.011012065658968256e-02,-1.208722640224473954e+00,-5.945930545219004770e-01,-1.354832766318966986e+00,5.327697749856966647e-01,1.272707323264220536e-01,-1.832327746722346995e-01,-1.669335244361181303e+00,1.015045850347958134e-01,-2.454195403218406013e-01,1.375656260569554368e+00,6.972584863255839593e-01,-6.620198199761850866e-01,-4.612906823678484813e-01,-2.161464500586924853e+00,-7.424332083159762563e-01,-2.030860603870296099e+00,1.186819327826629467e+00,-7.879643057783409787e-01,8.597265731228206365e-01,-2.831127221948742667e-02,-1.253811781109951839e+00,-4.729941333032092188e-02,-1.062059277670337754e-01,6.719504570849380021e-02,5.940084535712525371e-01,-3.670545163392116006e-01,1.165075991237694453e+00,2.328486998933869401e-02,-8.671269587658216038e-02,-1.552860176077924814e-02,-3.508818902546282925e-01,2.112468804578953030e-01,4.536645188576738930e-01,-2.500576023034881135e-01,2.635457754863346214e-01,1.194362081918595719e-01,-1.124783381771792545e-01,1.646452368431988722e-01,-9.818014361402159773e-01
-1.268000714176937382e+00,-2.789733226338322325e-01,6.203415173386833681e-02,1.525200112890201298e+00,-3.246627935278498800e-01,-6.157515307886791689e-01,-3.716374930397626786e-01,-8.475343115594895504e-01,-9.192244127460574843e-01,2.528975643228396630e-01,4.725356801551675590e-01,1.483235118101826400e+00,1.441714097244084725e+00,1.246451525481161449e-01,-1.637471851539535006e+00,-1.934579884401988747e-01,2.910880776521738156e-01,1.548492311132444677e+00,5.419446940587155925e-01,2.399379542869729820e-01,-1.054519059925149493e+00,-7.064832190135501566e-01,4.612853117412190618e-01,9.315290245122002100e-01,-1.305674510603563876e+00,1.677976263115350530e+00,1.082301620289679356e+00,-2.238801555454575654e-01,-8.026038200425795743e-01,-6.185832247816837048e-01,2.093662087496692248e+00,-2.704747628817721350e-01,3.909112783344806386e-01,-1.666056465462873337e+00,3.419639582701640423e-02,5.254307088974180528e-01,2.391473600279765854e+00,-1.518542752436666810e+00,-2.988931157955473927e-01,7.567299889386139844e-01,-9.655066719618849991e-01,-5.031708106663517199e-01,-6.762990278686198398e-01,2.262076652242019925e-01,7.379239475403953641e-02,-3.947384272035696640e-01,-1.407642606029696708e+00,-6.988419667895958698e-01,3.047617895736005611e-01,-2.133691799793360211e+00,-2.235507351146340804e-01,-9.726455961804663097e-01,9.625140111713434976e-01,4.163053536096846252e-01,9.809231988250954881e-01,1.027980431142149209e+00,-1.390796909559032013e+00,1.697050578213521108e-02,-3.354641502501454764e-01,9.558792523838289812e-01,3.325996955080672279e-01,-5.089385129922944229e-01,4.149892103973364388e-01,-3.748239995826094795e-01,8.092178181530108871e-03,-9.538777406275509296e-01,1.905388434049383850e+00,1.799006854155421331e-01,-4.706951810023726201e-01,6.790297436466274927e-01,1.200317135801722612e+00,-1.429763501623093847e+00,2.523000399088712431e+00,-4.680262677955467354e-01,2.593772778083794694e+00,-7.722435629499239118e-01,-4.084862695275241484e-01,8.183856815098862203e-01,8.178040320400883356e-01,-1.729756934660431344e-01,-9.876110506368964703e-01,-4.031908016944125150e-01,-8.810076570494420611e-01,-1.150767670804327958e+00,4.690422395022112445e-01,4.732127172117815417e-01,1.198047280839120043e+00,2.464071619259533552e+00,5.800701982355705999e-01,-5.179147389934555396e-03,-1.453432209386203322e+00,8.514378534228054241e-01,-6.355985920562065572e-02,-6.294861647668421600e-01,5.000168536897067195e-01,2.516526335978587769e-01,1.303417061564557278e+00,5.787266296337534310e-01,-9.945267327497345766e-01,3.772089346995506909e-01
1.229038495130522435e+00,-8.896021683703280170e-01,2.229619724037193773e+00,2.907156452911369704e-01,1.110962076965330003e-01,-9.990129832468600535e-01,-9.273232581489284643e-01,1.736886165832775220e+00,1.410844189583000396e-01,-7.918026705001153243e-01,8.464813045247955303e-01,1.270607347364192563e+00,-8.421422057602632183e-01,8.394420739257212050e-02,4.686329481101108585e-01,4.367070694344071247e-01,1.577274712151647051e+00,8.005252850945449028e-01,-1.350296865197776475e+00,-1.344050615910037105e-01,1.711644992534317178e-01,6.376756038307902497e-01,-1.732775279950448777e+00,1.659291112860696193e+00,-6.881586382804442126e-01,-2.179441806500091783e+00,-1.118871051244393122e+00,5.288336142579325161e-01,1.198774890377148239e+00,-3.315925365825901916e-01,5.437683463483791724e-02,-4.992041970082704005e-01,-8.801566434032758179e-01,1.760917083452731235e+00,6.502277471431099354e-01,-1.105842362455981442e+00,1.305577607739030477e-01,1.433847252543340778e+00,1.761856367345849828e-01,1.556151575274586918e-01,1.887187304149507252e-03,1.003732053843650052e+00,6.392187150693808828e-01,-9.005266150686929150e-01,-7.396706825519177020e-01,-1.637766292704093907e+00,-3.999252641886418269e-01,1.315002749535932880e+00,-1.674080110727611259e-01,-9.311893717500073775e-01,5.370434636603380607e-01,1.064556857965589964e+00,-1.662845991410111246e+00,-1.756763036181639537e+00,-1.065871462304747608e+00,1.836363717631739112e+00,2.329391317815530549e+00,3.857488429307635580e-01,-3.148667382127104952e-01,-1.573962061971523996e+00,-7.452359120475440801e-02,9.707771239796417206e-02,8.238564780381600894e-01,-4.643559337552622401e-01,3.733087466766930040e-01,-3.016654268353277324e+00,-5.200672576578212469e-01,-8.649065575649484972e-01,-9.057754288607353654e-01,-9.853108107743493438e-01,-9.273512911939996162e-01,5.395302285994225677e-01,-1.178204298150828944e+00,-1.501789785017597634e+00,-4.058399410955331188e-01,3.203697417636185429e-01,2.808776935772313577e-01,4.633070443178265996e-01,5.061541513058503972e-01,4.565169384009987175e-01,-4.178311830334013321e-01,-5.586629143882976961e-02,-5.080091421424417497e-01,-1.206612128574108267e+00,3.821809252441120131e-01,-1.443657152061345261e+00,-2.156068719597446393e+00,6.992876532749637830e-01,6.196533300247486498e-01,-9.860355962168994015e-01,-9.521446476958829175e-01,9.973649959100617801e-01,1.156224755960469031e+00,1.971036780168625713e-01,-7.942882815787054573e-01,1.554967369613535766e+00,-1.054437926653577051e+00,1.549574246761219465e+00,4.022763786702497901e-01,9.900252850535162796e-02
4.495567013543489421e-01,-5.226312461827352651e-01,5.732126655405540561e-01,5.407570807042371142e-01,-7.689933799706440976e-01,1.903265349255881533e+00,5.589082608025119914e-01,-4.793433145147332763e-01,-6.334365024350093742e-01,-3.495547256536387648e-01,1.636275655256889117e+00,2.371479863807251842e+00,9.737764525053003994e-02,1.182379439046574054e+00,9.907044678207528321e-01,-6.822272866982138639e-01,6.082720067004541153e-01,8.898441672572465766e-02,-3.247195302871144773e-02,-4.725522457990821018e-02,-1.268204742107286731e-01,3.149803325508199414e+00,-1.221502923738329249e+00,-8.907975065430207007e-01,9.003051130499367671e-01,1.294359217535454354e+00,1.444523258367248708e+00,-2.510615237028079427e+00,2.803097748283542412e+00,-2.916396211913102055e-01,3.366779483827160857e-01,1.388381679698921234e+00,-8.977529910623759379e-01,-2.821897654263544108e+00,6.389861420764000322e-01,3.213574028497744317e-01,3.113556572960669566e-01,-4.580939388425671055e-01,-2.253723810142395756e+00,4.251421867145059319e-01,-1.417744365656476435e-01,8.313742359186739872e-01,-4.551364836006516756e-01,1.942475223561673126e+00,-6.779248051727735369e-01,-3.165744305884311133e-02,-1.392535769187062122e-01,-1.392441393486481882e+00,-7.982687533303256533e-01,3.820856926045925195e-01,-5.934322687975919219e-01,1.058089516401487656e-01,-1.860464366397974675e-02,1.335656006998453327e+00,1.583819954856626522e+00,3.548039417383176408e-01,-1.414659018748068764e+00,6.740726368566933857e-01,-2.591415714105116397e-01,-6.042150500064630281e-01,1.932504857174207391e+00,1.984629226213412978e-01,-1.848238284607273685e-01,1.368518277914639425e+00,-8.005266534604763562e-01,5.331023308126114912e-01,9.225147663164526834e-01,8.413650893187301083e-01,-5.324538004982027894e-01,-7.028878254433676975e-01,-9.143794327572919434e-01,-2.601528275834052994e-01,-6.710085816189010899e-01,-6.183576693726846596e-01,-6.529326138714258709e-01,-7.468010040451753540e-01,9.504976470986332970e-02,1.253715751589618288e-01,1.375789171946395939e+00,-7.134757522550151387e-01,1.323446783706034857e+00,7.393539192427230899e-01,-6.356625627485553709e-01,8.020756533061597082e-01,-2.015278128767527210e+00,-1.552801320832006615e+00,-1.782680843358674272e+00,5.817977802123478481e-01,-1.576268405005192552e-01,-2.987655762276584803e-01,9.539868892052615346e-01,1.452110012692914565e-01,1.490783048752180706e+00,5.212956978283883602e-01,-1.855363580514876931e+00,-3.637677258062497199e-01,-1.197091463055034444e+00,-5.993428351367997564e-01,-6.990980897764574875e-01,-5.328021009607480235e-03
2.422816773818746494e+00,1.130244054414238364e-01,-4.817034115916576931e-01,-5.626592376784280702e-01,-5.626679829289260582e-01,-3.581623376518374702e-01,9.372173051557607382e-01,-1.535589956460935213e+00,3.262609492206177686e-01,1.674187539442200667e-01,1.925069994093131953e+00,-7.890159127937891592e-02,3.728640675913968416e-01,-1.107925849302912047e+00,-2.315385906892057033e+00,-1.477034673694438860e+00,1.023166095225158223e+00,-1.057152498418099995e+00,3.165716642019721139e+00,-7.414386717960254058e-01,-3.178796317919415415e+00,-1.609022257072628415e-01,-5.806665768777057313e-01,-3.799393160450743046e-01,-3.020290220682364524e-01,-4.120336170369366391e-01,4.218006432941268646e-01,-1.752421537150263608e+00,1.481700411895925384e+00,6.889923161597267809e-01,-3.017634264640215225e+00,-1.369604637588887064e+00,-1.545340445099352200e+00,1.783191321958301767e+00,-1.112086147124442093e+00,-1.034815546906655337e+00,-1.097911318162896555e+00,2.604659465609130420e-01,-1.754677461244453340e+00,-1.080838438305890881e+00,-2.273844505798874871e-01,-2.365626244011259302e-02,-1.821657119392578184e-01,2.541743798650268449e+00,2.402222236030265301e-01,6.218204975792911843e-02,-6.826888772852302001e-01,-8.017492246757783603e-01,2.511835930583387055e-01,7.694221587891077185e-02,-7.711888992169638746e-01,-2.546175626286666382e-01,2.463361850076047355e-01,3.789155703135115849e-01,1.224358953741166101e+00,8.841470863586677054e-02,1.684547666196384297e-01,-1.530682841070183153e+00,-2.252403070233457427e-01,-7.352107260512533715e-01,-2.145261268172179644e-02,2.228378058262630579e-01,-1.182395528748684255e+00,-1.207183968177553135e+00,5.786343544247150028e-01,-5.761170807861768495e-01,-6.757248651431250197e-01,-4.261521859214244534e-01,-1.672314479168854617e-01,9.784893170314558075e-01,-1.833899389772858157e+00,1.731262402383341614e+00,1.315203019048456490e+00,4.235332915691588096e-01,1.360602696432337000e+00,1.729283650223974733e-01,9.561362512331578190e-02,6.433160185302125855e-01,3.430781527682602583e-01,1.600811320183901820e+00,2.039491502884016594e+00,2.301527215671547832e+00,-1.983680804194837943e+00,3.139027541500491762e-04,-5.268914297883428577e-02,-4.782182445611337096e-01,6.460387213674216866e-01,-2.808902744565017762e-01,4.801426162136886999e-01,1.147302942151443572e-01,7.186832263451021774e-01,-7.857489929022082320e-02,-8.601159664248970715e-01,9.458685919549404408e-01,-1.193435027912478352e+00,-5.352941785245856066e-01,1.047614523720531432e+00,9.384776476741817364e-01,-1.398975119490219465e-01,9.202074770203587661e-01
6.554013115352411711e-01,-1.381189791391876920e+00,1.001624049653704551e+00,7.721621595318425291e-01,-4.329832399912347252e-01,7.404452397608549119e-02,8.453696983810272680e-01,-1.872260879951316737e+00,1.566219793513685454e+00,1.269471788669904733e+00,-1.526568092148686162e+00,-1.799615287886610515e+00,2.889476852642441362e-01,-1.586841328243286053e+00,-1.053765467491819763e+00,-1.155029179728124245e-01,-1.324059705766012840e+00,-1.730544178983905168e-01,1.263830725096539931e+00,1.014224206059938016e+00,-1.174399702584958849e+00,1.486967417529936553e+00,4.445817794378075227e-01,8.667793359729000224e-01,-6.606180613084030595e-01,4.880581936709970647e-01,-2.292698191701475263e+00,-5.965054565248654184e-01,-1.102558523411635988e-01,-1.151932733655770758e+00,6.915002650073119872e-01,5.355186641828864058e-01,2.282250366822955012e+00,8.102912073061999676e-01,-2.769158769513353491e-01,2.324526047539133278e-01,7.281340116857483169e-01,3.115137178493677661e-01,-1.380084417970551369e+00,1.138770932823238990e-01,8.839882199278475960e-01,6.413097419089661133e-02,6.637093475595279291e-01,8.169198521573914906e-01,-9.748409654491347887e-01,-3.888694173578969293e-01,-1.481176857798962798e+00,-7.753683995885423119e-01,4.852954929464055045e-01,-2.010511555582685350e+00,9.167404728005322800e-01,9.204730892653122387e-01,-5.377645273875779619e-01,2.856788555352144154e+00,-7.540598831843285943e-01,1.690183645778837174e-01,-4.709590303100972264e-01,-7.515613252175029624e-01,9.130141587818677573e-01,-8.127916795580987508e-02,-1.142950362033912315e+00,8.495440483498951922e-02,1.488303820373325925e-01,-2.293488410609104466e+00,5.018984575399891845e-01,4.066194197603505145e-02,4.103899582935890966e-01,1.444766634764980573e+00,5.906262926240775091e-01,-6.724419151222390534e-01,1.136703799460119457e+00,-2.060256925488266777e+00,7.446008583519010404e-01,-1.206574491961113882e+00,1.261493000790898433e+00,3.017880552197063082e-01,2.189708286470140319e-01,6.039462760832703392e-01,8.406403425159458820e-01,4.092788491262501771e-01,-1.541187886424086606e-01,-1.186746406737429593e+00,1.514466271336692760e+00,1.115510653207628239e-01,-5.810022382236795790e-02,-1.701948754115628279e-02,-2.532274571910571481e+00,-8.611876466453488588e-02,-2.109025456588366210e-01,3.521440544819078311e-01,4.511825620190015318e-01,9.846028782728601936e-01,-3.327699506779517868e-01,-7.013229711253727849e-01,5.326158813281849785e-02,-1.620817870134465100e+00,4.379379630669298362e-01,6.654325304412082032e-01,1.035363329584341630e+00,-1.034444192552083308e+00
-1.289051157761257060e-01,2.431029586847355539e-01,9.739641665980844909e-01,-1.344337964954423620e-02,3.910154787026308698e-01,1.315077657323087790e+00,8.805693234139815306e-01,-7.226370819007306157e-01,8.470574462434771190e-01,-6.172257969069812056e-01,-6.410759604745984441e-03,2.472942377357108257e-02,5.311018688128928966e-01,1.300451972105208354e+00,2.323279944149646337e+00,4.843948263645320162e-01,3.923341737219073755e-01,-5.286891056762762497e-01,-5.512774292793973796e-01,-1.218195521110373214e+00,2.396164765954710063e+00,-2.729035984053158614e-01,7.682578766300363071e-01,-2.298098777135163751e+00,-4.780300712895249049e-01,-1.320160904156011172e+00,-1.239803052229324354e-01,-4.580991144922659797e-01,1.812637568096022500e+00,-1.622810525008764548e+00,1.588997033962315175e+00,2.797666056317738015e-01,8.256894582325001730e-01,-7.182442556677739454e-01,1.686385672025582538e+00,8.480924278576750241e-01,6.449349536167711117e-01,-7.969295011871863066e-02,1.048672614039724893e+00,1.063897557919976228e-01,-7.873442529647025623e-01,-1.735339061161258190e-01,-7.921924874573008646e-01,-1.100491753011281659e+00,-6.530218962178514774e-02,1.470359022043149055e+00,5.063631981141583083e-01,-1.474408953950633760e+00,-1.973092416277580918e-01,-7.831905779535718315e-01,-1.189557322769398073e+00,1.815826513853019963e-01,-8.666512574138732564e-03,-1.813330628109707909e+00,1.874247846306740017e+00,-2.441970495548194009e+00,3.699170316648587309e-01,8.728250374950194956e-01,6.655328545242407134e-01,7.562816031296053509e-01,1.267882185605808454e+00,-1.866813626094112166e+00,-4.846419437136627595e-01,-8.192708889678681494e-01,-3.594975594402045060e-01,-1.214016701483036087e+00,9.803810094829022992e-01,-8.434221066460295679e-01,-1.509234687273906417e+00,-1.331848948225377915e+00,5.666254583370425868e-01,-4.331902990367940132e-01,-1.271629691001890938e+00,1.096109655401178440e+00,2.393277916965268759e-01,-1.339702105660873110e+00,1.491510759827204380e+00,-1.482093847102137485e-01,4.723446324419438014e-01,-4.671585802729494308e-02,-1.373585379776087745e+00,-1.036694288605461312e+00,4.745620753732397445e-01,-2.921441571117125990e-01,2.664424598015437406e-01,2.603630206291790983e-01,-1.031171979029356978e+00,8.187957984134213163e-01,-4.140568665509693214e-02,-6.963846257706888254e-01,-8.809138778988970242e-02,4.053463463951261225e-01,-1.171194858951955409e+00,8.387959901548230901e-01,6.780107595915819685e-01,-6.606512390020512493e-01,-1.224210144136407719e+00,-3.037185420665993729e-01,-8.694365733047108857e-02,5.866085065014782218e-01
-1.327510782783912768e+00,-4.008918834757490002e-01,5.264305163295550649e-01,-1.449971478308947459e+00,-5.537610020827865576e-01,-5.500859043426535866e-01,-1.043835804916018350e+00,6.312659802417086574e-02,2.502274676485006788e-01,-6.411714141632024466e-01,-1.382555428569079758e+00,-1.852674567126161298e-01,2.267447225608208994e-01,-9.132551181934380757e-01,1.370923483157173273e+00,-1.037220544360665686e+00,-1.803161319429254575e-02,-2.086063656902622299e+00,-1.968160261344526596e+00,7.460570995551191187e-01,-6.194751274599923363e-01,8.204566088367336585e-01,1.976501637831963865e-01,1.433623868147864355e+00,-6.489502731593832507e-01,4.876561504429391958e-01,8.909479490723587469e-01,-7.572563455427807622e-01,2.964157345252002584e-01,-2.046820153966379507e+00,9.178133859025154884e-01,-7.889381446433995082e-01,2.717082273942461601e-01,4.342008047373407259e-02,1.256964474905844620e+00,-3.306850291851933799e-01,8.323687157875232501e-01,-1.148181366059643604e+00,3.695270682852933031e-01,-1.245392521808197372e-01,-4.484897565749194071e-01,-4.025412149247153404e-01,1.208270905584859278e+00,-2.200391213406284463e-01,-1.411874868687238660e+00,1.757840415695728908e-01,8.567123747146232482e-01,-8.583856999541616961e-02,1.783680244602825038e+00,2.556904261488378571e-01,1.782557772037492771e+00,-1.024270956683248912e-01,-1.518194784537907793e+00,6.241616410095962575e-01,1.794858287483099391e+00,8.186905390929113402e-01,1.340737629184460544e-01,-1.820490236172800147e+00,-5.136371458850816918e-01,-6.788483727042379234e-01,-1.861407297716771048e+00,-2.339438257785227682e-01,9.836877919215275892e-03,-1.664263110383403355e+00,7.147329522839458438e-01,-1.047397863649701888e+00,-1.392211699248791623e+00,1.282530119845670669e-01,1.488899762578834718e+00,1.676706698832161946e+00,-5.658845661872312638e-01,1.310727646015612757e+00,-4.375363829696571338e-01,-1.056146397060172992e+00,-2.013366700581049329e-01,5.129881136411874598e-01,-5.195274332413488683e-01,8.354328647549092990e-01,-4.929906192199844384e-01,-6.204131220402139268e-01,-8.946407694774589636e-01,-4.785140683790010674e-01,1.882094117276437301e-02,4.530747592460184769e-01,-6.631372213223036827e-01,1.509740867486247806e-01,-6.386635109341575189e-01,4.326907953677037733e-01,-2.397990367780614029e+00,2.689421579774881610e-01,-2.385183552432592169e+00,1.975551014110350223e-01,-4.682281709097877997e-01,1.253669592930648502e+00,-1.146048778843355320e+00,-4.870881191351916217e-01,-6.446044761830371783e-02,6.179670303649366092e-01,1.196252683530460770e+00,-5.449473596103804329e-01
-4.612289235604234983e-01,1.764251462110379975e-01,6.675043378590869714e-02,2.677304084486904490e+00,-3.278130076284327399e-01,-1.656273343814281540e-01,1.019351605123129723e+00,1.296551569534946324e+00,7.680778136286593449e-01,-7.998066308007566461e-01,-1.011313995659604836e-01,-1.964893155637538469e-01,-2.803888026168736003e-01,1.527976116405894147e-01,5.179871312171006013e-03,7.520868785135543799e-01,9.164409034060084780e-01,1.544716368838352727e+00,-4.371431142869817293e-02,-3.842744669637975230e-01,7.301506053769174498e-01,-6.537431583800707990e-01,-1.930886573870138345e-01,1.041975944544182853e-01,-1.332205153241522888e+00,-6.105346963377434877e-01,-3.152064835157329381e-01,-3.951373479371401154e-01,5.534250504703450702e-01,-1.258886684641461473e+00,-1.240071138788780170e+00,-1.085674753937846543e-02,-2.338232103052940491e+00,-9.225653517749162758e-01,1.296154863732636997e+00,-9.461557854031156234e-01,-8.835359651414931292e-01,1.064594629365522627e+00,1.710296558104463127e+00,-7.242368864749115787e-02,-4.500867173665846765e-01,1.131390024025399788e+00,-9.214649528677008039e-01,1.355012321089706484e+00,1.064703322632591265e+00,8.677586449128547874e-02,-1.284682248283678663e-01,-4.791896227129367469e-01,1.231727917924856364e+00,2.344862959968505023e-01,1.112568211927583289e-01,2.363590580392339324e-01,5.639217382311000337e-01,-6.814375080814331909e-02,-2.304443372195548734e-01,-5.567453523961917172e-01,-6.879605473572911745e-01,4.585536676033771242e-01,-4.688519281980154003e-03,5.947091940787838787e-02,-9.846735376903515968e-01,8.940225251972273579e-01,2.438260980628032815e-01,1.883495503841376095e+00,-1.644298476984642488e+00,9.377334774062531242e-01,-6.475793334697844683e-01,2.089694295064432161e+00,-5.669888108392998755e-02,-5.020938743562032291e-01,-1.174593803151796206e-01,-1.058138149065343425e+00,5.927216851862070479e-01,-5.162352787884177951e-01,-6.646721834602433709e-01,7.491853530950873807e-01,-4.542503586611292277e-01,-8.268214310872554762e-01,1.793056041294198710e-01,-3.802217418729925136e-01,1.058450877290769032e+00,-6.477459148622646268e-01,1.127829165489629526e+00,1.226963481305845427e+00,-3.530119310980139868e-01,-1.587529502730908870e-01,-1.323637060178183278e+00,1.156090713147976068e+00,3.938614397612144602e-02,1.079590971193794269e-01,7.327940440035808356e-01,-2.300263509329655010e-01,-3.230338771553111221e-01,7.766039505127112497e-01,-9.783687023361922752e-02,-7.576398545699791764e-01,1.551556057976872238e-01,3.486860365274392637e-02,1.053168735015464375e+00,4.152791006740836899e-01
3.114711928163543808e-01,5.021542749718456156e-01,1.925206622961368907e+00,1.572895927888549261e+00,5.933693666384386445e-01,2.616170668657004095e-01,-1.056788497145672023e-01,1.228025935324279228e-01,7.221777479356055185e-01,-1.606801175418133054e+00,1.164437855622657780e+00,1.626824705558283402e+00,-1.571368739945031567e+00,-6.127160954286618999e-01,5.714665607407221071e-01,-2.789928687601177959e+00,-1.341630131394361269e+00,-9.376007777965464918e-01,8.987163123676810139e-01,-1.445081814924526586e+00,1.687687407094458747e+00,1.508061971852713012e-01,-3.654708368235940613e-02,-4.020582711383209884e-01,1.618871680669143887e+00,-1.445017233794950763e-02,-4.122686521149450389e-02,6.540003870302294464e-01,1.585378936287892726e+00,-1.485809370985241296e-01,-6.684113767965638164e-01,9.524050099921784751e-01,-8.296663646084155574e-02,6.739180331784365707e-01,7.145930597295063746e-01,6.505407522313901847e-01,-3.038791614126707397e-01,2.319023587654513108e+00,-8.395174009842552021e-01,-8.692054714410942795e-01,1.241160801670714076e+00,6.330656525258650247e-02,-6.432536561808114284e-01,-8.083107115200341974e-01,2.224743965061601436e+00,-1.642597751853367649e+00,1.061276745805014854e-01,6.920274176002584599e-02,8.546108568468022693e-01,-1.060594606075834001e+00,2.596715604678610512e-01,-1.046904174358789907e+00,7.131605085220269480e-01,7.776201212210525071e-01,1.254066164206658840e+00,-5.429882001756926035e-01,4.262474746084920496e-01,5.777490173140136243e-01,-1.489828037915297054e+00,-1.689004905288759018e-01,-2.264080519378231654e-02,-8.372947974600583043e-01,8.944263884716132651e-01,2.547687606598979526e-01,-1.362297132415675738e-01,-9.458449766764308597e-01,6.931345119046820047e-01,-1.015098351526339870e+00,1.553732232519458689e+00,-4.724408249234038903e-01,-5.226367425344818907e-01,-1.928318193043059292e+00,-6.358224052442355001e-01,1.136053370667192697e+00,1.355463485801400525e+00,9.747329517566194479e-01,-7.417064564178291741e-01,4.155083272742717271e-01,6.962661961127500909e-01,4.571460577555738203e-01,-8.840688893554060623e-01,2.501609651189172778e-01,-1.015217490757397423e+00,7.975960373733259612e-01,-4.238584012427292769e-01,-1.149930232528853624e+00,-1.644088218721821537e+00,1.113018190201335633e+00,4.961573601356201180e-01,-7.223996797236988121e-02,-7.188001884889944071e-01,-1.035188230913077989e+00,-3.277619867811222831e-01,-3.808504615760917589e-01,-8.933079291758451168e-01,-1.976707502862023347e+00,1.028147381353071016e-01,1.216775627817776595e-01,-1.174799341901369809e+00,-1.257016225516765395e+00
-9.397822754033697823e-01,2.814534311549475643e+00,-9.933813669825767006e-04,-1.318980543372913483e-01,-8.248730132103034851e-01,-2.886678365930854806e-01,-5.989539894428793643e-01,2.123466514122692994e-01,2.452414104212696788e+00,-1.681678884855360767e+00,3.809407677462118835e-01,3.923923708875416971e-01,3.166387006171976770e-01,-1.148444334554694080e-01,-4.203619840563633803e-01,5.009194553502005487e-01,5.848334779189030136e-02,1.445160043140446993e+00,-5.518691428855405645e-01,1.063150685843426757e+00,-1.579220367524063029e+00,-1.247360271615466365e+00,2.110661619946556100e-01,7.564247982926340930e-01,7.944080954069978606e-01,-1.226306053832643128e+00,4.468727011405022598e-01,-7.767057691800434149e-01,1.316585541331743769e+00,-1.391225741792359472e+00,8.679370393069308492e-03,-4.453043389970940957e-01,-2.124664685642416728e-01,-1.267372895581827308e+00,9.463943645094390344e-01,-6.529644620214535011e-02,-9.563321024017236438e-02,5.104399484928386910e-01,1.616230647747113336e+00,-2.767465946166731694e-01,-1.961702836692887031e+00,1.553877468635840031e-01,1.310677832812706889e+00,-1.436477239602001799e+00,-5.232406387924223301e-01,-4.788688686938494254e-01,2.415947624959997597e+00,1.245554663704614429e+00,-3.054751559090655544e+00,2.454796492529046359e-01,1.063724714396115267e+00,1.414687519679276084e+00,1.666705386655166432e+00,-7.299996545959912542e-01,-1.096452744353632741e-02,-1.329658680891555216e-03,1.941507734297387711e-01,-1.043149996570747140e+00,-1.191913937695768588e+00,-3.054644221378032487e+00,-1.717956166535385520e+00,-9.711678734950530689e-01,1.205690169180203108e+00,-1.659464065074250927e+00,1.324862099232842816e+00,-7.527847000691328949e-01,-3.547814402260315858e-01,-3.499510822031259849e-02,-2.021129386299006292e+00,5.096463062612861528e-01,-3.999393110242973476e-02,-3.319590532328122734e-01,8.029536692217402738e-01,-7.369300352976977386e-01,-8.065501760856447211e-01,-2.726408174969447984e-01,7.826235981825792054e-01,5.455227557308536257e-01,2.063341315096794693e-01,1.109429707902684692e+00,1.497055879155054919e-02,-8.639801304218786004e-01,-7.905758135736777881e-01,-6.807457917937155267e-01,-8.228029147338266069e-01,2.487873102263958927e-02,5.549325968686087407e-01,-2.932696237644828674e+00,1.098115336250923835e-01,-2.094523020740161723e+00,-1.089958099364606303e-01,-2.098697612142685465e+00,-1.893383853346438217e+00,1.405784911572463880e+00,7.598097317880452284e-01,-2.348369128364448333e+00,-3.565017999318572661e-01,-4.449351620009311947e-01,-5.590865957707954470e-01,4.089490209619257577e-01
2.244044407880029512e-01,1.360545090886297603e-01,2.100082405001394648e+00,-6.316954659424904861e-01,-3.217374471377666412e-01,-1.528291708968256835e-01,-5.047000219154536005e-01,9.657957540862358581e-01,1.407778629894854472e+00,6.134462734529609884e-01,1.991818039793737061e+00,-1.886184925341662932e+00,4.154929856189484849e-01,-2.585543313037780289e-01,4.856127574489475102e-02,-4.885738163274941925e-01,8.771916746429919698e-01,6.800788086282223421e-01,8.361025454179703276e-02,1.716037091909875967e+00,1.642217954336662178e-01,1.462953166386940507e-02,-5.220130656337829134e-01,9.020338782446704617e-02,2.557039298933765914e-01,-5.123723628764463855e-01,-5.906369383952856378e-01,-1.483883343094010432e-01,-4.114009196946549207e-01,-1.379608168023970682e+00,9.082626812676575234e-01,6.230829374840843871e-01,-1.924509361862706269e-01,-1.770232654794383631e-01,1.801360364789748036e+00,-8.326383939052569572e-01,5.357751528629256521e-01,1.079949093634598345e+00,-9.395592348729139287e-01,-6.176174336765465345e-01,9.872944472450335684e-01,-4.305633912982712586e-01,1.087524531789116677e+00,1.076217564203202137e+00,-1.186682019149139400e+00,-3.495396702704399172e-01,1.377506850424977392e-01,5.756757045301822417e-01,-1.727254364101787065e-01,8.964218539108445016e-01,-6.460348043383634664e-01,-4.826395876107527627e-01,-8.211287119081123187e-01,-6.189550912962710205e-01,-3.334623865931161668e-01,-3.585823702811882785e-02,2.008968058341668861e-01,1.779241567411481706e-01,1.502285178016848910e-02,-1.129354270370507562e-01,-1.368546229728728192e-01,-6.109178172280553543e-02,3.754602800675355123e-01,4.315308367696878977e-01,-1.375107540251303273e-01,2.118657492376583296e+00,-2.976537199481608109e-01,7.631732956650454092e-02,-6.591998499852945725e-01,-2.367738667516514184e+00,-7.356935956453365399e-01,1.844054328578579871e-01,-1.005944279787086781e+00,-6.921554346280080205e-02,-8.613844835022009816e-01,-7.682165658500379468e-01,-1.518473100264847442e-01,-4.199245485130987943e-01,-9.548706240586242178e-01,-9.290978177163348173e-01,2.659547638475647791e-01,-4.094470160489814270e-01,3.066126341612596673e-01,-1.272128779787033426e-01,8.959398407791958618e-01,-1.025485492799942167e+00,1.376054243600836280e+00,4.782091227207597300e-02,-1.798782290384014049e+00,7.222147464531073480e-01,-1.477324277680043707e+00,-1.115064310696257888e+00,4.331802035381007721e-01,-1.335213175407208075e+00,-4.713768960902582350e-01,-1.599641394916749837e+00,-6.972126388842653233e-01,3.887355884666083838e-01,-1.086781235984805249e+00,-6.035648626259472183e-01
-9.792081214246798337e-01,2.282606158879940117e-01,-3.255693724365842957e-03,3.504764542537650018e-01,-7.093356609918660682e-01,-5.058311223789747624e-01,-9.303274357285385987e-01,-5.827712407373621950e-01,6.549921343258353623e-01,-3.242007801160402547e-01,-5.833120027938963892e-01,1.553115914872321035e+00,1.717038619069612970e-01,-8.367443596189119148e-01,1.079025811172805493e+00,-1.918388475661051640e+00,-5.811269265820244723e-01,-7.371807003373834211e-02,8.521532363061415927e-01,4.434124957571740355e-02,-5.350972493362011750e-01,-6.749901425678865863e-01,5.710292176682350007e-01,1.401200264993186062e+00,-1.682205103171770522e-01,9.825770690073690194e-02,1.943518428804998255e+00,5.148408503912389467e-01,1.094995084998263479e+00,3.187229432660426687e-01,-1.143944006905347921e+00,-1.744719588836454727e-01,4.369622505436203119e-01,-1.405028481664791773e+00,1.919957871195321353e+00,5.892384726232881009e-01,8.074468804862684479e-01,-2.672413811646324744e-01,8.935776663867690539e-01,3.956362864574778371e-01,-5.635385250204740792e-01,3.616796748413340090e-01,2.773785582940120342e-01,2.472546576564543797e-01,4.525656622270867735e-01,1.038225299567329341e+00,4.874475584305446585e-01,-8.949803503853859254e-01,3.511771088723527057e-01,-2.543700816656823127e-01,-1.177507363943831820e+00,2.416626831976115275e-01,-1.428795580426527323e-01,3.524637665802606012e-02,3.285128504604269972e-01,-6.504637910197269557e-01,8.452980953438109513e-01,-8.304497877600479638e-01,-1.296760840935033077e+00,7.317707735671501457e-01,4.468166059998539968e-02,1.554426052988877871e-01,5.970742424074800825e-01,7.326752291737133049e-01,6.552278051211370136e-02,-2.439201284505242151e-01,9.921612242396010695e-01,1.344512749739946944e+00,1.410868984672419169e+00,-6.014673458360868530e-01,3.493463693964184436e-01,8.285223629304595550e-01,-4.943303072638737805e-01,1.708259890404756565e+00,-1.017430477017460116e-01,1.021189701040774889e+00,-1.563931592507998569e-01,1.103610161052456240e+00,-2.505289489142383808e-01,-1.131496565909094310e+00,1.136283086281663524e+00,4.907849876676620982e-01,4.503406450707369557e-01,3.941157736429459074e-02,5.634083847858695204e-01,-4.123056163414405839e-01,1.498878783625714473e+00,1.847220026558237027e+00,7.288050068203874021e-01,-1.445020639892624637e+00,-4.571230564882952652e-02,-1.004546778875080149e+00,1.299884885143222923e-01,-1.525110058442022298e+00,-1.227413053560674205e+00,1.143724391674296736e+00,1.345762203513874988e+00,3.245280828521370231e-01,-9.782638178984942590e-01,-9.914711476527288125e-01
-2.888712321423766216e+00,1.066276887537719542e+00,1.003393035678740608e+00,-3.117469342205673177e-01,-5.764811698533616607e-02,-2.039446736248702319e+00,-7.636048508074461116e-01,-6.078763239617267500e-01,2.450943024939944148e-01,-2.865107206526101291e-01,-1.984990485382571279e+00,-4.609928878536463936e-01,-4.243368444536659845e-01,3.897638953653335125e-01,-1.747813920536565868e-01,-7.424875377903770168e-01,9.014312136965983713e-02,2.183481024836334827e-01,5.726513244802037272e-01,-6.110412848587323253e-01,-1.133771499656011650e-01,-1.089325916305784236e+00,-1.167570176263232451e+00,3.180786995702981623e-01,2.208781297350584261e+00,1.168370272684655209e+00,-9.438222498659684101e-01,-6.829906276740229654e-01,-1.560838216561832414e+00,-4.126653208800743489e-01,7.324514384495540709e-01,-1.310960363140622142e+00,-4.587289998099928767e-01,9.410953309552682056e-01,9.455707721327812898e-01,4.421047723046188892e-03,3.270829240488050127e-01,2.785530316378095783e+00,-6.261398237585418247e-01,-1.419011506929209299e+00,1.752561463725291535e+00,-1.700566351913352037e+00,-1.399714224925593831e+00,7.089138192778016156e-01,1.011069236945268068e+00,2.135100879868661039e+00,-2.275869963375739269e-01,1.116663117182030290e-01,-1.306473620447996975e+00,-5.582284401587741529e-01,-1.491482537424116739e+00,2.502776117187723859e-01,6.061156742944844300e-01,-7.705883804753357325e-01,-2.712164749002808350e-01,5.801661072715069700e-01,-3.227020742673403775e-01,-1.343860843326390775e+00,-2.729131703775637408e-01,-3.620227044216360324e-01,1.045151977526575848e+00,6.271444089365590946e-01,4.332063535697394663e-01,-5.656558230391778297e-01,-3.605048779632917255e-01,-6.782388804210557343e-01,8.985346583079663330e-02,-3.690875501827672323e-01,-6.566652646557336048e-01,9.146925530595909626e-01,-3.728011121062924094e-01,1.303734052948860578e+00,-2.551431073375928782e-01,-3.783337679449709223e-01,8.731814254622674021e-01,-5.953406893852207782e-01,3.532051267505343373e-01,1.071969471009699415e+00,-4.897534139670869924e-01,1.610385552798730344e-02,8.846218645107853940e-01,-1.208483376273365717e-01,-7.799817595461734365e-01,-5.129457738766410868e-01,-9.658839740559744397e-03,-4.954403741477307888e-01,-4.459409025426354090e-01,-3.457833030726413237e-01,-3.355237662317077652e-01,3.587224149104669690e-01,3.352347889202536013e-01,-8.362040984780718667e-01,-5.527986727770958231e-01,-1.635911241274572436e+00,6.758722902818442568e-01,7.845324199682243149e-01,2.014061889412962270e+00,-9.547383454788239687e-01,1.065551061538965172e+00,9.487899793602986437e-03
-9.536633771488564615e-02,1.958824850116106076e+00,1.661080119087128271e-01,1.214227371068630434e+00,1.303022194728918060e-01,2.632110638580478668e+00,9.933661236624016233e-01,-1.582175137860468039e+00,2.719519396318857418e-01,-2.243538295780530822e-01,1.356382659328362772e+00,-4.009807497056217529e-01,-1.927816215609809314e+00,-8.082248130045227574e-01,-1.518857427882209121e+00,-3.817066943255525979e-01,-5.636062200758458207e-01,4.768711937992510808e-01,3.876714339003073384e-01,-9.681356252895965964e-02,9.058436198808356155e-02,1.434260440287828287e+00,2.371888603873873458e-01,6.085480965213871940e-01,-7.675017814984638198e-01,-1.228239167195908754e+00,1.555095257250578011e-01,1.981049651844452308e-01,9.010725680505153878e-01,9.741140230127977029e-01,-5.989134302937287879e-01,-1.767922966717664357e+00,1.143467610797207046e+00,-1.097591264489680363e+00,2.247197241548705426e-01,1.162210684012929818e+00,-1.313218598059840758e+00,8.115902860755936504e-03,-6.301421712369877914e-01,5.852171440717490736e-01,-2.036172965602121021e+00,1.012264840857566517e+00,8.112820264327123831e-02,-1.539982644395425870e+00,5.553028872009485584e-01,-5.931506019236746363e-01,-2.940825778957846803e-01,1.074764556897100931e+00,4.767237827361039404e-01,-9.737347899343768223e-03,5.307365495490739410e-02,-9.496006126564853211e-01,-1.927476441329534884e+00,-8.744647682949573397e-01,1.235488034159409665e+00,1.286820642978254492e+00,-4.527096399240901903e-01,1.127154485545346141e+00,6.384645919498312949e-01,4.934687654560712122e-01,-1.165989749274367160e+00,3.806474885305771716e-01,2.476250265435217646e+00,-3.357451223855645317e-01,-8.445505020352661596e-01,-1.436940781505374187e-01,-1.496105418108314655e+00,4.666054674223935606e-01,-1.132227655790466025e+00,1.244370839691144592e+00,-1.211444618309391652e+00,1.622213420967344721e-01,-1.483118768734081216e+00,2.297026546483125764e-01,5.100427871325420304e-01,-1.626845290281783374e+00,-3.039662806040036025e-01,-7.122259604130410926e-01,-7.285015737371732802e-01,4.490677000953767206e-01,-2.486330044688316587e-01,-7.121405045766199260e-02,-2.544725473901908175e-01,-1.384545252341318866e+00,1.087096849008205579e+00,-1.217179948056286820e+00,-1.369882651925345307e+00,-1.092222787702161080e+00,7.501407474850348978e-01,1.462554737879018685e+00,-1.757228329472670270e+00,1.106912157748172421e+00,-1.765008887376142477e+00,-7.964654403785159653e-01,-2.062422327070122519e-01,-1.084596166391065541e-01,-1.278887352427300783e+00,-1.837582969469888639e-01,3.988059344597817968e-01,-1.570363399947460215e+00
