nan,nan,nan,nan,nan,nan,nan,nan,nan,nan,nan,nan,nan,nan,nan,nan,nan,nan,nan,nan,nan,nan,nan,nan,nan,nan,nan,nan,nan,nan,nan,nan,nan,nan,nan,nan,nan,nan,nan,nan,nan,nan,nan,nan,nan,nan,nan,nan,nan,nan,nan,nan,nan,nan,nan,nan,nan,nan,nan,nan,nan,nan,nan,nan,nan,nan,nan,nan,nan,nan,nan,nan,nan,nan,nan,nan,nan,nan,nan,nan,nan,nan,nan,nan,nan,nan,nan,nan,nan,nan,nan,nan,nan,nan,nan,nan,nan,nan,nan,nan
-3.197188159699824225e-03,-3.374074595242027713e-02,-3.139490126068417847e-02,-1.314893394478117671e-02,-3.074326484677192533e-03,-1.199308540913713618e-02,2.435864260963175373e-03,-1.764686095764401996e-02,-2.072604056898771571e-02,-2.132440636863022418e-02,3.027462117457972030e-03,-2.522284324849123800e-03,-3.486562590319341494e-03,5.411755739290458576e-04,-8.049483723455262349e-03,4.319684804014775614e-03,-1.888375078994826602e-03,4.250515783842973884e-03,1.063615439139643879e-03,-8.861122232857600312e-03,-3.252772129405832966e-03,8.313974232493332546e-04,-4.228097353203699900e-03,1.240898283223204049e-03,-2.673487832447523239e-03,2.055068496405596488e-03,-3.436460720211394985e-03,-8.351604275859103241e-03,1.197492785221519187e-03,4.518942847351379785e-03,-1.245482578347186344e-03,3.008318201191197659e-03,-2.632833527910059422e-04,-2.124186100057157828e-02,-1.406175554288503077e-03,3.639457550602823773e-03,-2.653389389335413222e-03,-1.961501297653897233e-03,3.754046006573954087e-03,-4.347692724790037130e-04,-1.711427339488136995e-02,2.604306422688358515e-04,7.419948386674272240e-04,-9.991572674421331929e-03,-1.840628276679818782e-03,-3.657920373232151183e-03,2.522231158981352601e-03,2.360310928126138456e-03,-1.651880794665015403e-02,-1.157446508145507438e-02,-1.549928739769188858e-02,-8.766481907273287327e-03,2.995887912191058395e-03,-4.207134141797310399e-03,2.106398155972198476e-03,-5.179487722917426422e-03,-1.766396246880762300e-03,-1.549704629178463508e-03,-2.673487832447523239e-03,-9.403665558776200945e-03,-5.880996885635520963e-03,1.226605284271952735e-03,2.268228141400866014e-03,7.447481475090105864e-04,4.055979818099875525e-03,-2.393002497685504330e-03,-1.902840009570628405e-02,4.461319944117258379e-03,5.965960183737093435e-03,-2.440916528171840905e-03,-1.934489620950314778e-02,3.318766820922114044e-03,-1.403423553195658115e-03,-3.344037450409279759e-04,7.157782827884618402e-04,-6.306978738470051145e-04,-2.289779419772947338e-03,-1.110873682515464700e-02,-1.587723863605353981e-03,-2.355497459747976467e-03,-1.935236071992507993e-03,-7.014046220999695450e-03,3.772426310123457895e-03,-9.869068006558491535e-03,-6.852645379879403198e-03,-2.339759098316821981e-03,1.349622643439618835e-03,-1.128426722496264807e-02,-5.534554641680716064e-03,-7.722757347515330981e-03,8.776559533686333590e-04,1.402630883623898965e-04,1.859300450278778384e-03,-2.680395363703378525e-03,4.149759879402593540e-03,9.108296700065716435e-04,-8.004427404114559247e-03,-3.881811877596228529e-03,-9.487933821229713183e-03,4.720477605389907308e-03
1.538243123501713315e-03,-3.154864456995699201e-02,-2.930467209680377022e-02,-8.822263797852475387e-03,9.432565744518756718e-04,-1.501257672303179039e-02,-3.407053957367616771e-04,-1.900547687326735458e-02,-1.965678464182531865e-02,-2.012982867764134820e-02,-7.631604354124489663e-04,-6.000466711166668396e-03,-5.562830977170292110e-04,6.768418514798368001e-04,-1.147602710090384059e-02,-1.151987763905429514e-04,-7.509212072624129502e-04,1.746835958237926692e-03,1.546372672590687423e-03,-7.595527727856156777e-03,-6.216879300019989129e-04,1.802905014244249489e-03,-1.507698750313525527e-03,1.363247478173733622e-03,-6.196480586436599021e-04,8.018880548765121383e-04,1.010302854286936145e-03,-8.741805169017166643e-03,9.024558019731158780e-04,1.835884222505359056e-05,1.802905014244249489e-03,4.209873046217728690e-03,8.018880548765121383e-04,-1.964234102899821074e-02,-7.048458870841181351e-04,1.022542082436971511e-03,1.198451189637450174e-03,0.000000000000000000e+00,8.121972085236228104e-05,8.443801562648110305e-04,-1.447477343537817082e-02,-9.991884049915448866e-04,1.029575158384487404e-03,-1.091125628986238695e-02,1.027502005369790999e-03,-4.353175169797849318e-03,5.023370340600613560e-04,1.873922032992941149e-03,-1.231946705500808377e-02,-1.325490392725523457e-02,-1.591247107632918004e-02,-1.113774605549613245e-02,9.165235844993442496e-04,-4.384843617753941998e-03,-7.448015931873954842e-04,-8.113152035400483103e-03,1.392213170699637911e-04,-3.650680656080278110e-03,3.936081288741135730e-04,-8.136667495011021961e-03,-4.359194896887115186e-03,7.436751416767639188e-04,5.267272659974643438e-05,2.140657076750174595e-03,-1.001228276349884223e-03,1.052654342871817616e-03,-1.737945201877063792e-02,-6.176081872853205661e-04,9.167349014814909049e-04,1.137496260189010955e-03,-1.565015469621042210e-02,3.792957477093811518e-04,1.746835958237926692e-03,7.896488267264764474e-04,5.923366419451627461e-05,1.196411318279111055e-03,-2.014106352097862901e-03,-9.148355652034560401e-03,9.146950301231515689e-04,-1.971930189679726401e-04,7.313601913800381370e-04,-9.128387527714630634e-03,1.182132218770736137e-03,-1.352457416581893078e-02,-8.091777015349084501e-03,-3.929747061694256402e-03,6.438095394705113010e-04,-8.843678090763069585e-03,-6.006188944692656545e-03,-1.078354558243071679e-02,2.311446859598190792e-03,-1.150914452434827347e-04,1.822857815503261918e-03,-3.264262962283868128e-04,4.189717833582868450e-04,1.129227770952606234e-03,-9.914699847018593193e-03,0.000000000000000000e+00,-8.338068068112819767e-03,8.039279262348513659e-04
1.166814070704406915e-03,-2.046975304737753965e-02,-2.054988654256327540e-02,-8.656731728170682580e-03,-5.710739111310880701e-04,-1.340351064985693605e-02,-1.591674871124191493e-05,-1.421479670869227850e-02,-1.624256387694737042e-02,-1.216091240436146040e-02,9.871123383724908929e-04,-4.311628891849377844e-03,-2.361037761181211669e-03,-5.443109688112843410e-04,-8.663853141529264876e-03,-2.193320147339517228e-03,2.070991472003648839e-04,-3.684371839651119662e-04,2.623270435188870646e-03,-4.708022468247440029e-03,1.970455127528161667e-04,7.915671806291305415e-04,-2.353556391095658058e-04,8.157662816633636351e-04,-4.362449630292626374e-04,-1.940213031049699798e-03,3.286666446983574005e-03,-8.587084566996581667e-03,-8.570405524811478470e-04,-2.154714242253955025e-03,7.915671806291305415e-04,6.573871359046494153e-03,-2.202798219181904132e-03,-1.496729405884006901e-02,-1.665498864285366648e-03,7.998495329521223673e-04,5.541058910006809726e-05,0.000000000000000000e+00,3.313812023813955763e-03,1.407651526978750348e-03,-1.043995229924570174e-02,-1.821014874267897095e-04,9.555136302992360466e-04,-6.658292292300103943e-03,-2.384235208785665146e-03,-2.890223344603197898e-03,3.849922533058404255e-03,-1.609874157588994442e-03,-1.222993645213215491e-02,-8.709713788893033368e-03,-1.161255641388251464e-02,-7.670138547055885790e-03,-6.423177863948381741e-06,1.255004594698080162e-03,-1.167601903881463916e-03,-4.361690890144796079e-03,1.581974315469400700e-03,-7.847874396060600458e-03,1.252936869345237358e-03,-7.588776629035182651e-03,-3.838728696055366141e-03,1.924253124800157089e-03,3.385022984451536467e-04,1.485920385486732762e-03,-5.991517641735274319e-04,2.634914192112060988e-03,-1.516984771645162738e-02,-1.332120626943545695e-03,-3.451977566030272303e-03,2.990855129855390059e-03,-8.029727878168054292e-03,6.127162093482283617e-06,5.506109744976022844e-04,-7.663220576792673404e-04,-2.664187160151442173e-03,1.213871441146555097e-03,-4.246414894858190590e-03,-7.217456460492419068e-03,-3.212564872446498077e-03,-9.141036738485877004e-04,1.159534509806227007e-03,-6.491815682065414303e-03,2.758467702166861671e-03,-5.029653385779125040e-03,-6.507276535069354481e-03,-3.469520013168267067e-03,2.665977925240422836e-03,-6.742217688323615989e-03,-6.755312414937326114e-03,-9.042922498092251585e-03,4.007496010557828198e-03,3.278166379494044914e-04,2.370021444667899223e-03,-1.691805603797651419e-03,2.957824476142740643e-03,-7.815096524459430854e-04,-6.693152479973609424e-03,1.050340752528816039e-03,-4.264082866621444513e-03,-2.573503506831779225e-03
nan,nan,nan,nan,nan,nan,nan,nan,nan,nan,nan,nan,nan,nan,nan,nan,nan,nan,nan,nan,nan,nan,nan,nan,nan,nan,nan,nan,nan,nan,nan,nan,nan,nan,nan,nan,nan,nan,nan,nan,nan,nan,nan,nan,nan,nan,nan,nan,nan,nan,nan,nan,nan,nan,nan,nan,nan,nan,nan,nan,nan,nan,nan,nan,nan,nan,nan,nan,nan,nan,nan,nan,nan,nan,nan,nan,nan,nan,nan,nan,nan,nan,nan,nan,nan,nan,nan,nan,nan,nan,nan,nan,nan,nan,nan,nan,nan,nan,nan,nan
3.923559017463998204e-03,-2.114679885275183926e-02,-2.307347453051372330e-02,-6.404910539504938757e-03,2.949161798714053286e-03,-1.631464796634423536e-02,-1.128822601145049566e-03,-1.709593700297276295e-02,-1.383498222264541687e-02,-1.346546751509000023e-02,4.175266385092573675e-03,-4.127009330660242302e-03,-3.090170771837799125e-03,1.968895016232214811e-03,-3.579750013951579508e-03,2.647340847638725032e-03,2.748841885023769679e-03,-1.449438540307593313e-03,1.304071199467633129e-03,-8.726503427238440844e-03,1.605132990509720251e-03,-4.930484739910498924e-03,5.870808390629152001e-04,-2.561501738265586892e-04,1.922871553570555973e-03,5.936436852127540851e-04,3.133938046441570383e-03,-7.734096155288807187e-03,-8.591270117846512740e-04,6.496954187453462789e-04,-4.302716770920673485e-03,2.920437814188023111e-03,-5.293189724359238617e-03,-1.763385595503824677e-02,1.962757596912988417e-04,1.518641477278186635e-03,4.871494119060622990e-03,-2.306626076317896598e-05,-2.756023669306336180e-04,-1.568434583558069115e-03,-1.554891549177888840e-02,4.380516910247934416e-03,1.011214129785879172e-03,-9.178561843918306776e-03,6.658738115963359124e-04,-7.660550368908033156e-04,8.208738381653017712e-04,-1.145722502471162611e-03,-1.246216865112228719e-02,-1.302081196970750372e-02,-1.152691396005378968e-02,-3.063861010493826482e-03,-9.947313075354695302e-04,-2.649509888851165392e-03,2.368422236918121641e-03,-1.065682356113155024e-02,2.459964388549889993e-03,-7.726610309298675072e-04,1.922871553570555973e-03,-6.047318885822663796e-03,-2.242163276757606558e-03,1.434472569302997977e-03,-8.759718326136141419e-04,-6.619863074040601911e-03,4.975391061041852143e-03,-1.958573156619177608e-03,-1.497625758925921757e-02,2.101408123805945452e-03,-1.508795141399200349e-03,-1.568916909438447136e-03,-1.185844690053250959e-02,-2.515566499426092825e-03,-5.596186127088945660e-03,-1.046492112012176222e-03,1.824312418519339761e-04,9.481689306974768697e-04,-7.302349724339693557e-04,-5.603225916780922751e-03,-2.120592609439105221e-03,6.101566240705932074e-04,2.122184306478955111e-03,-5.583619393283132358e-03,-1.720827926720894761e-03,-1.443115480872694811e-02,-8.437520703281681592e-03,-1.243431811273934887e-03,3.155022652866008599e-03,-1.382299837990554926e-02,-6.263755139566453203e-03,-1.366251572645982640e-02,3.573265477238497367e-03,-2.562099244552044170e-04,-1.770741672210601357e-03,3.124077514431099125e-03,1.493256150649691820e-04,2.820324676716614090e-03,-5.267865896173125340e-03,2.383395031631654936e-04,-8.520344935589502580e-03,4.724511792009535352e-04
nan,nan,nan,nan,nan,nan,nan,nan,nan,nan,nan,nan,nan,nan,nan,nan,nan,nan,nan,nan,nan,nan,nan,nan,nan,nan,nan,nan,nan,nan,nan,nan,nan,nan,nan,nan,nan,nan,nan,nan,nan,nan,nan,nan,nan,nan,nan,nan,nan,nan,nan,nan,nan,nan,nan,nan,nan,nan,nan,nan,nan,nan,nan,nan,nan,nan,nan,nan,nan,nan,nan,nan,nan,nan,nan,nan,nan,nan,nan,nan,nan,nan,nan,nan,nan,nan,nan,nan,nan,nan,nan,nan,nan,nan,nan,nan,nan,nan,nan,nan
3.011730540145917366e-03,-2.711048195937701064e-02,-2.242024639788051457e-02,-7.866546942227277406e-03,1.589848390453936586e-03,-1.523774568750700664e-02,0.000000000000000000e+00,-2.131894429899999777e-02,-1.885946683887397904e-02,-1.739332371303383903e-02,-8.025490470984509564e-04,-4.402769973166202958e-03,-1.151690577580468181e-03,-4.949688425165319448e-04,-1.074044593451519217e-02,-9.923966193836032072e-04,-1.186694880431870712e-03,7.270806030821287897e-04,2.744738354078537796e-03,-6.255904103265872047e-03,0.000000000000000000e+00,4.100511545302971224e-04,-3.378202459487589758e-03,2.977997068947137952e-03,0.000000000000000000e+00,-8.025490470984509564e-04,3.364885339843749247e-03,-9.399945585353224053e-03,-7.472792941132210811e-04,-2.106988538432514029e-03,2.233497801710353139e-03,1.199749817473106696e-02,-1.253915908930024756e-03,-1.897196534826936856e-02,-8.798779655756561527e-04,1.702058558311076624e-03,2.992635706225356840e-03,-8.670276380334137863e-04,-3.875113159667821949e-04,1.025304228805277778e-03,-1.257639357033737103e-02,-1.919587921892477664e-03,3.740735442933363080e-04,-1.077732435350374669e-02,-2.666967042493038073e-04,-2.581025858046072808e-03,2.641391974434385056e-03,5.853096574559002712e-04,-1.129302873566372795e-02,-1.250824493444046420e-02,-1.377979902213188890e-02,-9.601001933143922876e-03,2.633862974138377546e-04,-3.267742287712148506e-03,-9.923966193836032072e-04,-6.580903028176834056e-03,1.589848390453936586e-03,-4.038447756169657836e-03,2.233497801710353139e-03,-7.202461367080417558e-03,-3.559328273947968534e-03,1.594551463842657467e-03,1.417774497866051671e-03,1.724081160017112545e-03,-8.337804867542199412e-04,2.605747435328745979e-03,-1.610607546717746086e-02,-2.529854419566085651e-03,-1.134167565009832051e-03,1.863405149898226696e-03,-1.146672165442565693e-02,-1.686569613044057100e-03,8.836810240880874122e-04,-2.666967042493038073e-04,-1.114591919048911256e-03,6.045522322855003588e-04,8.246362996599498592e-04,-7.941041458200777045e-03,-1.114591919048911256e-03,-1.114591919048911256e-03,2.002729139779340414e-03,-9.354662982389556555e-03,6.308897604510387653e-04,-1.092431684731825017e-02,-7.652016373695788055e-03,-2.689776009488152510e-03,2.021780876507429502e-03,-7.318729825746110758e-03,-7.649288549898415612e-03,-9.818786661275287486e-03,9.110864797324385103e-03,3.316185179113809319e-04,2.273144265490171893e-03,-5.595951743605323851e-04,1.471579870318913711e-03,7.270806030821287897e-04,-9.935081255379734841e-03,-7.277036481522996354e-04,-4.882969170439076072e-03,-1.134167565009832051e-03
1.024677700722835755e-03,-2.816735462505281715e-02,-2.523017542871610480e-02,-9.632815824830807255e-03,3.566422135197983641e-04,-1.458226193303079586e-02,0.000000000000000000e+00,-1.797828932585286352e-02,-2.120158865637910076e-02,-1.731324111569549143e-02,6.586477988691411380e-04,-4.402450391603126255e-03,-3.332732930884725782e-03,8.277762851072580173e-04,-1.056099636600988691e-02,-9.183933092256190561e-04,-2.157306410575989008e-04,1.306489403014340737e-03,2.583982707942345663e-03,-7.048733543715978225e-03,-1.142666887700654818e-03,1.420407503476471501e-03,-3.549811075392236663e-03,7.008540261537481077e-04,-1.305905014515033923e-03,-3.207809620171339789e-04,2.149673781087308062e-03,-1.025953998214949522e-02,7.257036551616103618e-04,-1.244869562854377483e-03,1.260212090280017540e-03,3.359393476611481633e-03,-9.794287608862752795e-04,-1.919787939164271234e-02,-5.887537805879972976e-03,9.892057699073650203e-04,6.337334181922708908e-04,4.693909940472841330e-04,1.306489403014340737e-03,1.050176741900014617e-03,-1.382941280106569915e-02,-7.784562598209808807e-04,6.479716482873032956e-04,-9.683860880833103368e-03,-2.827864973500681246e-04,-1.794264807777387139e-03,2.050513548616479404e-03,1.958615979529770368e-04,-1.360561681653742194e-02,-1.204847462975458007e-02,-1.510637818837004542e-02,-9.893856693379332601e-03,4.738161006493030788e-05,-7.698369778358413575e-04,-1.244869562854377483e-03,-7.602081464990514091e-03,3.566422135197983641e-04,-1.857636665931929358e-03,-4.569292423501607750e-05,-9.017492442100977570e-03,-4.387970932388849006e-03,1.746819005436221935e-03,-4.180695466242563552e-04,1.680282787040023170e-03,-4.811064204216634909e-04,1.470247438660020030e-03,-1.715406468838551537e-02,-1.180791397575795681e-03,-8.863542265863284808e-04,1.680282787040023170e-03,-1.293409576462418997e-02,1.922344958357446445e-04,1.385456023362359977e-03,6.966422635362071007e-04,-1.469143141329412811e-03,1.053284206120976441e-03,-1.751339072362789349e-03,-8.675593370148733385e-03,-9.794287608862752795e-04,-1.305905014515033923e-03,3.743777725249897354e-04,-8.932222926942292099e-03,2.093878463875983170e-03,-1.056406197464242712e-02,-7.419777120579451601e-03,-2.066934755277621133e-03,1.543388450187338501e-03,-8.605666105212350647e-03,-6.286684564142048029e-03,-9.425627362416835048e-03,4.074853189780016163e-03,4.023351377548149092e-04,1.772286414241652135e-03,-8.073876062383090243e-04,1.726560099774347018e-03,-1.626537383150716126e-04,-9.070556526976527104e-03,4.693909940472841330e-04,-6.606211071475593527e-03,-8.863542265863284808e-04
4.923142442509586408e-03,-2.779636919316361143e-02,-2.859234832425121622e-02,-1.116714571138106155e-02,9.306196478386816141e-04,-1.526484251278521428e-02,-3.135300418445834559e-03,-1.788777588595014817e-02,-1.781348492430296498e-02,-2.144152739636449520e-02,-6.162098605645055559e-04,-3.465276609319902466e-03,-1.855858859157265457e-03,2.602898179904805653e-03,-1.187337175787251363e-02,-3.527212970751563825e-03,2.514228660704302220e-04,1.289024590335989236e-03,1.993245310918587143e-03,-5.990767963650666349e-03,-1.959562761528646762e-03,1.546829508403187170e-03,-2.096467381457961868e-03,2.062439344537583038e-03,-1.959562761528646762e-03,1.735265453269870580e-03,9.516152882399300274e-04,-9.260609448989638379e-03,2.024476362148182849e-03,0.000000000000000000e+00,1.546829508403187170e-03,9.333323427731720842e-03,0.000000000000000000e+00,-2.231910221803220032e-02,-1.006025099160528548e-03,-1.072861073908252388e-03,3.829110788618567303e-03,2.024476362148182849e-03,-1.062450723498386575e-03,1.289024590335989236e-03,-1.140170938424846063e-02,-1.400034965175964196e-03,3.571305870551369152e-03,-1.052700488804902794e-02,2.313687271026493818e-03,-3.545799434406321331e-03,-8.150561558410544544e-04,1.289024590335989236e-03,-1.145002438767872381e-02,-1.042101905195117958e-02,-1.518151906527211333e-02,-1.051018835940455663e-02,-1.588470910042647389e-03,-2.910720278001355330e-03,-2.351475313834375594e-03,-7.242242822832404073e-03,5.387070955329514811e-04,-5.732798931495497810e-03,-4.127332531254596462e-04,-8.546304382306888631e-03,-2.977594895516321328e-03,8.593239952223776521e-04,3.210320543356021648e-03,2.062439344537583038e-03,-8.216131474193407412e-04,-1.722578544281179154e-03,-2.061152714025532573e-02,-1.959562761528646762e-03,0.000000000000000000e+00,-6.809485216025231227e-04,-1.437391207547883930e-02,-1.959562761528646762e-03,2.735079134727548197e-03,2.313687271026493818e-03,-1.959562761528646762e-03,3.829110788618567303e-03,-1.626598160298482970e-04,-6.708954262650665586e-03,0.000000000000000000e+00,-2.743387866140105727e-03,1.028765830089355848e-04,-1.131090909394216575e-02,3.250688970861944065e-03,-1.401673447362097695e-02,-9.796182722867089604e-03,-2.536659918357097969e-03,2.179754576369480681e-03,-8.845653629995293976e-03,-5.179347702204078682e-03,-8.761519259601394799e-03,5.911244667863030031e-03,-1.400034965175964196e-03,9.477983834260072203e-04,-1.689245874054275381e-03,-5.468408873639911405e-04,-6.705381711926576343e-04,-1.078936081938890873e-02,2.024476362148182849e-03,-6.484335173123387079e-03,0.000000000000000000e+00
nan,nan,nan,nan,nan,nan,nan,nan,nan,nan,nan,nan,nan,nan,nan,nan,nan,nan,nan,nan,nan,nan,nan,nan,nan,nan,nan,nan,nan,nan,nan,nan,nan,nan,nan,nan,nan,nan,nan,nan,nan,nan,nan,nan,nan,nan,nan,nan,nan,nan,nan,nan,nan,nan,nan,nan,nan,nan,nan,nan,nan,nan,nan,nan,nan,nan,nan,nan,nan,nan,nan,nan,nan,nan,nan,nan,nan,nan,nan,nan,nan,nan,nan,nan,nan,nan,nan,nan,nan,nan,nan,nan,nan,nan,nan,nan,nan,nan,nan,nan
3.134614094577547702e-04,-1.542604083290521205e-02,-1.389718074473921157e-02,-4.163105667383699797e-03,2.300195069562247993e-03,-5.995664146986517083e-03,5.960784667279534800e-04,-7.421831286634987708e-03,-1.237443067139884674e-02,-8.813186156415820163e-03,-1.232273417556699596e-03,-4.301135294380835881e-03,-2.565841067906372494e-03,-7.445804719287299304e-04,-5.919865108598519783e-03,-3.553463786583469018e-04,2.891117611779559426e-04,-4.626615291843150549e-05,-5.036884505080595339e-04,-3.467667978156235061e-03,-1.132423981428316894e-03,1.927675894933299780e-03,-4.588286966704758357e-03,-5.921443873472407226e-04,-9.103999377915472126e-04,-1.491111982353703199e-03,1.483765417516099392e-04,-3.746204963779863582e-03,-6.947539463046359907e-04,2.118577287474765632e-04,5.745507898540529916e-04,-3.222666283683593442e-03,2.205116533661946685e-03,-8.222236867816975353e-03,-1.600770907655578359e-03,-8.321979245879220811e-04,-4.471943710871150715e-04,2.388707989933707386e-03,2.246454379621873172e-05,1.592471993289138474e-03,-6.119830723029296739e-03,-4.947228367580621018e-04,-2.639226233342456410e-04,-6.910605472225844585e-03,-5.124373982973133438e-04,5.414654325971253110e-06,-7.701708859729375183e-04,-9.065500634388929183e-04,-6.978111303433081995e-03,-6.192946689132815437e-03,-8.092312164403784799e-03,-6.481253292829490878e-03,1.011973977607501457e-04,-2.475424233227405211e-03,-1.581332907835116940e-03,-6.082482359934466079e-03,6.540570726283665261e-04,8.069751448330214215e-05,-9.103999377915472126e-04,-3.063776499797906446e-03,-1.446859069321326016e-03,-6.009725591137178536e-04,-2.232903641270472545e-03,2.540512311977283829e-03,-2.090250574870306400e-03,5.004881526500744348e-04,-7.014825642363068693e-03,2.792364913963554991e-04,-7.676665820892476441e-04,2.364313646144680994e-03,-8.273665009983662694e-03,8.386497283020968125e-04,2.706157224872710564e-03,-2.882612094597705970e-04,2.179602417588290438e-03,1.166517042895777668e-04,-2.667782205089765102e-03,-5.233977246754207245e-03,2.973907477375117760e-03,1.511766812062732271e-03,1.410689621083546699e-03,-3.548374067260350040e-03,-3.043405189390051605e-04,-7.796504777111284284e-03,-3.660883749305557898e-03,-4.284901389743356326e-03,-2.509270668721119788e-04,-5.276393841237791982e-03,-3.778872376337856671e-03,-5.970420240836066955e-03,-1.922127392084975418e-03,3.000552301233588718e-04,-3.427020574949581240e-03,2.090682367066614041e-03,-1.232273417556699596e-03,-1.197847613777639972e-03,-3.172489072897423899e-03,1.382167084325093467e-03,-5.265320043135082728e-03,-1.379123056873463298e-03
-5.675137170045181081e-04,-1.667321263857036301e-02,-1.601433790856890763e-02,-5.994063949525920559e-03,-4.903008269439173596e-04,-6.638227825400796339e-03,6.335430393001288815e-04,-9.549717439945105621e-03,-1.186358903571058804e-02,-9.524108387372866302e-03,0.000000000000000000e+00,-4.202421916490652054e-03,-3.547028430336426029e-03,0.000000000000000000e+00,-4.949867969552448031e-03,-8.914883693668125943e-04,5.826254069006061177e-04,1.628779930932625379e-04,9.267234268680011895e-04,-4.076896608673654006e-03,-4.528114346632241540e-06,1.209670267639582734e-03,-2.022769824621293774e-03,2.567235480806781610e-04,-1.318835956847481483e-04,-3.881240868541934873e-06,2.606047889492200281e-04,-4.747432054698286913e-03,7.602516471601546578e-04,-7.655256954155059690e-04,1.335831062452146750e-03,-3.453783529469386286e-04,8.045024239175161242e-04,-1.015827421280996769e-02,-1.439376811776179720e-03,2.567235480806781610e-04,-7.908146603743609155e-04,4.282578412059809335e-04,5.435516297208011936e-04,4.483832205639164755e-04,-6.891867660376305160e-03,-1.795668606938195821e-04,2.384106215130962401e-04,-6.054568913151229734e-03,1.228273669914839905e-04,-8.209363665210363259e-03,1.053432034728026857e-03,3.164127088660457425e-05,-7.669068475692483039e-03,-7.115404068268056659e-03,-7.493306148061042518e-03,-4.734955889401629495e-03,4.751369578797561173e-04,-1.165474843361617198e-03,-5.821861302812881981e-06,-3.813444651365540099e-03,2.699508202162372982e-04,-1.413779462147495827e-03,6.356999602716680497e-05,-4.820637018521940070e-03,6.079657183373041607e-04,7.964210323933913109e-04,-3.539719168300122735e-03,1.575822885175381287e-03,1.215336200353033772e-04,1.241698053210773525e-03,-8.346357491791200206e-03,-7.179414908370635286e-04,-1.312367222066580720e-04,6.412784255767586296e-04,-7.025436524603184164e-03,2.855052274706539376e-04,1.731513305039475512e-03,1.013668862880205994e-03,-7.655256954155059690e-04,5.250503093298903657e-04,-7.641328880286964165e-04,-4.502273221134057458e-03,-3.834592514011577608e-04,-6.381702140773898996e-04,-4.251496297066122577e-04,-4.103260857442176356e-03,1.321370269539818296e-03,-4.950686284916962568e-03,-4.584420079370834199e-03,-3.311083819050509528e-03,6.217417052703367968e-04,-4.939829195549486941e-03,-3.488834801569978914e-03,-5.226837339537241875e-03,-9.636108392960170696e-05,8.869602550201803257e-04,6.694249702794077697e-04,-6.059831418961586025e-04,1.114989445350747857e-03,-9.833213389497821953e-04,-4.917578675519370182e-03,3.806736366275386557e-04,-5.056137319493942198e-03,-8.914883693668125943e-04
nan,nan,nan,nan,nan,nan,nan,nan,nan,nan,nan,nan,nan,nan,nan,nan,nan,nan,nan,nan,nan,nan,nan,nan,nan,nan,nan,nan,nan,nan,nan,nan,nan,nan,nan,nan,nan,nan,nan,nan,nan,nan,nan,nan,nan,nan,nan,nan,nan,nan,nan,nan,nan,nan,nan,nan,nan,nan,nan,nan,nan,nan,nan,nan,nan,nan,nan,nan,nan,nan,nan,nan,nan,nan,nan,nan,nan,nan,nan,nan,nan,nan,nan,nan,nan,nan,nan,nan,nan,nan,nan,nan,nan,nan,nan,nan,nan,nan,nan,nan
-2.601269286752188204e-03,-2.005189789635307765e-02,-2.037162550452795151e-02,-8.697112214714378120e-03,-2.131012108169214742e-03,-8.838003326231127707e-03,-2.285352260591142024e-03,-1.206582465901540752e-02,-1.230746916578398867e-02,-1.702788126102947747e-02,2.346110103421188055e-03,1.004557610093942052e-03,-3.313834039850853397e-03,2.370602803101979315e-03,-1.004589665722744815e-02,1.068516516374502876e-03,8.411358853739881163e-04,4.311480801487162576e-03,2.091013844781837872e-03,-3.254338752499351742e-03,-3.884335986773243348e-04,3.134285775609275699e-03,-2.475399544042439226e-03,-7.785084971795528655e-04,-4.091387749402291998e-04,2.767173672539210462e-03,-2.464722830954712944e-03,-8.199751455247709236e-03,3.748613099170141749e-03,2.066729411654989832e-03,7.912984944236380568e-04,6.496040179556697436e-03,-8.524022664339253120e-04,-1.593298821061460771e-02,1.398289379138724364e-03,3.879394374689455229e-03,-1.256041442036019392e-03,-1.090400031932779604e-03,2.267758900033957446e-03,0.000000000000000000e+00,-1.155294466259718621e-02,2.794728192165253124e-03,1.605474797696040262e-03,-3.733656800234325113e-03,1.939727362837732547e-03,1.078962765306333213e-03,1.847885031523302914e-03,5.233011997448480668e-03,-1.153430682429474295e-02,-9.853763339965272705e-03,-1.296838525304039660e-02,-4.006331900189185474e-03,2.191470174273715734e-03,-2.390787208018760324e-03,3.346755510092311574e-03,-4.438576217736231455e-03,-3.125909864680205541e-03,-4.549610653026212904e-03,-4.091387749402291998e-04,-6.919279537778508758e-03,-7.708432763743602520e-04,-3.273979407877051140e-04,5.067595792496753376e-03,-9.040153187284152804e-04,1.673768952687608013e-03,-8.427367094119966656e-04,-1.369076103763443644e-02,2.792137763731451002e-03,3.174607193982452794e-03,-1.202532449144191537e-03,-1.322970624136536252e-02,8.551891484465301476e-04,-1.000538473429388826e-03,2.151880475351120991e-03,-2.564768039034986437e-03,3.603676865329806609e-03,-1.358148990570070408e-03,-8.294789573592191434e-03,-1.242310575774297594e-04,-2.381153661434186938e-03,-1.024593159491947719e-03,-2.637367496515997424e-03,3.586111263435789141e-03,-7.395402754682624258e-03,-4.782846826661612746e-03,-6.117803650930042289e-03,-4.198162987968567707e-04,-8.155504686275306600e-03,-1.660567979866235840e-03,-6.793821044285885957e-03,6.773362776251403219e-03,-3.212966716549873081e-03,6.318113335482902077e-03,-2.298116198528538882e-03,3.896193086772431306e-03,3.266182465732308908e-03,-8.697783128386633519e-03,-1.090400031932779604e-03,-5.501715711269542300e-03,2.647074864366694667e-03
nan,nan,nan,nan,nan,nan,nan,nan,nan,nan,nan,nan,nan,nan,nan,nan,nan,nan,nan,nan,nan,nan,nan,nan,nan,nan,nan,nan,nan,nan,nan,nan,nan,nan,nan,nan,nan,nan,nan,nan,nan,nan,nan,nan,nan,nan,nan,nan,nan,nan,nan,nan,nan,nan,nan,nan,nan,nan,nan,nan,nan,nan,nan,nan,nan,nan,nan,nan,nan,nan,nan,nan,nan,nan,nan,nan,nan,nan,nan,nan,nan,nan,nan,nan,nan,nan,nan,nan,nan,nan,nan,nan,nan,nan,nan,nan,nan,nan,nan,nan
nan,nan,nan,nan,nan,nan,nan,nan,nan,nan,nan,nan,nan,nan,nan,nan,nan,nan,nan,nan,nan,nan,nan,nan,nan,nan,nan,nan,nan,nan,nan,nan,nan,nan,nan,nan,nan,nan,nan,nan,nan,nan,nan,nan,nan,nan,nan,nan,nan,nan,nan,nan,nan,nan,nan,nan,nan,nan,nan,nan,nan,nan,nan,nan,nan,nan,nan,nan,nan,nan,nan,nan,nan,nan,nan,nan,nan,nan,nan,nan,nan,nan,nan,nan,nan,nan,nan,nan,nan,nan,nan,nan,nan,nan,nan,nan,nan,nan,nan,nan
nan,nan,nan,nan,nan,nan,nan,nan,nan,nan,nan,nan,nan,nan,nan,nan,nan,nan,nan,nan,nan,nan,nan,nan,nan,nan,nan,nan,nan,nan,nan,nan,nan,nan,nan,nan,nan,nan,nan,nan,nan,nan,nan,nan,nan,nan,nan,nan,nan,nan,nan,nan,nan,nan,nan,nan,nan,nan,nan,nan,nan,nan,nan,nan,nan,nan,nan,nan,nan,nan,nan,nan,nan,nan,nan,nan,nan,nan,nan,nan,nan,nan,nan,nan,nan,nan,nan,nan,nan,nan,nan,nan,nan,nan,nan,nan,nan,nan,nan,nan
nan,nan,nan,nan,nan,nan,nan,nan,nan,nan,nan,nan,nan,nan,nan,nan,nan,nan,nan,nan,nan,nan,nan,nan,nan,nan,nan,nan,nan,nan,nan,nan,nan,nan,nan,nan,nan,nan,nan,nan,nan,nan,nan,nan,nan,nan,nan,nan,nan,nan,nan,nan,nan,nan,nan,nan,nan,nan,nan,nan,nan,nan,nan,nan,nan,nan,nan,nan,nan,nan,nan,nan,nan,nan,nan,nan,nan,nan,nan,nan,nan,nan,nan,nan,nan,nan,nan,nan,nan,nan,nan,nan,nan,nan,nan,nan,nan,nan,nan,nan
5.311529473620821328e-04,-1.971778011503058300e-02,-1.769447073587673835e-02,-5.211829800446319758e-03,6.196784385890960565e-04,-8.897944731354858264e-03,0.000000000000000000e+00,-8.677644433458172116e-03,-1.370781692857371559e-02,-9.763017387188937732e-03,0.000000000000000000e+00,-4.242025147109060139e-03,-5.592735287044479919e-03,0.000000000000000000e+00,-4.236604093939830458e-03,0.000000000000000000e+00,6.196784385890960565e-04,0.000000000000000000e+00,0.000000000000000000e+00,-9.343630599924383079e-03,0.000000000000000000e+00,7.082039298161096549e-04,3.346189550991518751e-03,0.000000000000000000e+00,0.000000000000000000e+00,0.000000000000000000e+00,0.000000000000000000e+00,-4.960440157544806182e-03,0.000000000000000000e+00,7.082039298161096549e-04,0.000000000000000000e+00,-1.008669139136463347e-02,7.967294210431232534e-04,-1.098226012890446239e-02,-6.928279318643409262e-03,0.000000000000000000e+00,0.000000000000000000e+00,7.967294210431232534e-04,7.082039298161096549e-04,5.311529473620821328e-04,-9.703318807077039587e-03,6.196784385890960565e-04,7.967294210431232534e-04,-6.380606144299041937e-03,0.000000000000000000e+00,-5.342478596479108624e-03,0.000000000000000000e+00,0.000000000000000000e+00,-8.329052523549464182e-03,-8.116472940821829740e-03,-9.345170354119719525e-03,-6.185500525621766624e-03,5.311529473620821328e-04,1.375248303602454730e-03,0.000000000000000000e+00,-7.044420455887842256e-03,6.196784385890960565e-04,-2.020060181107431740e-03,0.000000000000000000e+00,-6.053006437320429534e-03,-1.954734045277810219e-03,0.000000000000000000e+00,-3.940568524937660376e-03,7.967294210431232534e-04,0.000000000000000000e+00,0.000000000000000000e+00,-8.658915679887422071e-03,7.967294210431232534e-04,0.000000000000000000e+00,7.082039298161096549e-04,-9.345404961147184275e-03,5.311529473620821328e-04,7.967294210431232534e-04,0.000000000000000000e+00,7.082039298161096549e-04,7.967294210431232534e-04,-5.276128157038295283e-03,-4.401989868016500072e-03,7.082039298161096549e-04,7.082039298161096549e-04,6.196784385890960565e-04,-5.068509294204695884e-03,6.196784385890960565e-04,-8.356229565410249610e-03,-5.113529694292143213e-03,3.006498218797060140e-03,6.196784385890960565e-04,-6.505887975535290697e-03,-4.184017958954534648e-03,-6.714449787303226024e-03,-7.450952413419111714e-03,0.000000000000000000e+00,-2.727261491505174155e-03,5.311529473620821328e-04,0.000000000000000000e+00,0.000000000000000000e+00,-3.623705516047430551e-03,7.082039298161096549e-04,-6.823303440309803555e-03,0.000000000000000000e+00
nan,nan,nan,nan,nan,nan,nan,nan,nan,nan,nan,nan,nan,nan,nan,nan,nan,nan,nan,nan,nan,nan,nan,nan,nan,nan,nan,nan,nan,nan,nan,nan,nan,nan,nan,nan,nan,nan,nan,nan,nan,nan,nan,nan,nan,nan,nan,nan,nan,nan,nan,nan,nan,nan,nan,nan,nan,nan,nan,nan,nan,nan,nan,nan,nan,nan,nan,nan,nan,nan,nan,nan,nan,nan,nan,nan,nan,nan,nan,nan,nan,nan,nan,nan,nan,nan,nan,nan,nan,nan,nan,nan,nan,nan,nan,nan,nan,nan,nan,nan
nan,nan,nan,nan,nan,nan,nan,nan,nan,nan,nan,nan,nan,nan,nan,nan,nan,nan,nan,nan,nan,nan,nan,nan,nan,nan,nan,nan,nan,nan,nan,nan,nan,nan,nan,nan,nan,nan,nan,nan,nan,nan,nan,nan,nan,nan,nan,nan,nan,nan,nan,nan,nan,nan,nan,nan,nan,nan,nan,nan,nan,nan,nan,nan,nan,nan,nan,nan,nan,nan,nan,nan,nan,nan,nan,nan,nan,nan,nan,nan,nan,nan,nan,nan,nan,nan,nan,nan,nan,nan,nan,nan,nan,nan,nan,nan,nan,nan,nan,nan
-1.155557966632341512e-33,7.681508382589850078e-04,-2.605604672303219252e-03,-2.434904486023445336e-03,-5.020385050810023111e-04,5.121005588393232662e-04,0.000000000000000000e+00,2.178854206603783594e-03,-4.166884119411146483e-04,1.255096262702505615e-03,2.018216074082329874e-03,-2.259173272864509804e-03,-2.690954765443106644e-03,3.027324111123494595e-03,1.019170090799485784e-03,-1.757134767783508035e-03,1.521208595880488203e-03,-4.267504656994361456e-04,1.586434581503733902e-03,0.000000000000000000e+00,-1.757134767783508035e-03,-5.121005588393232662e-04,-9.237579439012777623e-04,-2.188916260362104224e-03,-2.008154020324008811e-03,5.121005588393232662e-04,1.671784674643620860e-03,-2.259173272864509804e-03,2.354585419762718693e-03,-2.259173272864509804e-03,-5.121005588393232662e-04,-2.439935512902605651e-03,-1.506115515243006391e-03,-1.506115515243006391e-03,-2.008154020324008811e-03,-2.188916260362104224e-03,-2.510192525405009929e-04,2.354585419762718693e-03,-4.267504656994361456e-04,-4.267504656994361456e-04,-2.510192525405009929e-04,-2.409571987821799836e-04,-1.656691594006137096e-04,0.000000000000000000e+00,1.184839250200100036e-03,-6.828007451190976160e-04,-7.681508382589850078e-04,-2.183885233482943909e-03,-1.089427103301891363e-03,1.757134767783507818e-03,5.121005588393232662e-04,7.681508382589850078e-04,-2.771273831703832853e-03,2.008154020324008811e-03,-2.259173272864509804e-03,-7.681508382589850078e-04,-5.020385050810023111e-04,-2.259173272864509804e-03,-2.520254579163332294e-03,-3.263072919220673211e-04,5.974506519792104411e-04,2.264204299743670552e-03,2.354585419762718693e-03,-6.828007451190976160e-04,6.828007451190976160e-04,-5.974506519792105496e-04,-2.008154020324008811e-03,-2.259173272864509804e-03,-1.757134767783508035e-03,-6.828007451190976160e-04,2.008154020324008811e-03,0.000000000000000000e+00,1.255096262702505615e-03,2.690954765443106644e-03,-2.259173272864509804e-03,0.000000000000000000e+00,1.184839250200100036e-03,1.184839250200100036e-03,-1.506115515243006391e-03,-2.008154020324008811e-03,-2.690954765443106644e-03,-2.259173272864509804e-03,1.084396076422731049e-03,-5.974506519792105496e-04,-4.267504656994361456e-04,1.922803927184121853e-03,5.020385050810019859e-04,-6.828007451190976160e-04,2.354585419762718693e-03,1.586434581503733902e-03,-2.685923738563945895e-03,2.018216074082329874e-03,-2.274266353501991182e-03,-7.528803938156621977e-05,-5.974506519792105496e-04,-2.685923738563945895e-03,-3.363693456803886015e-04,2.354585419762718693e-03,-6.828007451190976160e-04,-1.757134767783508035e-03
nan,nan,nan,nan,nan,nan,nan,nan,nan,nan,nan,nan,nan,nan,nan,nan,nan,nan,nan,nan,nan,nan,nan,nan,nan,nan,nan,nan,nan,nan,nan,nan,nan,nan,nan,nan,nan,nan,nan,nan,nan,nan,nan,nan,nan,nan,nan,nan,nan,nan,nan,nan,nan,nan,nan,nan,nan,nan,nan,nan,nan,nan,nan,nan,nan,nan,nan,nan,nan,nan,nan,nan,nan,nan,nan,nan,nan,nan,nan,nan,nan,nan,nan,nan,nan,nan,nan,nan,nan,nan,nan,nan,nan,nan,nan,nan,nan,nan,nan,nan
nan,nan,nan,nan,nan,nan,nan,nan,nan,nan,nan,nan,nan,nan,nan,nan,nan,nan,nan,nan,nan,nan,nan,nan,nan,nan,nan,nan,nan,nan,nan,nan,nan,nan,nan,nan,nan,nan,nan,nan,nan,nan,nan,nan,nan,nan,nan,nan,nan,nan,nan,nan,nan,nan,nan,nan,nan,nan,nan,nan,nan,nan,nan,nan,nan,nan,nan,nan,nan,nan,nan,nan,nan,nan,nan,nan,nan,nan,nan,nan,nan,nan,nan,nan,nan,nan,nan,nan,nan,nan,nan,nan,nan,nan,nan,nan,nan,nan,nan,nan
nan,nan,nan,nan,nan,nan,nan,nan,nan,nan,nan,nan,nan,nan,nan,nan,nan,nan,nan,nan,nan,nan,nan,nan,nan,nan,nan,nan,nan,nan,nan,nan,nan,nan,nan,nan,nan,nan,nan,nan,nan,nan,nan,nan,nan,nan,nan,nan,nan,nan,nan,nan,nan,nan,nan,nan,nan,nan,nan,nan,nan,nan,nan,nan,nan,nan,nan,nan,nan,nan,nan,nan,nan,nan,nan,nan,nan,nan,nan,nan,nan,nan,nan,nan,nan,nan,nan,nan,nan,nan,nan,nan,nan,nan,nan,nan,nan,nan,nan,nan
nan,nan,nan,nan,nan,nan,nan,nan,nan,nan,nan,nan,nan,nan,nan,nan,nan,nan,nan,nan,nan,nan,nan,nan,nan,nan,nan,nan,nan,nan,nan,nan,nan,nan,nan,nan,nan,nan,nan,nan,nan,nan,nan,nan,nan,nan,nan,nan,nan,nan,nan,nan,nan,nan,nan,nan,nan,nan,nan,nan,nan,nan,nan,nan,nan,nan,nan,nan,nan,nan,nan,nan,nan,nan,nan,nan,nan,nan,nan,nan,nan,nan,nan,nan,nan,nan,nan,nan,nan,nan,nan,nan,nan,nan,nan,nan,nan,nan,nan,nan
2.123585438685459043e-04,-1.776609889191025152e-02,-1.874385141650496134e-02,-7.426737504321659182e-03,-3.123523852148893452e-04,-9.470913608438933859e-03,1.036286436102960146e-03,-1.272755482970662141e-02,-1.622888286536747215e-02,-1.298473642066286758e-02,0.000000000000000000e+00,-3.805262369638242118e-03,-4.162000584645195872e-03,0.000000000000000000e+00,-7.765004060739422870e-03,-1.933956861360928623e-04,-3.503509572537138144e-05,0.000000000000000000e+00,0.000000000000000000e+00,-4.478862505874450957e-03,-9.706105132133127818e-04,9.107620259922083504e-04,-5.147607176018516827e-03,7.479876312153652747e-05,-1.109269157958071936e-03,-5.473704139133363982e-05,0.000000000000000000e+00,-8.239084131484214826e-03,0.000000000000000000e+00,8.286564639052077484e-04,0.000000000000000000e+00,2.765080599280749646e-03,1.358477651388510484e-03,-1.359311298282202610e-02,-1.589479206989349684e-03,-8.319518684685537355e-04,-1.109269157958071936e-03,1.024607279241234381e-03,1.687976853069428568e-03,6.830715194941561815e-04,-9.143934265177866907e-03,-4.510110299596482831e-04,9.516245573861229151e-04,-6.154638155715341265e-03,-8.319518684685537355e-04,4.640201763218354883e-03,0.000000000000000000e+00,-9.706105132133127818e-04,-1.009912426007088249e-02,-7.838827069870294914e-03,-9.928534523535136394e-03,-7.945656619571457233e-03,4.714301528942856697e-04,-5.720787202895367789e-03,-1.247927802702830441e-03,-6.009457054074835922e-03,7.239340508880708546e-04,-3.017558011557949522e-03,-1.109269157958071936e-03,-4.443032301459921667e-03,-1.514786461736506405e-03,7.772148270772202177e-04,-6.306328979773935094e-04,2.190429519857064328e-03,-2.025185263679814566e-04,0.000000000000000000e+00,-1.226303308962001411e-02,5.538943036156241577e-04,1.952117274025172195e-04,9.107620259922083504e-04,-1.096507385182583783e-02,1.848893760109986345e-03,1.801822106318454490e-03,0.000000000000000000e+00,8.286564639052077484e-04,5.399676602792127366e-05,-1.011099764982248883e-03,-5.952443957339851460e-03,7.881015752365458783e-05,5.787076951113567401e-04,-3.123523852148893452e-04,-5.750560976223739913e-03,1.574131599820402646e-03,-7.843805770942791078e-03,-5.882575350256353565e-03,-2.471069519101039280e-03,9.921285001456997023e-04,-6.224951744261905846e-03,-4.995516317691042069e-03,-7.353846086489460379e-03,2.496627902451717049e-03,1.165822240615830164e-03,1.489551420970322169e-03,-2.875389937191567087e-04,0.000000000000000000e+00,-1.247927802702830441e-03,-6.194699543576936626e-03,9.107620259922083504e-04,-5.813065884708006580e-03,1.952117274025172195e-04
nan,nan,nan,nan,nan,nan,nan,nan,nan,nan,nan,nan,nan,nan,nan,nan,nan,nan,nan,nan,nan,nan,nan,nan,nan,nan,nan,nan,nan,nan,nan,nan,nan,nan,nan,nan,nan,nan,nan,nan,nan,nan,nan,nan,nan,nan,nan,nan,nan,nan,nan,nan,nan,nan,nan,nan,nan,nan,nan,nan,nan,nan,nan,nan,nan,nan,nan,nan,nan,nan,nan,nan,nan,nan,nan,nan,nan,nan,nan,nan,nan,nan,nan,nan,nan,nan,nan,nan,nan,nan,nan,nan,nan,nan,nan,nan,nan,nan,nan,nan
nan,nan,nan,nan,nan,nan,nan,nan,nan,nan,nan,nan,nan,nan,nan,nan,nan,nan,nan,nan,nan,nan,nan,nan,nan,nan,nan,nan,nan,nan,nan,nan,nan,nan,nan,nan,nan,nan,nan,nan,nan,nan,nan,nan,nan,nan,nan,nan,nan,nan,nan,nan,nan,nan,nan,nan,nan,nan,nan,nan,nan,nan,nan,nan,nan,nan,nan,nan,nan,nan,nan,nan,nan,nan,nan,nan,nan,nan,nan,nan,nan,nan,nan,nan,nan,nan,nan,nan,nan,nan,nan,nan,nan,nan,nan,nan,nan,nan,nan,nan
nan,nan,nan,nan,nan,nan,nan,nan,nan,nan,nan,nan,nan,nan,nan,nan,nan,nan,nan,nan,nan,nan,nan,nan,nan,nan,nan,nan,nan,nan,nan,nan,nan,nan,nan,nan,nan,nan,nan,nan,nan,nan,nan,nan,nan,nan,nan,nan,nan,nan,nan,nan,nan,nan,nan,nan,nan,nan,nan,nan,nan,nan,nan,nan,nan,nan,nan,nan,nan,nan,nan,nan,nan,nan,nan,nan,nan,nan,nan,nan,nan,nan,nan,nan,nan,nan,nan,nan,nan,nan,nan,nan,nan,nan,nan,nan,nan,nan,nan,nan
0.000000000000000000e+00,-3.492179226306639538e-04,9.115283650473042249e-04,5.958010036482191068e-05,0.000000000000000000e+00,1.019991835200934196e-05,0.000000000000000000e+00,3.830527230906613132e-05,-3.559755751723691166e-04,8.125220407297265956e-05,0.000000000000000000e+00,6.824237965276133797e-05,2.326353585065423380e-03,0.000000000000000000e+00,-2.103914354243538389e-05,0.000000000000000000e+00,0.000000000000000000e+00,0.000000000000000000e+00,0.000000000000000000e+00,-2.709019428935263525e-05,0.000000000000000000e+00,0.000000000000000000e+00,0.000000000000000000e+00,0.000000000000000000e+00,0.000000000000000000e+00,0.000000000000000000e+00,0.000000000000000000e+00,-1.803479953823936151e-04,0.000000000000000000e+00,0.000000000000000000e+00,0.000000000000000000e+00,-8.539177138391072265e-04,0.000000000000000000e+00,-2.622513611146739913e-04,-1.228770842685752139e-04,0.000000000000000000e+00,0.000000000000000000e+00,0.000000000000000000e+00,0.000000000000000000e+00,0.000000000000000000e+00,-5.347377932067276090e-05,0.000000000000000000e+00,0.000000000000000000e+00,3.308587681968002347e-04,0.000000000000000000e+00,2.747726112849008218e-05,0.000000000000000000e+00,0.000000000000000000e+00,-1.425666718441976288e-04,-2.189715118169132746e-04,-2.142745672176789968e-04,-7.186537015701967724e-05,0.000000000000000000e+00,-1.375388098749860026e-03,0.000000000000000000e+00,1.528494125352729369e-04,0.000000000000000000e+00,0.000000000000000000e+00,0.000000000000000000e+00,-1.546994810348274805e-04,-5.266126342463818468e-05,0.000000000000000000e+00,-1.137882080372540220e-03,0.000000000000000000e+00,0.000000000000000000e+00,0.000000000000000000e+00,1.866104748154394930e-04,0.000000000000000000e+00,0.000000000000000000e+00,0.000000000000000000e+00,-9.063170458610379657e-05,0.000000000000000000e+00,0.000000000000000000e+00,0.000000000000000000e+00,0.000000000000000000e+00,0.000000000000000000e+00,1.550458046614572013e-03,2.552573025167985572e-04,0.000000000000000000e+00,0.000000000000000000e+00,0.000000000000000000e+00,1.534128894076727421e-04,0.000000000000000000e+00,2.670751271331497922e-04,-3.123633564586260889e-05,-1.144796926480215905e-03,0.000000000000000000e+00,4.849054769742974541e-05,1.905430255965328363e-04,9.935032234642342773e-05,2.385004114722387870e-03,0.000000000000000000e+00,3.019889027843742496e-03,0.000000000000000000e+00,0.000000000000000000e+00,0.000000000000000000e+00,2.306015303764043993e-04,0.000000000000000000e+00,3.727200370584257683e-04,0.000000000000000000e+00
nan,nan,nan,nan,nan,nan,nan,nan,nan,nan,nan,nan,nan,nan,nan,nan,nan,nan,nan,nan,nan,nan,nan,nan,nan,nan,nan,nan,nan,nan,nan,nan,nan,nan,nan,nan,nan,nan,nan,nan,nan,nan,nan,nan,nan,nan,nan,nan,nan,nan,nan,nan,nan,nan,nan,nan,nan,nan,nan,nan,nan,nan,nan,nan,nan,nan,nan,nan,nan,nan,nan,nan,nan,nan,nan,nan,nan,nan,nan,nan,nan,nan,nan,nan,nan,nan,nan,nan,nan,nan,nan,nan,nan,nan,nan,nan,nan,nan,nan,nan
2.010138679461391086e-03,-2.678470707442978660e-02,-2.634282950526404751e-02,-9.883476463968194139e-03,1.832605998987773101e-03,-1.237342859595391351e-02,5.399807948888507222e-04,-1.897790404831889086e-02,-1.925017060342749942e-02,-1.938372436517660918e-02,-1.801585699740788720e-04,-3.979984753434586200e-03,-2.760962001021803353e-03,-1.611610572241600108e-03,-7.872995051063260211e-03,1.410885350548172698e-03,7.334342696901260646e-04,-4.586844288309354983e-04,-1.637838487383146613e-03,-6.722814612444137639e-03,-4.862727785502888493e-04,-5.326949395466059950e-04,-3.701075476689306802e-03,2.144241876467687779e-03,3.409528511283354516e-04,-8.776235914359836938e-05,-2.274354415746505063e-03,-5.941463096030953281e-03,-1.937547887885734087e-03,3.930559253224463236e-03,-1.457679917409067253e-03,6.259200982089790921e-03,1.796955236503529254e-03,-1.936591146900690577e-02,7.171493710150466348e-04,5.763372779612432233e-04,1.547416034955400145e-03,1.040608100095268820e-03,1.091171061917020982e-04,6.937387333968460246e-04,-1.290436296494042352e-02,1.253662426140374729e-03,1.810833802267228969e-03,-1.181814426123436318e-02,-1.045587623709450355e-03,-2.092524217988233487e-03,-2.402114266321051807e-04,-2.183619940308261355e-04,-1.337649049406599774e-02,-1.222423449653985833e-02,-1.268562991845754127e-02,-8.423470854452263026e-03,1.381028001347989285e-03,-3.178649554339653578e-03,1.560684469350746319e-03,-9.001903364080358211e-03,2.214467393244120338e-03,-6.268698256450942361e-04,3.409528511283354516e-04,-5.027746149665388194e-03,-4.478533874387688810e-03,-1.247243175226841376e-03,1.035907525317385919e-03,6.363932102869788738e-04,2.290884458574432743e-03,-2.687653713323518660e-03,-1.574309750698992677e-02,3.474473155133146838e-03,2.160035837792217365e-03,-1.108076801118630574e-03,-1.710568889326903944e-02,-6.090780305734432845e-04,-5.378563043234659989e-05,-1.668946125845467438e-03,3.436413789956196951e-03,9.157336716264457112e-04,-9.503182256791241692e-04,-7.827570588027998530e-03,1.626862575248076356e-03,8.599609743220879617e-04,2.206645748939988719e-03,-5.749323828634148904e-03,3.849187623693733494e-04,-1.363705964525034967e-02,-9.477209664013863319e-03,-5.622967334571432607e-03,2.161566081767715610e-03,-1.177480451029614371e-02,-8.868372917393795712e-03,-1.175847960776656327e-02,4.269497378596748272e-03,-7.017618700442620778e-04,-1.897253436893612220e-04,1.463503015727514456e-03,-1.801585699740788720e-04,-3.468369902059744510e-04,-7.062186002413145015e-03,-7.651446896287370826e-04,-9.015602584606855277e-03,1.161040349214085285e-03
-1.652259436984473235e-03,-1.764130006148738328e-02,-1.747294833155318278e-02,-6.855170248029060671e-03,-1.836344660255486956e-03,-7.488007394749766378e-03,5.515044077372656872e-04,-8.105870153105475609e-03,-1.247805825934040005e-02,-1.024814471051760378e-02,1.947707956121659187e-03,-3.478726579920432115e-03,-2.409692425597919057e-03,1.704244461606451355e-03,-5.075296681177106015e-03,5.110711896858502381e-04,-1.599410226155781171e-04,1.947707956121659187e-03,1.704244461606451355e-03,-5.153096147169960485e-03,-1.606801577723551006e-03,1.217317472576037209e-03,-3.324442790544860412e-03,-8.946921384215074293e-04,-1.836344660255486956e-03,9.840777667329933705e-04,0.000000000000000000e+00,-6.550285879258614143e-03,1.947707956121659187e-03,2.587991775234533350e-04,0.000000000000000000e+00,-2.113336109696967169e-03,-7.568160364871914141e-04,-1.147206723932744400e-02,-3.804396350682325012e-03,8.139129554452510969e-04,-1.836344660255486956e-03,0.000000000000000000e+00,2.361336261924608208e-03,0.000000000000000000e+00,-9.378476115418256723e-03,1.252837078494441929e-04,4.194042090882307361e-04,-4.278525169278802817e-03,-1.599410226155781171e-04,-8.361038398586638845e-04,1.217317472576037209e-03,5.843698729133152544e-04,-9.221387562222927228e-03,-6.196527447702500357e-03,-9.177115254912196832e-03,-5.424456116669072216e-03,4.333246210715024005e-04,-1.259541896544973767e-03,-3.616432811809707935e-04,-3.856879445798418269e-03,-1.284840252518221378e-03,-1.258852099020096134e-03,-1.836344660255486956e-03,-6.421945366031168133e-03,-1.548697362594786365e-03,1.630945778378986230e-03,-4.710063677324142855e-05,6.204424587044238574e-04,8.373931471514869289e-04,0.000000000000000000e+00,-1.060028215854821702e-02,5.389120136523932415e-04,9.613488371025319303e-04,0.000000000000000000e+00,-8.747534520588054821e-03,2.081223425795667922e-03,4.136283058029492383e-04,1.217317472576037209e-03,-1.445445284082998725e-03,3.409063783981079645e-04,-3.674313300989449091e-04,-5.507948146812445371e-03,-1.377258495191615055e-03,-1.422716354452537501e-03,-1.836344660255486956e-03,-5.027920114001820096e-03,2.604799756439815390e-03,-5.010870409724341862e-03,-3.475231977271031093e-03,3.740153621403880576e-03,4.744218480721170794e-04,-5.617057125056872796e-03,-1.965143615415396953e-03,-4.035031464315550973e-03,-1.744680671519929262e-03,6.204424587044238574e-04,1.542275265583347051e-03,-1.606801577723551006e-03,1.947707956121659187e-03,-1.181797866657633138e-04,-4.605946982745845290e-03,0.000000000000000000e+00,-5.236456411574723531e-03,9.613488371025319303e-04
nan,nan,nan,nan,nan,nan,nan,nan,nan,nan,nan,nan,nan,nan,nan,nan,nan,nan,nan,nan,nan,nan,nan,nan,nan,nan,nan,nan,nan,nan,nan,nan,nan,nan,nan,nan,nan,nan,nan,nan,nan,nan,nan,nan,nan,nan,nan,nan,nan,nan,nan,nan,nan,nan,nan,nan,nan,nan,nan,nan,nan,nan,nan,nan,nan,nan,nan,nan,nan,nan,nan,nan,nan,nan,nan,nan,nan,nan,nan,nan,nan,nan,nan,nan,nan,nan,nan,nan,nan,nan,nan,nan,nan,nan,nan,nan,nan,nan,nan,nan
nan,nan,nan,nan,nan,nan,nan,nan,nan,nan,nan,nan,nan,nan,nan,nan,nan,nan,nan,nan,nan,nan,nan,nan,nan,nan,nan,nan,nan,nan,nan,nan,nan,nan,nan,nan,nan,nan,nan,nan,nan,nan,nan,nan,nan,nan,nan,nan,nan,nan,nan,nan,nan,nan,nan,nan,nan,nan,nan,nan,nan,nan,nan,nan,nan,nan,nan,nan,nan,nan,nan,nan,nan,nan,nan,nan,nan,nan,nan,nan,nan,nan,nan,nan,nan,nan,nan,nan,nan,nan,nan,nan,nan,nan,nan,nan,nan,nan,nan,nan
nan,nan,nan,nan,nan,nan,nan,nan,nan,nan,nan,nan,nan,nan,nan,nan,nan,nan,nan,nan,nan,nan,nan,nan,nan,nan,nan,nan,nan,nan,nan,nan,nan,nan,nan,nan,nan,nan,nan,nan,nan,nan,nan,nan,nan,nan,nan,nan,nan,nan,nan,nan,nan,nan,nan,nan,nan,nan,nan,nan,nan,nan,nan,nan,nan,nan,nan,nan,nan,nan,nan,nan,nan,nan,nan,nan,nan,nan,nan,nan,nan,nan,nan,nan,nan,nan,nan,nan,nan,nan,nan,nan,nan,nan,nan,nan,nan,nan,nan,nan
nan,nan,nan,nan,nan,nan,nan,nan,nan,nan,nan,nan,nan,nan,nan,nan,nan,nan,nan,nan,nan,nan,nan,nan,nan,nan,nan,nan,nan,nan,nan,nan,nan,nan,nan,nan,nan,nan,nan,nan,nan,nan,nan,nan,nan,nan,nan,nan,nan,nan,nan,nan,nan,nan,nan,nan,nan,nan,nan,nan,nan,nan,nan,nan,nan,nan,nan,nan,nan,nan,nan,nan,nan,nan,nan,nan,nan,nan,nan,nan,nan,nan,nan,nan,nan,nan,nan,nan,nan,nan,nan,nan,nan,nan,nan,nan,nan,nan,nan,nan
nan,nan,nan,nan,nan,nan,nan,nan,nan,nan,nan,nan,nan,nan,nan,nan,nan,nan,nan,nan,nan,nan,nan,nan,nan,nan,nan,nan,nan,nan,nan,nan,nan,nan,nan,nan,nan,nan,nan,nan,nan,nan,nan,nan,nan,nan,nan,nan,nan,nan,nan,nan,nan,nan,nan,nan,nan,nan,nan,nan,nan,nan,nan,nan,nan,nan,nan,nan,nan,nan,nan,nan,nan,nan,nan,nan,nan,nan,nan,nan,nan,nan,nan,nan,nan,nan,nan,nan,nan,nan,nan,nan,nan,nan,nan,nan,nan,nan,nan,nan
4.806947973001416199e-03,-2.420304408698419757e-02,-2.293710711103301436e-02,-4.884100105281399644e-03,1.818679539853736713e-03,-1.875159363427279791e-02,-3.273701666704087292e-03,-1.764818045702332486e-02,-1.432702312767835870e-02,-1.450604590862589541e-02,2.154862824320042790e-03,-5.886123438302458613e-03,-1.556592963731034084e-03,5.210244915203375050e-03,-9.334240580382253266e-03,-4.616280737746914940e-04,4.387889710951366098e-04,1.252885644702283552e-03,4.950713255714093812e-03,-9.662500939166193681e-03,1.477339252289878915e-03,-1.584580551224879907e-03,5.233461230983378273e-03,-5.706639058447300714e-04,6.160158203866168518e-04,2.442714696246649653e-03,7.155891231528119754e-03,-1.120545664258016695e-02,3.061480035079190091e-03,-4.153475763593848964e-03,5.115514282050797473e-04,-3.466843085407020917e-05,-5.607378858920829962e-03,-1.801419018125078111e-02,-1.791525981792563673e-03,1.010392757802622450e-03,5.289261790623727907e-03,-1.164243637338864112e-03,-1.064252447848185309e-03,-1.199281199105882130e-03,-1.731259535634084579e-02,6.243811405459903435e-04,1.053658747351903088e-03,-6.992552293661702563e-03,4.222837777258210169e-03,-2.061829376513171601e-03,4.950584419927193773e-04,2.034605510709072782e-03,-9.293150090171271513e-03,-1.412736885324455786e-02,-1.521235639772599603e-02,-7.467177363211199154e-03,-1.939353256881035104e-03,-2.124657924625628948e-03,-1.491336410581546416e-03,-1.030656510518275851e-02,-1.000858476594888261e-04,-8.910875836165291913e-03,2.119478594029357114e-03,-9.646397502922291617e-03,-1.218938343180616659e-03,3.611674010929933221e-03,7.515128495975877815e-04,-3.781961365990407168e-03,-3.268945492605684422e-04,2.374118296039642168e-03,-1.644726680628218543e-02,-3.884574524570152954e-03,-2.899359505237805376e-03,1.042670364956629469e-03,-9.534865617781882949e-03,-1.518027964698365597e-03,-2.317431479256597086e-03,2.504253486521514169e-03,-4.153475763593848964e-03,2.030833024158892452e-03,3.476943421661587508e-05,-5.136661079302930373e-03,-2.503644346993860043e-03,-6.366059399755514365e-04,1.649709734146069095e-04,-1.130829516931673717e-02,-4.484788606578182183e-04,-1.474616164867731914e-02,-7.126462884080866748e-03,-7.090100627128433173e-04,1.082203853121036820e-03,-8.010687481433831011e-03,-2.336476815997304106e-03,-1.115465440084315030e-02,6.404704496683190449e-04,4.653469251823024594e-05,6.986891314658217949e-04,2.371155286672911057e-04,-2.994517689667598455e-04,4.709361937005021766e-03,-9.846356706185215024e-03,1.881718408260245161e-03,-6.603312603001788329e-03,5.090684455030120839e-04
nan,nan,nan,nan,nan,nan,nan,nan,nan,nan,nan,nan,nan,nan,nan,nan,nan,nan,nan,nan,nan,nan,nan,nan,nan,nan,nan,nan,nan,nan,nan,nan,nan,nan,nan,nan,nan,nan,nan,nan,nan,nan,nan,nan,nan,nan,nan,nan,nan,nan,nan,nan,nan,nan,nan,nan,nan,nan,nan,nan,nan,nan,nan,nan,nan,nan,nan,nan,nan,nan,nan,nan,nan,nan,nan,nan,nan,nan,nan,nan,nan,nan,nan,nan,nan,nan,nan,nan,nan,nan,nan,nan,nan,nan,nan,nan,nan,nan,nan,nan
nan,nan,nan,nan,nan,nan,nan,nan,nan,nan,nan,nan,nan,nan,nan,nan,nan,nan,nan,nan,nan,nan,nan,nan,nan,nan,nan,nan,nan,nan,nan,nan,nan,nan,nan,nan,nan,nan,nan,nan,nan,nan,nan,nan,nan,nan,nan,nan,nan,nan,nan,nan,nan,nan,nan,nan,nan,nan,nan,nan,nan,nan,nan,nan,nan,nan,nan,nan,nan,nan,nan,nan,nan,nan,nan,nan,nan,nan,nan,nan,nan,nan,nan,nan,nan,nan,nan,nan,nan,nan,nan,nan,nan,nan,nan,nan,nan,nan,nan,nan
-8.150060467422211600e-04,-2.191782169757026597e-02,-2.075868844058618642e-02,-8.121112809532354121e-03,0.000000000000000000e+00,-9.323542579250916965e-03,0.000000000000000000e+00,-1.271596220397108734e-02,-1.384563888915715801e-02,-1.440932729103726849e-02,1.994325563713534536e-03,-3.068867968049529722e-03,1.428271084890340471e-05,9.300288215071218301e-04,-6.244255852484498562e-03,1.745034868249342990e-03,5.672817717024414156e-04,1.994325563713534536e-03,1.065863162630824833e-03,-5.310804437358310724e-03,-1.086674728989627924e-03,5.672817717024414156e-04,-2.795051845002298821e-03,0.000000000000000000e+00,-6.791717056185175069e-04,9.076508347239065034e-04,-1.086674728989627924e-03,-6.129319619712256598e-03,1.043485175847609940e-03,1.745034868249342990e-03,-6.791717056185175069e-04,3.264103975131277778e-03,-8.150060467422211600e-04,-1.508332365405334191e-02,-1.320914463949778191e-03,2.243616259177726082e-03,0.000000000000000000e+00,0.000000000000000000e+00,1.043485175847609940e-03,0.000000000000000000e+00,-1.149059600963536938e-02,1.564444553559208575e-03,5.225257981360111959e-04,-8.116847909042773299e-03,1.597787483313309711e-04,-4.458439104208127175e-03,1.246453477320959031e-03,1.564444553559208575e-03,-1.113040502469588022e-02,-9.422672028331243593e-03,-1.121183413905660689e-02,-5.111243752991467479e-03,1.043485175847609940e-03,-1.933507309193243599e-03,1.745034868249342990e-03,-5.924113984558364472e-03,-6.791717056185175069e-04,1.406423900781000153e-04,-6.791717056185175069e-04,-5.974932970241577691e-03,-1.356819575687910314e-03,2.956130894550344345e-04,7.166026058310496008e-04,-8.150060467422211600e-04,2.243616259177726082e-03,-1.222509070113331469e-03,-1.249597578349657956e-02,2.243616259177726082e-03,1.994325563713534536e-03,-9.508403878659244879e-04,-1.217798343580202801e-02,2.732351026718194331e-04,-9.508403878659244879e-04,4.314474305787381419e-04,0.000000000000000000e+00,1.043485175847609940e-03,-1.528333036781594906e-03,-7.505963661769220197e-03,0.000000000000000000e+00,-1.222509070113331469e-03,0.000000000000000000e+00,-4.374116385519065398e-03,1.428610212435505030e-03,-9.001345158881731562e-03,-5.504527715545317820e-03,-2.399693957163131358e-03,8.165724671666331784e-04,-9.284721579614485867e-03,-4.132883106581226006e-03,-7.424547806237546434e-03,3.122262248244524543e-03,-8.150060467422211600e-04,-1.961890182473410935e-03,0.000000000000000000e+00,1.994325563713534536e-03,1.043485175847609940e-03,-6.058851128201782170e-03,-1.086674728989627924e-03,-6.832511779596870012e-03,1.315153858095017029e-03
nan,nan,nan,nan,nan,nan,nan,nan,nan,nan,nan,nan,nan,nan,nan,nan,nan,nan,nan,nan,nan,nan,nan,nan,nan,nan,nan,nan,nan,nan,nan,nan,nan,nan,nan,nan,nan,nan,nan,nan,nan,nan,nan,nan,nan,nan,nan,nan,nan,nan,nan,nan,nan,nan,nan,nan,nan,nan,nan,nan,nan,nan,nan,nan,nan,nan,nan,nan,nan,nan,nan,nan,nan,nan,nan,nan,nan,nan,nan,nan,nan,nan,nan,nan,nan,nan,nan,nan,nan,nan,nan,nan,nan,nan,nan,nan,nan,nan,nan,nan
-1.924520541618449619e-03,-1.703774516694867361e-02,-1.545115831283727301e-02,-4.347786624033210708e-03,1.224248628903674193e-03,-7.077186206680853922e-03,3.049324967234872882e-03,-1.578932770660443005e-02,-1.590270816040610311e-02,-1.167589350600835296e-02,7.705462958660829267e-04,-3.520041469752834083e-03,-4.902639037279922507e-03,1.323879601549882634e-04,-4.323416839287294242e-03,3.012207053569673255e-03,1.091411909325063411e-03,-7.500538591551629032e-04,-1.909891778021752899e-05,-4.103985830307693358e-03,1.355156609797248009e-03,-7.898695933581115691e-04,-4.734173886358741985e-03,-1.710684925883066473e-03,1.355156609797248009e-03,1.722784875952077736e-04,1.338640041351806843e-03,-5.036613457354992100e-03,3.191242195217537506e-04,-7.486864314042878700e-04,-2.550935709264775001e-04,4.640185193133811691e-03,1.027920123485822138e-03,-8.698695568654744165e-03,-4.729171469236888824e-03,3.760432009748649555e-04,-1.496849310147683109e-03,0.000000000000000000e+00,-2.986317828108335645e-04,-1.069178078676916816e-03,-9.936135231466528689e-03,1.205653735298655403e-03,-2.031700125816586749e-03,-7.475828294610551567e-03,7.868355649072798601e-04,-6.029294450526704631e-03,-2.910459883744864512e-04,-7.101633317149437996e-04,-9.360445818218666655e-03,-1.046734667818902641e-02,-8.322747489088649919e-03,-4.816633642289638861e-03,1.204361100785050808e-03,-9.396930337134035052e-04,8.775015003524095020e-04,-7.958029235708520555e-03,6.142055593038475312e-04,4.991619441812158997e-03,7.214291538494834398e-05,-2.911480514460539418e-03,-5.999264748949575347e-04,1.321185276093419072e-03,6.694455576719640123e-04,-6.827648023972441183e-04,1.205653735298655403e-03,2.264044174826277799e-03,-7.107967584096190443e-03,3.925597694203067172e-04,3.191242195217537506e-04,1.067608719392356938e-03,-8.991630461429195656e-03,2.035036970218200968e-03,1.055877767354517589e-04,4.931441010541879602e-04,2.236231001356524251e-03,-2.352490946038298530e-03,5.320099909746486486e-03,-5.840790465956434245e-03,1.174765855412367816e-03,2.778293645275423194e-03,-3.555283160858183013e-04,-3.030359780253497927e-03,-2.459446150524624997e-03,-7.779367508850243765e-03,-4.737285243883228650e-03,-2.126282100664412308e-03,-6.690325148202632029e-04,-7.631086469512386901e-03,-4.199466608241862048e-03,-1.046592275887660642e-02,5.089546132973681893e-03,3.343016431087964240e-03,6.036386930021838326e-04,3.049324967234872882e-03,-7.263030142816003995e-04,6.051027506420849971e-04,-6.515267103085492333e-03,0.000000000000000000e+00,-7.662688547830040844e-03,1.722784875952077736e-04
nan,nan,nan,nan,nan,nan,nan,nan,nan,nan,nan,nan,nan,nan,nan,nan,nan,nan,nan,nan,nan,nan,nan,nan,nan,nan,nan,nan,nan,nan,nan,nan,nan,nan,nan,nan,nan,nan,nan,nan,nan,nan,nan,nan,nan,nan,nan,nan,nan,nan,nan,nan,nan,nan,nan,nan,nan,nan,nan,nan,nan,nan,nan,nan,nan,nan,nan,nan,nan,nan,nan,nan,nan,nan,nan,nan,nan,nan,nan,nan,nan,nan,nan,nan,nan,nan,nan,nan,nan,nan,nan,nan,nan,nan,nan,nan,nan,nan,nan,nan
nan,nan,nan,nan,nan,nan,nan,nan,nan,nan,nan,nan,nan,nan,nan,nan,nan,nan,nan,nan,nan,nan,nan,nan,nan,nan,nan,nan,nan,nan,nan,nan,nan,nan,nan,nan,nan,nan,nan,nan,nan,nan,nan,nan,nan,nan,nan,nan,nan,nan,nan,nan,nan,nan,nan,nan,nan,nan,nan,nan,nan,nan,nan,nan,nan,nan,nan,nan,nan,nan,nan,nan,nan,nan,nan,nan,nan,nan,nan,nan,nan,nan,nan,nan,nan,nan,nan,nan,nan,nan,nan,nan,nan,nan,nan,nan,nan,nan,nan,nan
1.814719162631879112e-03,-2.372403661701541489e-02,-2.902139559267857133e-02,-1.382554165301388104e-02,-2.475057840974668067e-03,-1.330776386490972740e-02,-2.111050194003911301e-04,-1.532943958574598323e-02,-1.868911795735209158e-02,-1.540562142302332252e-02,1.992925623590443163e-03,-7.288650726376094506e-03,-3.917036320594376175e-03,8.611207764764004791e-04,-6.494464416617269469e-03,-5.490933748940184100e-03,3.459598820388464988e-03,-2.613751961262848061e-03,2.289857193396676455e-03,-5.530926136133339222e-03,-2.247622241761987772e-05,-4.008083144565634920e-04,-5.355157256320075554e-03,1.289304244664849592e-03,-5.147227249600828600e-04,-2.223287485548696362e-04,1.268049981424079200e-03,-1.041604497446713302e-02,1.176028898101340011e-03,-2.275886143373197397e-03,7.570654215287036691e-04,5.254417788027541600e-03,-1.158623547037029508e-03,-2.103094211425166060e-02,-1.432067646091532030e-03,-1.791984442177715388e-03,3.962542888728262311e-04,2.325079894188850863e-03,1.515645672396304794e-03,6.093093561073169642e-04,-9.354551622608906283e-03,5.515336926544424758e-04,2.914125879956134483e-03,-8.664653204796929006e-03,-6.434537016885149034e-04,-4.194627985254269914e-03,2.833567444971071651e-03,-3.473093446907235191e-03,-1.509915053130923314e-02,-8.548552396440041445e-03,-1.002269087841297333e-02,-5.832086679105658207e-03,-1.920216709973683340e-03,3.530440803689934731e-04,-5.243751358826989660e-04,-4.971859326078492680e-03,2.678754490608470720e-03,-4.266420722724561555e-03,2.164485023686974754e-04,-7.895050681641539031e-03,-5.072483551323071424e-03,2.800043354466251379e-03,3.483038388827293646e-03,1.323728582641744674e-03,3.144584065702783239e-03,-2.362091784311758078e-05,-1.919869167061212870e-02,-2.560454442865315369e-03,-3.066672180798893539e-03,-1.105201300951163612e-03,-8.082226298982222307e-03,-2.338696589887543243e-03,2.558571613985027686e-03,2.441831313177258642e-03,-4.693182131400820516e-03,2.817996948138763377e-03,-1.340701691797941764e-03,-4.633864732893800895e-03,-5.309455345269864165e-03,-4.196475599232116042e-03,-1.806963734094560719e-03,-8.223527131593818748e-03,5.108779983622776036e-03,-6.705542260075506369e-03,-1.075086678723170298e-02,-6.718340549440597782e-04,4.772859787878388355e-03,-9.266127772047133559e-03,-7.338286458937351951e-03,-7.785908247033590003e-03,2.101705031799074811e-03,1.938876571789209481e-03,1.607982752023295187e-03,-3.190651000918570419e-03,2.879312136524462065e-03,-5.406143285807645318e-03,-8.481832504599481903e-03,2.710450999679995567e-03,-6.790032219478109830e-03,-4.159743179173559270e-03
-1.763780462205058464e-03,-2.424824011262528833e-02,-2.361434941574606233e-02,-8.486067306302667174e-03,-8.929404695472623445e-04,-1.215791776246723764e-02,-1.406627665494516403e-03,-1.450055773527667187e-02,-1.471642336732204709e-02,-1.649730065290963207e-02,3.540350814623227649e-03,-2.059847869374024226e-03,-2.775100990924280094e-03,3.161004844628570887e-03,-8.105687043798893640e-03,1.954359179107891410e-03,1.320261418448940302e-03,3.428299032670586392e-03,3.107615999815837096e-03,-6.652913774088151100e-03,0.000000000000000000e+00,1.015330743217652621e-03,-2.031152905131778166e-03,-1.248295480938814558e-03,0.000000000000000000e+00,2.485380065502339371e-03,1.004731057909479268e-04,-9.304094820913429847e-03,3.557203583112093868e-03,3.058053756821646615e-04,-1.312220522333481212e-05,1.140734270204794756e-03,-2.843658106154773116e-03,-1.777331451272934348e-02,-2.131859480766626434e-03,3.851642205520173536e-03,1.026601399948370082e-04,-1.143232603051381937e-03,1.252259854684416480e-03,-8.517364926684077705e-04,-1.517958066117424537e-02,2.989320214827359198e-03,4.463474544595450160e-04,-6.524389614441684394e-03,2.284343525217196868e-03,-1.208781090713494577e-03,2.129838069471268365e-03,3.858203308131840942e-03,-1.274025379271506199e-02,-1.318698681537259360e-02,-1.401746921147876447e-02,-4.183276594729714790e-03,1.178683011323219303e-03,-2.695712045983541909e-03,3.009329928228777519e-03,-7.313198262994912227e-03,-2.299568135041778205e-03,-2.560757897291010901e-03,-1.312220522333481212e-05,-8.455687305107463525e-03,-1.604169201097209972e-03,1.218437605076864430e-03,3.927005815736734468e-05,-2.861154379785886635e-03,2.773161419754510346e-03,-1.530923942722394268e-05,-1.435270905411448888e-02,1.552965747556955692e-03,1.856778080008702255e-03,-1.138564702496395586e-03,-1.345466504803037068e-02,1.561682074372311966e-04,-2.242844060169446162e-03,2.284343525217196868e-03,-2.703524552546614050e-03,2.280692361211426617e-03,-1.827691229482224667e-03,-8.331456684393006781e-03,-1.121068428865282934e-03,-2.176039177986169477e-03,-9.984311488882352190e-04,-4.936267484372299473e-03,1.902187457790381619e-03,-1.028615257488378967e-02,-5.582219045516419870e-03,-2.967347551721971014e-03,1.480262623938620047e-04,-1.020487964031477866e-02,-2.458494296732017734e-03,-8.356413977715025296e-03,2.261107630816286840e-03,-1.481339512748135320e-03,1.260172655529608185e-03,-7.565374792046327323e-04,3.423924964262808988e-03,3.428299032670586392e-03,-8.783773411571804343e-03,-1.003099049443221353e-03,-7.298728783680294256e-03,1.856778080008702255e-03
1.649827673737156103e-03,-2.295362777572894364e-02,-2.214393466783741438e-02,-5.377852763038240037e-03,4.471564855688497410e-03,-1.474004131776081652e-02,-3.210510574331191733e-04,-1.721019976921808400e-02,-1.639223778398427034e-02,-1.395258753480172614e-02,3.085380871391154526e-03,-5.091145375626694725e-03,-2.636029063283350151e-03,1.262329225606264975e-03,-7.618467223725472470e-03,3.406694533537021462e-03,1.745458600007651932e-03,0.000000000000000000e+00,1.475429256647587837e-03,-6.895821217832126364e-03,6.324731135695779369e-04,-1.750210417588706760e-03,-1.875682569173601740e-03,-2.427899469454331167e-03,8.057461116067455263e-04,-1.391020230016218502e-03,3.973582359009732341e-03,-7.772410598038541861e-03,-1.118440881190464406e-03,-1.984808189709185984e-04,-3.150378751659672991e-03,3.755996275626564268e-03,-3.868678564742095063e-03,-1.532781252546598118e-02,-9.384554461321085094e-04,1.931156226210307058e-03,2.367995604213326850e-03,9.818116199159839658e-04,1.071869520116691286e-03,0.000000000000000000e+00,-1.624243044928724497e-02,3.642570120910395767e-03,-9.448261923135399401e-04,-9.790601163310451438e-03,-2.885861736400579169e-04,-2.243931861994434823e-03,8.915182379872994617e-04,-8.873415148462732941e-04,-1.407758827711993836e-02,-1.387790746453444746e-02,-1.544632381049182261e-02,-6.257542748359467763e-03,-1.617624091695733866e-04,1.079056300157741331e-04,6.529062849951498479e-04,-1.244356961124321731e-02,1.182672318030607338e-03,-2.631049997886759657e-03,8.057461116067455263e-04,-5.552060109859357009e-03,-3.329147771788591986e-03,8.177008676758279774e-04,-3.598338947906551941e-04,-4.208232385929619977e-03,9.823614379216528882e-04,5.654054133385352180e-04,-1.352227818237691781e-02,2.257355160064483755e-03,-2.645279316151702420e-03,2.617799396707028853e-03,-1.323047119858502749e-02,1.119189106281629989e-04,-3.621043271637589163e-03,-1.678266245380806041e-03,1.671375892962673106e-03,9.447010506971102403e-05,8.993609132769177228e-04,-9.298161018713679143e-03,1.039637988223007271e-03,2.832024846800753042e-03,3.256040696230935727e-03,-4.632043295475326249e-03,-2.570917021084364977e-03,-1.433533868325500421e-02,-6.654554459731685905e-03,-3.988763304434348594e-03,8.848072226438502292e-04,-1.321649881895672549e-02,-5.414542315157331274e-03,-1.541724823258613410e-02,4.255474250615511392e-03,-3.749088297650287368e-04,-1.984062349418692743e-03,4.905975739579624892e-03,-2.064665303038788378e-04,3.429313694268102883e-03,-5.693454609976299208e-03,9.818116199159839658e-04,-8.600465531978775113e-03,-5.450268150452544820e-04
1.025652134677756304e-03,-1.802739338787002349e-02,-1.799317909811638805e-02,-5.922692679843063156e-03,6.874326086358322450e-04,-9.711659152988254967e-03,-2.838529816171557973e-04,-1.225188615150726336e-02,-1.281624451018992077e-02,-1.254428994189295613e-02,3.501209207021231456e-04,-3.889048968912540462e-03,-9.884926262124194788e-04,5.913440232414587201e-04,-5.893060350155493454e-03,4.757311660526588899e-04,6.533899246888341715e-04,2.193298500434998500e-04,2.638940180714286084e-04,-4.989648979976134269e-03,2.296795659644686714e-04,3.388932885155279386e-05,-1.500611139641422993e-03,2.936509605721452179e-04,2.992597582116198612e-04,7.792677469179092953e-04,1.300069381611205143e-04,-5.153570373649101789e-03,4.061677494853799838e-04,8.181353490124221523e-04,-1.857452893661422041e-04,1.619645589945971050e-03,2.317358641167643657e-04,-1.228977392986495450e-02,-1.820126427979063682e-03,3.597358876795613372e-04,8.673096303298506249e-04,3.106680923526416484e-04,8.383398439985894528e-05,0.000000000000000000e+00,-9.478413469527035076e-03,8.554017662084057415e-04,9.560314216922783000e-04,-6.588968590996398256e-03,7.651429997672246422e-04,-1.413443526820864181e-03,-1.674101908250952525e-04,6.099772341182337423e-04,-8.305113727496135634e-03,-8.760792143355285860e-03,-9.427646616076687525e-03,-6.266258966413373183e-03,4.791451367101963801e-04,-1.196769053018377320e-03,4.968941940026392603e-04,-6.561095255607475585e-03,5.410197714511305210e-04,4.190174889227537810e-04,2.992597582116198612e-04,-4.819076359560445916e-03,-3.470860374548049784e-03,2.308600673369907963e-04,8.000107225148384103e-04,-1.444685583958883659e-04,7.920304241215019069e-04,-3.683507223464766150e-04,-1.030829767941956847e-02,7.600545901535964806e-04,5.825610028627961493e-04,-1.580785099175810058e-04,-9.873466105189639130e-03,5.158416616292412453e-05,3.616049088574469053e-05,3.270234807991911669e-04,5.133085088546592272e-04,8.932290952154376892e-04,-2.496109598614349757e-03,-5.002708842595340530e-03,4.174811534829065969e-04,3.985630280596278623e-04,4.437283166075081729e-04,-4.830599798390392517e-03,3.448216686400627350e-04,-8.796119566593577424e-03,-5.756035766469716312e-03,-1.631444988068873588e-03,7.484420694026096233e-04,-7.004067170111967153e-03,-4.397153203117665048e-03,-7.794950271243915492e-03,1.206327624479409900e-03,-5.884277628514528603e-05,-8.992984717093136264e-04,5.283059717904233779e-04,-6.063457399602946126e-05,7.326383588981592128e-04,-5.722290324360743662e-03,3.106680923526416484e-04,-5.900674417237961045e-03,7.063911957735576367e-04
nan,nan,nan,nan,nan,nan,nan,nan,nan,nan,nan,nan,nan,nan,nan,nan,nan,nan,nan,nan,nan,nan,nan,nan,nan,nan,nan,nan,nan,nan,nan,nan,nan,nan,nan,nan,nan,nan,nan,nan,nan,nan,nan,nan,nan,nan,nan,nan,nan,nan,nan,nan,nan,nan,nan,nan,nan,nan,nan,nan,nan,nan,nan,nan,nan,nan,nan,nan,nan,nan,nan,nan,nan,nan,nan,nan,nan,nan,nan,nan,nan,nan,nan,nan,nan,nan,nan,nan,nan,nan,nan,nan,nan,nan,nan,nan,nan,nan,nan,nan
-1.934901135842169266e-03,-1.426418394470782905e-02,-1.697707602636068167e-02,-4.182996341342892777e-03,-4.534266743565168976e-03,-9.074325634213590772e-03,-1.178772972871650233e-03,-1.082810277259020279e-02,-9.610762385251096773e-03,-1.246625257878486263e-02,1.404619344868813374e-03,2.169445358858782848e-03,-2.800249546377443603e-03,3.759963509430589573e-03,-6.033489139287497721e-03,1.474995326054501970e-03,-1.987592714063837892e-04,2.491908137129996304e-03,1.515264704344412546e-03,-5.496919506834547706e-03,2.366881917898623362e-03,9.334620660292760426e-04,6.667782143614127671e-04,-1.134985692427631756e-03,1.203026283169846781e-03,5.392314100465958084e-03,-2.748146131263777547e-04,-6.314026488966044230e-03,4.852266368827245699e-03,6.452604928596884304e-04,1.088520121893904631e-03,-2.558315283759405971e-03,-9.762496167729362419e-05,-9.374904248351521516e-03,1.391154078115358281e-03,1.287674803960141886e-03,-2.057783454644679204e-03,-3.490007204905348596e-03,2.167637127501319001e-03,-2.326256878523834913e-03,-9.926307504868970080e-03,1.563472143011694496e-03,1.951435350495366516e-03,1.318854691703705111e-04,3.887644570587909815e-03,-1.409932790858755246e-03,-4.548355050419447391e-04,4.831826802706783858e-03,-6.320167832327525277e-03,-9.503594254351615048e-03,-9.256058155068701970e-03,-4.276424740818934866e-03,2.270034279648806483e-03,-4.949931841025874239e-03,1.917035190881370482e-03,-4.252936856872224780e-03,-2.741853973959496645e-03,-1.840475274040609703e-03,3.517870138491233437e-04,-7.256022054306427403e-03,-7.698042573233040671e-04,1.758900283315020189e-03,-4.160135372938706527e-04,-1.232610654104925041e-03,1.205893669221486803e-03,1.172334828831546501e-03,-9.877207082577416086e-03,4.393641300797954358e-04,3.201274194897265474e-03,-1.606603323665265880e-03,-9.011368249135032552e-03,3.538898621557933551e-03,-1.179518408180566663e-03,3.111740814102057894e-03,-2.892587535720201122e-03,1.433817656818219596e-03,-1.396818621414186792e-03,-3.373671844929338696e-03,-2.155854427675419835e-03,3.042861252482167663e-04,-3.758091424688404965e-03,-4.729991579355960138e-03,2.289180366647878759e-03,-4.387486611321711472e-03,-4.097778380666722807e-03,-2.139390561093587086e-03,-1.222805522634267230e-03,-3.084517722658782369e-03,8.825814774127314303e-04,-5.512167261703171395e-03,-1.037713458004587384e-03,2.363631762111884495e-04,2.289638652090643291e-03,-3.556143060607144628e-03,1.324081984369350311e-03,4.470838176785695874e-03,-8.195146509978597921e-03,-1.169103755025158718e-04,-5.833338233028938571e-03,5.141033586111894843e-03
nan,nan,nan,nan,nan,nan,nan,nan,nan,nan,nan,nan,nan,nan,nan,nan,nan,nan,nan,nan,nan,nan,nan,nan,nan,nan,nan,nan,nan,nan,nan,nan,nan,nan,nan,nan,nan,nan,nan,nan,nan,nan,nan,nan,nan,nan,nan,nan,nan,nan,nan,nan,nan,nan,nan,nan,nan,nan,nan,nan,nan,nan,nan,nan,nan,nan,nan,nan,nan,nan,nan,nan,nan,nan,nan,nan,nan,nan,nan,nan,nan,nan,nan,nan,nan,nan,nan,nan,nan,nan,nan,nan,nan,nan,nan,nan,nan,nan,nan,nan
-3.209914359505496896e-03,-1.970754848741503376e-02,-2.143328717959463309e-02,-8.909482639438826360e-03,-1.936745148028657824e-03,-7.291173066233871437e-03,3.495723426598358152e-04,-1.342173659355158123e-02,-1.544682600805809096e-02,-1.527033601162960941e-02,2.652715724543975098e-03,-1.659588234259116698e-03,-4.311539430491569992e-03,2.321126258975978861e-03,-5.230885349203377374e-03,2.016329621513467726e-03,2.867495902682408275e-03,1.038761434520092241e-03,1.719763962095061029e-04,-6.049080505312751793e-03,1.058355002987121807e-03,4.771700390878417554e-04,-4.042375890428879029e-03,-2.030761509945987198e-03,1.058355002987121807e-03,3.255080518213283088e-03,-2.582326864038210143e-03,-6.805435960410366122e-03,3.559877155675792923e-03,1.863931302782213676e-03,-5.760030013309302196e-04,-2.303026150224612816e-03,9.035471905039631777e-04,-1.406288895303477171e-02,-2.316439953849687601e-03,1.309139757205578800e-03,-2.259536006033433658e-03,0.000000000000000000e+00,7.339647970575824062e-04,-1.613954290023881773e-03,-1.177297838544633449e-02,3.740273049388486478e-03,7.339534536071556058e-04,-5.604657618344714709e-03,2.716302330827106027e-03,-3.323403979655277854e-03,-3.400089630711837702e-04,2.277512331219907170e-03,-1.149891958522449541e-02,-1.180766173069206296e-02,-9.919534401741486249e-03,-2.856603548152441500e-03,1.670317206596365171e-03,-7.141571528390295047e-04,3.681868405673705599e-03,-8.756184054272291711e-03,-1.435979233513519056e-03,-9.139803188900597042e-05,-8.783901450415363419e-04,-5.356508782066807424e-03,-1.308638680919182356e-03,4.951642596301076464e-04,3.488996807717871605e-03,-1.981166817244853304e-03,3.989451259770103626e-03,-1.049987431191009603e-03,-1.034448394103970950e-02,2.679508552649460633e-03,3.102682199482028388e-03,-2.582326864038210143e-03,-1.287830958534648233e-02,1.532341837214215921e-03,-5.580087807886640033e-04,2.867495902682408275e-03,-4.571949561937646979e-04,1.300341149642358614e-03,-8.978663820924501129e-05,-5.370479313021711033e-03,0.000000000000000000e+00,-3.047966374625098347e-04,-2.582326864038210143e-03,-2.895727265852774974e-03,1.327133977747845450e-03,-8.507794474489899575e-03,-6.449376905659367533e-03,-2.120881859522284751e-03,-3.144208818416494413e-04,-9.758748353209176565e-03,-2.506755956425393578e-03,-7.947078908731341693e-03,6.873489499854708827e-04,6.011600467933568386e-04,-9.879276506816194684e-04,0.000000000000000000e+00,1.451534721497661079e-03,1.038761434520092241e-03,-8.056050179568697081e-03,0.000000000000000000e+00,-8.826091481768433625e-03,2.195520768350210129e-03
nan,nan,nan,nan,nan,nan,nan,nan,nan,nan,nan,nan,nan,nan,nan,nan,nan,nan,nan,nan,nan,nan,nan,nan,nan,nan,nan,nan,nan,nan,nan,nan,nan,nan,nan,nan,nan,nan,nan,nan,nan,nan,nan,nan,nan,nan,nan,nan,nan,nan,nan,nan,nan,nan,nan,nan,nan,nan,nan,nan,nan,nan,nan,nan,nan,nan,nan,nan,nan,nan,nan,nan,nan,nan,nan,nan,nan,nan,nan,nan,nan,nan,nan,nan,nan,nan,nan,nan,nan,nan,nan,nan,nan,nan,nan,nan,nan,nan,nan,nan
8.487012709773824508e-04,1.134614780296745338e-03,0.000000000000000000e+00,0.000000000000000000e+00,1.000697282617769943e-03,1.506542830117656302e-06,-7.193034017887600532e-04,1.286610791937132722e-03,0.000000000000000000e+00,0.000000000000000000e+00,0.000000000000000000e+00,9.871383971467109514e-04,1.535025544705049866e-04,0.000000000000000000e+00,-1.003710368278005419e-03,-9.039256980705975931e-06,-1.309044120187400544e-04,0.000000000000000000e+00,-7.072510591478189078e-04,1.000697282617769943e-03,-9.901514828069464275e-04,4.364029781296324792e-04,0.000000000000000000e+00,-8.592470707882060750e-04,-9.901514828069464275e-04,-8.577405279580885538e-04,0.000000000000000000e+00,9.901514828069464275e-04,-8.487012709773823424e-04,1.130095151806392558e-03,-1.273051906466073730e-03,8.471947281472648212e-04,7.034158195320568448e-34,8.487012709773824508e-04,-9.039256980705975931e-06,-8.487012709773823424e-04,0.000000000000000000e+00,1.286610791937132722e-03,1.134614780296745338e-03,8.577405279580884454e-04,1.429567546596813353e-04,2.934462234699511981e-04,5.673073901483725607e-04,0.000000000000000000e+00,-9.901514828069464275e-04,0.000000000000000000e+00,-8.487012709773823424e-04,-8.487012709773823424e-04,-7.162903161285246855e-04,1.131601694636510079e-03,-1.285104249107014984e-03,-1.273051906466073730e-03,-4.273637211489265931e-04,1.286610791937132722e-03,-1.273051906466073730e-03,-8.592470707882060750e-04,1.399436689994462387e-04,-2.844069664892450409e-04,-9.901514828069464275e-04,1.414502118295636786e-04,-7.072510591478189078e-04,-7.162903161285246855e-04,8.577405279580884454e-04,2.829004236591273571e-04,-1.283597706276897463e-03,-1.131601694636509862e-03,-1.131601694636509862e-03,1.277571534956426728e-03,-8.622601564484414427e-04,1.143654037277451333e-03,-9.901514828069464275e-04,8.441816424870295620e-04,4.519628490352988812e-06,-1.131601694636509862e-03,1.130095151806392558e-03,4.379095209597501630e-04,-1.054579981082361402e-05,-8.577405279580885538e-04,1.143654037277451333e-03,1.134614780296745338e-03,1.000697282617769943e-03,2.949527663000688278e-04,1.429567546596815250e-04,-4.288702639790442769e-04,0.000000000000000000e+00,-8.577405279580885538e-04,-3.013085660235324040e-06,-7.177968589586425320e-04,0.000000000000000000e+00,-1.285104249107014984e-03,-9.901514828069464275e-04,-1.003710368278005419e-03,-1.282091163446779508e-03,8.577405279580884454e-04,-9.901514828069464275e-04,0.000000000000000000e+00,1.276064992126308773e-03,1.143654037277451333e-03,0.000000000000000000e+00,-1.355888547105893764e-05
nan,nan,nan,nan,nan,nan,nan,nan,nan,nan,nan,nan,nan,nan,nan,nan,nan,nan,nan,nan,nan,nan,nan,nan,nan,nan,nan,nan,nan,nan,nan,nan,nan,nan,nan,nan,nan,nan,nan,nan,nan,nan,nan,nan,nan,nan,nan,nan,nan,nan,nan,nan,nan,nan,nan,nan,nan,nan,nan,nan,nan,nan,nan,nan,nan,nan,nan,nan,nan,nan,nan,nan,nan,nan,nan,nan,nan,nan,nan,nan,nan,nan,nan,nan,nan,nan,nan,nan,nan,nan,nan,nan,nan,nan,nan,nan,nan,nan,nan,nan
-4.749268717130716530e-04,-2.258724063340003529e-02,-2.168210371553263432e-02,-8.866000156309217922e-03,-1.408068379393260464e-03,-8.933200290269824317e-03,2.029038406770238088e-04,-9.931976479529083454e-03,-1.645855825365564323e-02,-1.245158910261941546e-02,3.652094381637519373e-04,-4.779014988638961327e-03,-2.585700550289976585e-03,2.362988639309884006e-03,-5.704408516412603006e-03,-3.092749672591249294e-03,1.497912435841678401e-03,4.544281827014727050e-04,2.223708885899627983e-03,-6.319875710438092875e-03,-1.170370036386545040e-03,1.936982918393630529e-03,-3.161421099226820099e-03,-3.567254825089394440e-04,-1.467791487597325121e-03,1.396957157980167463e-03,6.030817765462431019e-04,-8.016046060715440250e-03,3.510652540730857616e-03,-2.445141124132926228e-03,2.622765777576789407e-03,-7.714716274633313421e-03,1.107785100662364098e-03,-1.444651068620182721e-02,-1.056375246874085259e-02,-1.270816465130488728e-03,-8.065746634655242796e-04,1.913861788496163752e-03,-7.274113559529419995e-04,2.273765615169639749e-04,-8.568850502342982567e-03,-1.137755534464734031e-03,7.071091891614198540e-04,-7.053454190217295708e-03,2.254850536303502125e-03,-4.157035211699699334e-03,1.728911051080881897e-04,-8.729104112763836525e-05,-9.161438069695240077e-03,-7.695090220165153386e-03,-9.270526792295629565e-03,-6.489214257476102164e-03,-1.143954005155221280e-03,2.052984840488175904e-03,-1.434554173209455670e-03,-5.146968581456835834e-03,-4.928496424373280099e-04,2.639119582084798431e-03,-1.467791487597325121e-03,-8.333600933217557086e-03,-2.538808206740757797e-03,2.236899250976793260e-03,-3.574136655562241104e-03,2.397838003990823523e-03,2.770912385255026606e-04,1.014781576245894724e-03,-1.163706592682643530e-02,-3.202491284926231065e-03,-2.156113758905118789e-04,-5.027293826476167621e-04,-7.643173736267479777e-03,-1.519937365569310947e-04,4.096382658230781487e-03,4.173010099860927254e-03,-2.923405178794683066e-03,1.315339041829369400e-03,-2.558248162891347058e-03,-3.949219752225769861e-03,-1.026931775873923510e-03,-2.929778866950651962e-03,-2.933184146270979842e-03,-8.115045573902412990e-03,2.824448582452653619e-03,-7.417036333294707053e-03,-5.872417253264874785e-03,6.557010258269408624e-05,7.179192324000244858e-04,-5.588928244036383067e-03,-2.839906643354790563e-03,-3.688515255059304689e-03,-4.952514098902890093e-03,2.151152046041669100e-03,-2.691747958087016383e-03,-1.700862376475317317e-03,7.477630837513442146e-04,-3.041450069883411354e-03,-7.512546267113777432e-03,1.875965694910002859e-03,-6.453433461259977869e-03,-1.755842310536862797e-03
-3.070922873763476738e-03,-1.805372334953810748e-02,-1.876876626303654316e-02,-7.162556852007170155e-03,-2.648704290204102058e-03,-9.305548258489443683e-03,1.633561236520354688e-03,-1.196490664763578265e-02,-1.433379146486592204e-02,-1.144300290128483916e-02,6.958446757977748785e-04,-5.084795370270246348e-03,-1.586079094210296470e-03,-7.637315681518570733e-04,-5.957553940563697220e-03,-1.747957763150885979e-04,6.935584287722192705e-04,3.115043108781296536e-04,1.347099581235777646e-03,-3.965386090578747191e-03,1.586084190459143657e-03,1.644518058627814604e-03,-4.152645348120625156e-03,5.994103184182658032e-06,1.038497486822678728e-03,1.002899739574529244e-04,4.022685023584372972e-05,-6.783675367224562686e-03,9.911443303947890110e-04,-1.014912888533015803e-03,1.849627451117498347e-03,-1.270237442468090394e-03,6.661043453001198140e-04,-1.168370791878908452e-02,-8.572332991779105238e-04,1.747079599814935040e-03,-3.120467984049117398e-03,-1.394928606748654064e-03,2.665917757402404102e-03,0.000000000000000000e+00,-9.761279574639857709e-03,8.011743430397457897e-04,-1.150090318977831441e-04,-4.888141084061502911e-03,-6.653499044127122314e-04,6.683763752785027573e-04,3.072268445611687267e-03,6.939011665493656847e-04,-1.027802167550050973e-02,-9.416057620002710876e-03,-8.972168361642728768e-03,-5.744732596742962993e-03,2.205378900262339528e-03,3.895504364017839897e-03,1.768157649082893789e-03,-3.572466417076515521e-03,-9.623118291055086232e-05,-1.226341288168889942e-03,1.038497486822678728e-03,-6.259997362414839242e-03,-5.177652413577584108e-03,1.243232304884675813e-03,-2.037029037786883962e-03,1.526875999555624055e-03,9.319243563525297230e-04,3.137946627193906150e-03,-9.423304337235826472e-03,-5.621068973916842795e-05,1.018059918997547472e-04,1.185716099263759826e-03,-8.195819992510221599e-03,1.643171028003460789e-03,9.811194950541629427e-04,8.110196818670873786e-04,-1.807551551430582742e-03,2.284432482987596401e-04,-1.230946983241584629e-03,-6.047723525859527438e-03,-2.041300406017223980e-03,-3.185604237207655728e-04,-1.031499724486617574e-03,-3.565655333679047106e-03,2.158541079768312547e-03,-3.191700267568153837e-03,-4.802332396331555550e-03,-9.499348396815108890e-04,5.323137708025103311e-04,-5.413991144835464744e-03,-5.302752316038672649e-03,-6.192221981501816810e-03,-1.229293943711910059e-03,1.348293118428696728e-03,-1.465296786286956164e-04,-1.956120491666198200e-03,3.408337842816072574e-03,-1.612678456652626288e-04,-6.949726726778250249e-03,-5.098771894849022128e-04,-5.999879434473861031e-03,-5.517922743396958766e-04
nan,nan,nan,nan,nan,nan,nan,nan,nan,nan,nan,nan,nan,nan,nan,nan,nan,nan,nan,nan,nan,nan,nan,nan,nan,nan,nan,nan,nan,nan,nan,nan,nan,nan,nan,nan,nan,nan,nan,nan,nan,nan,nan,nan,nan,nan,nan,nan,nan,nan,nan,nan,nan,nan,nan,nan,nan,nan,nan,nan,nan,nan,nan,nan,nan,nan,nan,nan,nan,nan,nan,nan,nan,nan,nan,nan,nan,nan,nan,nan,nan,nan,nan,nan,nan,nan,nan,nan,nan,nan,nan,nan,nan,nan,nan,nan,nan,nan,nan,nan
1.209811696216589677e-03,-1.527535107658947559e-02,-1.526707010688637366e-02,-4.514550275054778419e-03,1.411446978919354877e-03,-6.832991813146917920e-03,0.000000000000000000e+00,-8.204046947632081740e-03,-1.164590661729316377e-02,-9.186023696360441290e-03,-1.007458580601335377e-03,-3.952346409125903973e-03,-2.239995026122443451e-03,-8.815262580261684546e-04,-5.202790580251050873e-03,-8.815262580261684546e-04,7.817853660435201578e-04,-1.007458580601335377e-03,-8.815262580261684546e-04,-3.741455417846558003e-03,0.000000000000000000e+00,9.834206487462850317e-04,0.000000000000000000e+00,0.000000000000000000e+00,0.000000000000000000e+00,-1.007458580601335377e-03,0.000000000000000000e+00,-2.946327978209039265e-03,-1.007458580601335377e-03,7.315560035959509707e-04,0.000000000000000000e+00,-2.479483267395759388e-03,1.814717544324884408e-03,-8.380954571934053424e-03,-3.853884459535399879e-03,-1.133390903176502299e-03,0.000000000000000000e+00,1.814717544324884408e-03,6.056236810207840486e-04,1.209811696216589677e-03,-6.732816074364504112e-03,2.780560757428525778e-04,9.331912862987157362e-04,-6.020650713903765751e-03,-6.296616128758345020e-04,-4.067918788656889155e-03,-6.296616128758345020e-04,-1.133390903176502299e-03,-7.002305865784395900e-03,-6.210665647143218983e-03,-7.716852041429529685e-03,-6.312448125403082901e-03,2.023531156152544091e-04,-1.661983143468972936e-03,-8.815262580261684546e-04,-5.655759334171795924e-03,1.411446978919354877e-03,-1.819805457422496388e-04,0.000000000000000000e+00,-3.658640846295374387e-03,-3.031452398290163455e-03,-6.296616128758345020e-04,-3.035184097180274477e-03,1.814717544324884408e-03,-1.133390903176502299e-03,0.000000000000000000e+00,-7.883173889621685609e-03,6.813266411483823257e-04,-1.007458580601335377e-03,1.613082261622119425e-03,-7.837163717905966734e-03,4.542177607655881991e-04,1.814717544324884408e-03,-6.296616128758345020e-04,1.613082261622119425e-03,8.072589637235493562e-04,-8.242231332461993519e-04,-4.112289196061694532e-03,1.613082261622119425e-03,1.613082261622119425e-03,1.411446978919354877e-03,-3.345409808954774838e-03,2.780560757428525778e-04,-6.719329771563831502e-03,-5.092961659532836347e-03,-4.702114225367314514e-03,6.558530434683532357e-04,-5.624073625016754764e-03,-4.369974866718545452e-03,-7.166556601859517227e-03,-3.560497381892228919e-03,0.000000000000000000e+00,-1.372572429660252544e-03,1.209811696216589677e-03,-1.007458580601335377e-03,-1.007458580601335377e-03,-3.277220486377986890e-03,1.613082261622119425e-03,-5.146146751127319945e-03,-1.007458580601335377e-03
nan,nan,nan,nan,nan,nan,nan,nan,nan,nan,nan,nan,nan,nan,nan,nan,nan,nan,nan,nan,nan,nan,nan,nan,nan,nan,nan,nan,nan,nan,nan,nan,nan,nan,nan,nan,nan,nan,nan,nan,nan,nan,nan,nan,nan,nan,nan,nan,nan,nan,nan,nan,nan,nan,nan,nan,nan,nan,nan,nan,nan,nan,nan,nan,nan,nan,nan,nan,nan,nan,nan,nan,nan,nan,nan,nan,nan,nan,nan,nan,nan,nan,nan,nan,nan,nan,nan,nan,nan,nan,nan,nan,nan,nan,nan,nan,nan,nan,nan,nan
nan,nan,nan,nan,nan,nan,nan,nan,nan,nan,nan,nan,nan,nan,nan,nan,nan,nan,nan,nan,nan,nan,nan,nan,nan,nan,nan,nan,nan,nan,nan,nan,nan,nan,nan,nan,nan,nan,nan,nan,nan,nan,nan,nan,nan,nan,nan,nan,nan,nan,nan,nan,nan,nan,nan,nan,nan,nan,nan,nan,nan,nan,nan,nan,nan,nan,nan,nan,nan,nan,nan,nan,nan,nan,nan,nan,nan,nan,nan,nan,nan,nan,nan,nan,nan,nan,nan,nan,nan,nan,nan,nan,nan,nan,nan,nan,nan,nan,nan,nan
nan,nan,nan,nan,nan,nan,nan,nan,nan,nan,nan,nan,nan,nan,nan,nan,nan,nan,nan,nan,nan,nan,nan,nan,nan,nan,nan,nan,nan,nan,nan,nan,nan,nan,nan,nan,nan,nan,nan,nan,nan,nan,nan,nan,nan,nan,nan,nan,nan,nan,nan,nan,nan,nan,nan,nan,nan,nan,nan,nan,nan,nan,nan,nan,nan,nan,nan,nan,nan,nan,nan,nan,nan,nan,nan,nan,nan,nan,nan,nan,nan,nan,nan,nan,nan,nan,nan,nan,nan,nan,nan,nan,nan,nan,nan,nan,nan,nan,nan,nan
8.395291868454134816e-04,-2.330527420941290104e-02,-2.339904114033916280e-02,-8.060659195791297638e-03,4.681969089656084983e-04,-1.155244927083851764e-02,1.712261546957039634e-04,-1.781808189906417331e-02,-1.681642199641251653e-02,-1.711867438752350673e-02,8.097789432273215634e-05,-2.520479242004381761e-03,-1.113257642090387245e-03,-3.590291514419359444e-04,-7.911227043821333557e-03,2.358902596454051041e-04,1.316319667484736359e-03,-4.787055352559144660e-04,8.439533134780384375e-05,-4.983494933487866638e-03,1.311647416450083172e-03,3.417437025071758556e-06,-1.317512910316130268e-03,1.066427861012405470e-03,1.404928437210684706e-03,6.475605176634798314e-04,-2.510586256782929428e-04,-6.876601382709366349e-03,2.803620119288178952e-05,8.395291868454134816e-04,3.412452613242690849e-04,7.570306642376996818e-03,9.009313858878782895e-04,-1.617134083352071705e-02,-1.249315583122115238e-03,8.153692353341124733e-04,7.462481660848120559e-04,0.000000000000000000e+00,8.097789432273215634e-05,0.000000000000000000e+00,-1.093889155138378158e-02,1.369784492983053444e-03,1.168532946458809016e-03,-8.809454756712823895e-03,6.123410899243010488e-04,-3.004536266112863008e-03,6.147122622124390505e-04,6.211651546101030607e-04,-1.139487192270288371e-02,-1.219465394790096233e-02,-1.139159120722966871e-02,-6.270780705232935522e-03,1.228906782026336362e-03,-3.120776754379805170e-03,1.680619685841340267e-03,-7.305716780823139078e-03,1.347464112576795799e-03,-2.513788452719119444e-03,1.404928437210684706e-03,-5.263733401557923672e-03,-2.386068882119259452e-03,9.789164706825934092e-05,-2.577261086637232072e-04,1.723313491746705014e-04,1.614331296521649348e-03,2.585787629195896754e-04,-1.436203391177871130e-02,9.070107654476903441e-04,6.810033465170921589e-04,-2.645549413987483044e-04,-1.298200063828989018e-02,-4.710621485606270270e-04,2.814070694172798783e-04,2.567883052494698880e-04,5.479816140057543455e-04,1.159708881773006788e-03,1.575907390690390068e-03,-6.816330183656653038e-03,8.098058930769450818e-05,4.816932246860636973e-04,8.137297446870888100e-04,-5.222088130202816141e-03,5.067417364487964825e-04,-1.044908712513233952e-02,-8.130253784519550497e-03,-3.974817340439628158e-03,1.338640047890993787e-03,-9.125667678227979487e-03,-6.417732753063953854e-03,-1.087848151475651927e-02,6.115935429874597151e-03,2.204636830313243235e-04,2.771624846435077720e-03,4.019085196459175791e-04,6.721765868463277409e-04,4.283052301917758781e-04,-8.505815000726632200e-03,0.000000000000000000e+00,-7.438931624833639011e-03,2.340998019752853437e-04
nan,nan,nan,nan,nan,nan,nan,nan,nan,nan,nan,nan,nan,nan,nan,nan,nan,nan,nan,nan,nan,nan,nan,nan,nan,nan,nan,nan,nan,nan,nan,nan,nan,nan,nan,nan,nan,nan,nan,nan,nan,nan,nan,nan,nan,nan,nan,nan,nan,nan,nan,nan,nan,nan,nan,nan,nan,nan,nan,nan,nan,nan,nan,nan,nan,nan,nan,nan,nan,nan,nan,nan,nan,nan,nan,nan,nan,nan,nan,nan,nan,nan,nan,nan,nan,nan,nan,nan,nan,nan,nan,nan,nan,nan,nan,nan,nan,nan,nan,nan
nan,nan,nan,nan,nan,nan,nan,nan,nan,nan,nan,nan,nan,nan,nan,nan,nan,nan,nan,nan,nan,nan,nan,nan,nan,nan,nan,nan,nan,nan,nan,nan,nan,nan,nan,nan,nan,nan,nan,nan,nan,nan,nan,nan,nan,nan,nan,nan,nan,nan,nan,nan,nan,nan,nan,nan,nan,nan,nan,nan,nan,nan,nan,nan,nan,nan,nan,nan,nan,nan,nan,nan,nan,nan,nan,nan,nan,nan,nan,nan,nan,nan,nan,nan,nan,nan,nan,nan,nan,nan,nan,nan,nan,nan,nan,nan,nan,nan,nan,nan
nan,nan,nan,nan,nan,nan,nan,nan,nan,nan,nan,nan,nan,nan,nan,nan,nan,nan,nan,nan,nan,nan,nan,nan,nan,nan,nan,nan,nan,nan,nan,nan,nan,nan,nan,nan,nan,nan,nan,nan,nan,nan,nan,nan,nan,nan,nan,nan,nan,nan,nan,nan,nan,nan,nan,nan,nan,nan,nan,nan,nan,nan,nan,nan,nan,nan,nan,nan,nan,nan,nan,nan,nan,nan,nan,nan,nan,nan,nan,nan,nan,nan,nan,nan,nan,nan,nan,nan,nan,nan,nan,nan,nan,nan,nan,nan,nan,nan,nan,nan
-8.408717807641595760e-04,-2.204838424398824701e-02,-2.357839038342049096e-02,-7.418426614701102186e-03,-8.608685974880719155e-04,-1.219014067704714960e-02,1.055346491059068166e-03,-1.967653225521727445e-02,-2.030443784313803665e-02,-1.740110180220904440e-02,4.375806396754561945e-05,-1.536361265180066901e-03,-2.214660087401255310e-03,5.160682114192662691e-04,-8.933980250827399869e-03,9.275752749552924024e-04,1.274120213188125903e-03,-7.538555512130146836e-04,-2.977904276481365005e-05,-5.794824253166696443e-03,2.675830640855591819e-03,4.745471327736688178e-04,-2.480678977220085717e-03,-9.291667192889203506e-04,1.986827445643972283e-03,1.539718563880240927e-03,7.852879660251105634e-04,-8.092615572291749632e-03,1.214279923364815130e-03,0.000000000000000000e+00,6.592152412082712349e-04,3.459675051877606107e-03,1.793509634401095447e-03,-1.438328046899981644e-02,-1.935720744490651134e-03,-1.046553637731047312e-04,-1.725794133145756252e-03,-6.703963614475354996e-04,1.472202087584294347e-03,-7.538555512130146836e-04,-1.270566110584773860e-02,1.629059697075786175e-03,7.228216982749604332e-04,-6.857057940072445838e-03,1.394343773432452777e-03,-2.200050520772434126e-03,-2.554264740157075487e-04,6.714852701249224157e-04,-1.205212632501054780e-02,-1.423797322103482511e-02,-1.258731288870501910e-02,-7.989497731388437579e-03,1.943062060198499788e-03,-2.201828276242705218e-03,1.033886760614716530e-03,-9.580014630806439613e-03,6.675361432893419126e-04,-2.796462253609700941e-03,1.082200784188354619e-03,-6.154082804973562588e-03,-2.854076440534393348e-03,1.039933872341268929e-03,-3.804976266212991599e-07,4.950066982429712379e-04,4.738473292679152931e-04,2.308523305761137154e-03,-1.335146924265338646e-02,5.153195971973846198e-04,2.770021626519031106e-04,1.122952676295962786e-03,-1.383584767690456546e-02,2.582329182832244965e-03,7.904672710341910684e-04,9.811753370666900266e-04,5.153195971973846198e-04,1.588821516665945134e-04,1.256589852356005234e-04,-6.652973896629558320e-03,0.000000000000000000e+00,2.788457021711199073e-03,-6.908492847434384619e-04,-5.706936368330885016e-03,1.207562374858264895e-04,-9.160192955267208378e-03,-8.050447655894795579e-03,-3.823149372210216720e-03,-2.592288666447464034e-05,-8.182064564522542605e-03,-5.499280630190467138e-03,-1.261180943488807681e-02,4.196437259603741192e-03,1.951061483030293092e-03,2.444558421835836982e-03,3.456568116247187255e-04,-1.138450653008052550e-04,1.369138168144817510e-03,-1.002094666461305142e-02,1.166945492450118839e-03,-8.643085293381454551e-03,1.148338658686033934e-03
nan,nan,nan,nan,nan,nan,nan,nan,nan,nan,nan,nan,nan,nan,nan,nan,nan,nan,nan,nan,nan,nan,nan,nan,nan,nan,nan,nan,nan,nan,nan,nan,nan,nan,nan,nan,nan,nan,nan,nan,nan,nan,nan,nan,nan,nan,nan,nan,nan,nan,nan,nan,nan,nan,nan,nan,nan,nan,nan,nan,nan,nan,nan,nan,nan,nan,nan,nan,nan,nan,nan,nan,nan,nan,nan,nan,nan,nan,nan,nan,nan,nan,nan,nan,nan,nan,nan,nan,nan,nan,nan,nan,nan,nan,nan,nan,nan,nan,nan,nan
nan,nan,nan,nan,nan,nan,nan,nan,nan,nan,nan,nan,nan,nan,nan,nan,nan,nan,nan,nan,nan,nan,nan,nan,nan,nan,nan,nan,nan,nan,nan,nan,nan,nan,nan,nan,nan,nan,nan,nan,nan,nan,nan,nan,nan,nan,nan,nan,nan,nan,nan,nan,nan,nan,nan,nan,nan,nan,nan,nan,nan,nan,nan,nan,nan,nan,nan,nan,nan,nan,nan,nan,nan,nan,nan,nan,nan,nan,nan,nan,nan,nan,nan,nan,nan,nan,nan,nan,nan,nan,nan,nan,nan,nan,nan,nan,nan,nan,nan,nan
nan,nan,nan,nan,nan,nan,nan,nan,nan,nan,nan,nan,nan,nan,nan,nan,nan,nan,nan,nan,nan,nan,nan,nan,nan,nan,nan,nan,nan,nan,nan,nan,nan,nan,nan,nan,nan,nan,nan,nan,nan,nan,nan,nan,nan,nan,nan,nan,nan,nan,nan,nan,nan,nan,nan,nan,nan,nan,nan,nan,nan,nan,nan,nan,nan,nan,nan,nan,nan,nan,nan,nan,nan,nan,nan,nan,nan,nan,nan,nan,nan,nan,nan,nan,nan,nan,nan,nan,nan,nan,nan,nan,nan,nan,nan,nan,nan,nan,nan,nan
nan,nan,nan,nan,nan,nan,nan,nan,nan,nan,nan,nan,nan,nan,nan,nan,nan,nan,nan,nan,nan,nan,nan,nan,nan,nan,nan,nan,nan,nan,nan,nan,nan,nan,nan,nan,nan,nan,nan,nan,nan,nan,nan,nan,nan,nan,nan,nan,nan,nan,nan,nan,nan,nan,nan,nan,nan,nan,nan,nan,nan,nan,nan,nan,nan,nan,nan,nan,nan,nan,nan,nan,nan,nan,nan,nan,nan,nan,nan,nan,nan,nan,nan,nan,nan,nan,nan,nan,nan,nan,nan,nan,nan,nan,nan,nan,nan,nan,nan,nan
nan,nan,nan,nan,nan,nan,nan,nan,nan,nan,nan,nan,nan,nan,nan,nan,nan,nan,nan,nan,nan,nan,nan,nan,nan,nan,nan,nan,nan,nan,nan,nan,nan,nan,nan,nan,nan,nan,nan,nan,nan,nan,nan,nan,nan,nan,nan,nan,nan,nan,nan,nan,nan,nan,nan,nan,nan,nan,nan,nan,nan,nan,nan,nan,nan,nan,nan,nan,nan,nan,nan,nan,nan,nan,nan,nan,nan,nan,nan,nan,nan,nan,nan,nan,nan,nan,nan,nan,nan,nan,nan,nan,nan,nan,nan,nan,nan,nan,nan,nan
-4.528667885931828712e-05,-1.516152042361583116e-02,-1.460648384037863470e-02,-3.846220718358857229e-03,-1.180800551198545978e-06,-8.118840445701148295e-03,5.383808790086098018e-04,-9.363417445755346444e-03,-1.091397065671084396e-02,-8.427045307112144071e-03,2.800313836487824232e-04,-4.029177383452981279e-03,-3.136453376346197679e-03,-3.264988630592992563e-04,-4.264184404573005162e-03,5.002239198096930907e-04,4.932900449175957542e-04,-3.749495789333079409e-04,2.767636346035050733e-04,-4.515889835952503761e-03,1.121190253541599164e-03,5.250948658099930337e-05,-1.095146880756480302e-03,0.000000000000000000e+00,8.928360326530129310e-04,-5.379970628807506747e-05,7.568848186609021837e-04,-4.402260969335361832e-03,-2.325637129105441047e-04,0.000000000000000000e+00,5.250948658099930337e-05,-2.664414846638352673e-03,1.286275602105279236e-04,-8.613246518531658333e-03,-2.019898755524336675e-03,5.383808790086098018e-04,-3.904406493839372846e-04,-3.904406493839372846e-04,1.147521312813143965e-03,0.000000000000000000e+00,-8.069128975398680292e-03,8.655200175985737964e-04,2.946220132818213613e-04,-4.796206928980938089e-03,-2.590915722739554135e-04,-1.240156930875584585e-03,8.195930632085906761e-04,-4.122790815232776316e-05,-7.265278683307319595e-03,-7.636883520125503991e-03,-7.536831122386376987e-03,-4.707145263830253036e-03,9.774699996819840187e-04,-4.966684042170949314e-04,6.146947974064430071e-04,-4.998123696003491101e-03,7.630708846975000703e-04,5.880460688054169310e-04,8.928360326530129310e-04,-4.583449870633298819e-03,-3.062058492343865644e-03,4.756716791373594611e-04,-1.453369579283674343e-03,1.286275602105279236e-04,3.733751781983765824e-04,1.185286582475451357e-03,-7.691735613342074937e-03,5.122456645053692810e-04,-3.749495789333079409e-04,9.687582615142371423e-04,-7.066711132868579680e-03,7.754900508711566696e-04,-1.210092416579904728e-04,-3.175903247996860889e-04,2.310334803053882440e-04,1.423858660227638904e-04,-2.685339510279066092e-03,-4.304184028093850992e-03,-3.749495789333079409e-04,1.120994408773294451e-03,5.122456645053692810e-04,-3.309930508456825678e-03,1.778222636457886107e-04,-5.692557895721080639e-03,-4.232645075206442793e-03,5.019756918243922523e-04,5.957391778186698055e-04,-5.276779397039609194e-03,-4.013424190950187764e-03,-6.933616898152823033e-03,-1.108085635259751242e-03,5.666885122947945639e-04,8.419010071414074082e-05,2.594947008772258102e-04,6.146947974064430071e-04,6.701226009787622983e-04,-4.027800296333439341e-03,2.185039396522925174e-04,-5.379542844721727640e-03,5.250948658099930337e-05
-3.068751547713235973e-04,-2.021534203418588402e-02,-1.946103973587174144e-02,-5.714383711338645068e-03,-7.489019366891460109e-04,-9.859061794065473658e-03,1.315427359387927927e-03,-1.651130010831510647e-02,-1.559861489103828505e-02,-1.536808641591051218e-02,-1.437049608709759169e-03,-2.378794522119757632e-03,-2.388372862920932344e-03,-1.751093805440904518e-03,-7.623425558578812190e-03,1.272181732664427658e-03,-6.271580862543494218e-04,0.000000000000000000e+00,-9.174667039488672163e-04,-4.089184884317631323e-03,1.732270289652851781e-03,7.590911728791851837e-04,-1.978948095328445997e-03,1.804267493434203893e-03,1.616048444843560996e-03,7.948499416150250256e-04,-1.137250399996407113e-03,-5.173585856934505636e-03,-6.982350347690748386e-04,1.779244910492776147e-03,1.096710372766710601e-03,6.229271242531694147e-03,2.685313340855712515e-03,-1.199791813587785388e-02,-1.466720827968343108e-05,1.022539553846747804e-03,-9.884102048074393503e-04,-1.676557876828052834e-03,1.141946561874080703e-03,0.000000000000000000e+00,-8.645053285406680693e-03,9.620769519261564129e-05,9.337380660160899846e-04,-6.891141233138576953e-03,-2.698143142960706168e-04,-2.855668936561140282e-03,5.064287998312879627e-04,1.445625185869103173e-03,-8.860674887801300165e-03,-1.071049676338272152e-02,-9.942607851168353689e-03,-7.656837672216960586e-03,2.899106732526332379e-03,-3.424918279967357343e-03,1.533809330770121923e-03,-5.229286662806482099e-03,9.879973956904420079e-04,1.429002693649884890e-03,1.616048444843560996e-03,-4.730112337108735750e-03,-4.030539306916293245e-03,-3.520955832128580217e-04,-2.185622795499921923e-03,2.000392986896490019e-03,3.134526664086557230e-04,1.281959311210651700e-03,-1.115951044953852715e-02,1.444218650669580649e-03,2.113636792318910902e-03,4.718940422276899781e-04,-1.205899824928376683e-02,1.611799690905187576e-03,7.040484210295468170e-04,-8.363471375475609948e-04,1.779244910492776147e-03,-9.610582175103810846e-05,-7.549290669075314850e-04,-6.866223747650470471e-03,5.161107540154599499e-04,1.964921103102605128e-03,6.881476720206133749e-04,-3.935143351884664957e-03,3.834205865099469309e-04,-7.133294805080768637e-03,-6.368573388434341752e-03,-4.892494913794270123e-03,3.795343522459323484e-04,-5.777879542863740593e-03,-6.187921292888112941e-03,-9.635797408164942582e-03,5.912683475961503024e-03,5.633433781867306332e-04,1.084573919258817638e-03,-5.954121275734294925e-04,5.908335998031693983e-04,1.246060173250879794e-03,-7.537230411019958318e-03,-1.137250399996407113e-03,-6.471900499026585728e-03,1.944275165507401270e-03
nan,nan,nan,nan,nan,nan,nan,nan,nan,nan,nan,nan,nan,nan,nan,nan,nan,nan,nan,nan,nan,nan,nan,nan,nan,nan,nan,nan,nan,nan,nan,nan,nan,nan,nan,nan,nan,nan,nan,nan,nan,nan,nan,nan,nan,nan,nan,nan,nan,nan,nan,nan,nan,nan,nan,nan,nan,nan,nan,nan,nan,nan,nan,nan,nan,nan,nan,nan,nan,nan,nan,nan,nan,nan,nan,nan,nan,nan,nan,nan,nan,nan,nan,nan,nan,nan,nan,nan,nan,nan,nan,nan,nan,nan,nan,nan,nan,nan,nan,nan
nan,nan,nan,nan,nan,nan,nan,nan,nan,nan,nan,nan,nan,nan,nan,nan,nan,nan,nan,nan,nan,nan,nan,nan,nan,nan,nan,nan,nan,nan,nan,nan,nan,nan,nan,nan,nan,nan,nan,nan,nan,nan,nan,nan,nan,nan,nan,nan,nan,nan,nan,nan,nan,nan,nan,nan,nan,nan,nan,nan,nan,nan,nan,nan,nan,nan,nan,nan,nan,nan,nan,nan,nan,nan,nan,nan,nan,nan,nan,nan,nan,nan,nan,nan,nan,nan,nan,nan,nan,nan,nan,nan,nan,nan,nan,nan,nan,nan,nan,nan
nan,nan,nan,nan,nan,nan,nan,nan,nan,nan,nan,nan,nan,nan,nan,nan,nan,nan,nan,nan,nan,nan,nan,nan,nan,nan,nan,nan,nan,nan,nan,nan,nan,nan,nan,nan,nan,nan,nan,nan,nan,nan,nan,nan,nan,nan,nan,nan,nan,nan,nan,nan,nan,nan,nan,nan,nan,nan,nan,nan,nan,nan,nan,nan,nan,nan,nan,nan,nan,nan,nan,nan,nan,nan,nan,nan,nan,nan,nan,nan,nan,nan,nan,nan,nan,nan,nan,nan,nan,nan,nan,nan,nan,nan,nan,nan,nan,nan,nan,nan
-1.176180009998155276e-03,-1.988666881018157778e-02,-1.877277693790873128e-02,-7.932843802546173800e-03,-2.059883744081720484e-03,-7.906704910168172243e-03,3.142822147972945180e-04,-1.174791477832435628e-02,-1.327462065326288389e-02,-1.331730769836135878e-02,-3.706913701343568447e-04,-2.401726014688958678e-03,-9.191383177300886664e-05,5.175126889128669940e-04,-6.153372042247779762e-03,-1.694178965982780487e-03,1.084741767633292178e-03,5.914430730432764871e-04,1.152506384769372803e-03,-4.970753110535774608e-03,6.657107018705698230e-04,1.715951458005365686e-03,-8.423673462031183723e-04,1.257848061015940776e-03,5.559264175663986571e-04,1.849291134059217155e-03,-1.282845924236844298e-03,-6.815769829711825455e-03,2.507996839884243500e-03,-7.213744715054934984e-04,2.874830650261450682e-03,8.438801086976333368e-04,1.933942767545500808e-03,-1.380297448180438716e-02,-4.061498636857356972e-03,6.403755939527820251e-04,-8.782742744333684598e-04,-2.821821768909238545e-04,-6.215199718151780909e-04,-1.881214512606158126e-04,-7.676203413481745737e-03,-2.278779132372771418e-04,9.541843766227140920e-04,-5.808151512626931467e-03,1.946925609474816927e-03,-9.256617664622271684e-04,1.003359763256170397e-03,1.813437233885455699e-03,-7.866095148772541193e-03,-8.507586207243560128e-03,-7.746832406891935446e-03,-4.967817223017074665e-03,1.007247789069727270e-03,5.147709355431892564e-04,1.442150337259144773e-03,-3.759632857589630985e-03,-3.036857177703590894e-04,-2.374152730292402973e-03,5.559264175663986571e-04,-5.315418402644699405e-03,-2.257387153210331163e-03,8.442898759789480359e-04,4.892783230908898714e-05,1.953797217756871735e-03,1.379083908764922820e-03,1.112203357688173111e-03,-1.008163299901182822e-02,-1.406645981102805322e-03,1.739506849755046098e-03,-1.373318785388060251e-03,-8.291473657180621279e-03,-5.463178491261862961e-04,2.592648473370527153e-03,2.925056943106670981e-03,-2.040665863066388856e-03,1.457324672864122352e-03,-1.955220023073240068e-03,-3.912502875975636639e-03,-9.095343075058473200e-04,-2.251593059821429144e-03,-1.899528003552115136e-03,-5.676116960706070400e-03,2.362452197543934464e-03,-6.184976827486478659e-03,-5.829199182934794235e-03,-2.143170730007931506e-03,5.691064991230975574e-04,-4.675709417239021226e-03,-3.870521115091313247e-03,-3.972094643561178105e-03,2.380550178320225713e-03,9.531334704109504239e-04,1.271057335884658761e-04,-2.239457365626657676e-03,1.865288024513437823e-03,-1.198394188342290960e-03,-8.349885859501825214e-03,-2.508286016808212462e-04,-5.210963614468587871e-03,-1.770469170859208610e-04
nan,nan,nan,nan,nan,nan,nan,nan,nan,nan,nan,nan,nan,nan,nan,nan,nan,nan,nan,nan,nan,nan,nan,nan,nan,nan,nan,nan,nan,nan,nan,nan,nan,nan,nan,nan,nan,nan,nan,nan,nan,nan,nan,nan,nan,nan,nan,nan,nan,nan,nan,nan,nan,nan,nan,nan,nan,nan,nan,nan,nan,nan,nan,nan,nan,nan,nan,nan,nan,nan,nan,nan,nan,nan,nan,nan,nan,nan,nan,nan,nan,nan,nan,nan,nan,nan,nan,nan,nan,nan,nan,nan,nan,nan,nan,nan,nan,nan,nan,nan
1.542546242186954844e-03,-2.244552539005174180e-02,-2.213004684281740311e-02,-7.860339912218437114e-03,2.867116468978427556e-03,-1.056746061015731084e-02,-1.893002173447868881e-03,-1.018927429236794573e-02,-1.442396497283627947e-02,-1.453374895177737651e-02,9.145608744935202665e-04,-4.957718957772697804e-03,-2.240111563764692840e-03,-2.288453927721101463e-05,-9.819699649259331503e-03,1.020345491667530531e-04,5.041598337014798229e-04,1.730935741088836634e-03,3.145541168465039190e-04,-3.949004972328810231e-03,-2.629752466977666129e-03,2.304203053581657234e-03,-1.985300061292859849e-03,-7.014649796659184339e-04,-2.155806592791390756e-03,-1.884710425437255898e-03,-3.759205280161902521e-04,-5.687210619438942683e-03,-1.117641139869737267e-03,2.526993493972079768e-03,-1.584746010650690774e-03,2.919667308883786960e-03,-6.348310982950343103e-04,-1.552217924295986456e-02,-1.298864145229867246e-03,1.008311590059073233e-03,9.432985029718252883e-04,2.830069435651737502e-03,2.389001761668202439e-03,2.560497602081034454e-03,-1.148992552174962246e-02,1.519664572656173347e-03,1.438898718203487003e-03,-8.619431525579496906e-03,-1.850207847230031771e-03,-7.866688285530524724e-04,6.144929710005676143e-04,4.251308247942853777e-06,-1.270265999806025406e-02,-7.976614656486018251e-03,-1.444985417703804204e-02,-8.440587890568279975e-03,4.091739427408818541e-05,-3.769704894957229442e-04,-8.209608068361803597e-04,-7.737643655979039095e-03,1.724066755141043998e-04,-3.168968730338042519e-03,-1.347265018815540323e-03,-5.908204767106173087e-03,-4.454367908759283845e-03,-1.437577653730154640e-03,1.614903148174859100e-03,7.995305101874491558e-04,-1.314804988770418553e-03,-2.117649158068902245e-03,-1.507580849270240969e-02,3.291451906589358198e-03,-9.253984246932327488e-04,2.321443743116686966e-03,-1.358907897353132770e-02,2.252824806863770301e-04,1.855152523754614597e-04,-1.712397019363189488e-03,1.483161100197204468e-03,2.655726798753827150e-03,-1.164571626169528650e-03,-9.597065682863142877e-03,2.515617276134878792e-03,3.183370675192762197e-04,3.160395363906285619e-03,-4.129221400456737842e-03,1.707860997290392693e-03,-1.152396748505261394e-02,-5.790275179822642997e-03,-4.889326915764883458e-03,1.089873141742170619e-03,-1.032574641009047396e-02,-5.129308756436161063e-03,-9.975234439145221413e-03,-8.286802883362954196e-04,-3.298714652919343491e-03,7.812871862491045476e-05,1.696592661613904093e-03,6.107877596639491556e-04,5.062368499746582257e-04,-3.982962199915357319e-03,1.251761611638141933e-03,-6.539826757467267181e-03,-6.463896854596388455e-04
1.435683466358593768e-03,-2.118455097324853376e-02,-2.282989247865563689e-02,-9.222212268289203818e-03,-2.984859072904088445e-04,-1.314867621453742232e-02,-8.214730305613952930e-04,-1.382056994957879016e-02,-1.409227552302813949e-02,-1.297639962972884850e-02,2.679387738123229726e-03,-4.246705473893848566e-03,-2.416621843507907926e-03,-1.353154377783738829e-03,-5.461557607393112933e-03,-6.785529239775797954e-04,2.163019422416104232e-03,-1.236100940493377797e-03,9.585990212956877355e-04,-5.764860373289224307e-03,1.085337969086856789e-03,-1.166613240866154868e-03,-1.134545227980911534e-03,1.276163081207638784e-03,1.085337969086856789e-03,-1.607367236064758190e-03,4.546900506462439248e-04,-6.511325554900965554e-03,-2.033702866248152281e-03,1.204859403316626805e-03,-2.027227100378030476e-03,5.871308671351966636e-03,-2.984349411283760377e-03,-1.651837863790980854e-02,1.008782316755800251e-04,2.003794997767619976e-03,1.116642696056684017e-03,0.000000000000000000e+00,3.476989663878004427e-03,7.976019257547742672e-04,-1.099445577962289422e-02,3.285645697660347260e-03,2.161981714222356056e-03,-7.544535590203110993e-03,-2.976406812138671868e-03,-4.020038233980898108e-03,4.032838076409440801e-03,-1.490313798774397592e-03,-1.436642002472107368e-02,-9.416854584684268559e-03,-1.109523551194642466e-02,-4.128671669136018720e-03,6.599601951965475277e-04,-1.580129088598040575e-03,2.507264966220854562e-03,-5.212274637383608814e-03,2.476595467627328191e-03,-3.605384508023827105e-03,2.042460279992585823e-03,-6.902468451620605641e-03,-4.427606126553587651e-03,1.933395307044901736e-04,6.708475213394432101e-04,-1.708186330076121593e-03,3.285645697660347260e-03,-7.667696312375225833e-04,-1.574498776153809496e-02,2.634442916208233707e-03,-2.033702866248152281e-03,2.376224568288724966e-04,-9.691884494919283943e-03,-1.718946071149439698e-03,-2.613083115712379768e-03,-2.123735551771884118e-03,-1.472675812013508846e-03,2.493624871275685988e-03,-5.225297025096596951e-05,-6.894095371667931064e-03,-3.410685041467154469e-03,-1.038540624378766477e-03,2.361501050294495356e-03,-3.226573496017970128e-03,2.665747643178061586e-03,-6.397064129371524827e-03,-8.218405398475276888e-03,-1.338590072431865155e-03,3.987893254494444782e-03,-1.097168942001014967e-02,-7.908739795876954318e-03,-1.057899448365843056e-02,2.049503183977042196e-03,-1.674144290928183693e-03,2.830913666691080820e-03,-8.214730305613952930e-04,3.796030434179913527e-03,-1.507629714065216592e-04,-4.425005761596684239e-03,0.000000000000000000e+00,-5.991296906119790433e-03,-1.607367236064758190e-03
-9.159048805017496820e-04,-1.536762350694173898e-02,-1.845346730681263897e-02,-7.642346716747724922e-03,-2.619204638921785681e-03,-4.392967052318616679e-03,2.152628211294610461e-03,-1.148625794072450149e-02,-1.171265920066286853e-02,-1.302453916044016453e-02,-8.867022417789059870e-04,-6.227901986468644931e-04,-1.318554382617779467e-04,-2.758886568041374028e-04,-3.135843968967824951e-03,4.637507799068682230e-04,5.574118941470663450e-04,-8.910199557949140823e-04,-2.179495401051395696e-03,-3.053618642237466031e-03,3.538938594682155452e-04,-3.276216843934641552e-04,-1.926482122274775569e-03,1.583054752237443965e-03,5.177753892226451575e-04,2.919206450953524233e-03,-3.905742539424447626e-03,-2.643655979251651085e-03,1.179979908266478358e-03,2.919262920235601855e-03,4.344229482299474246e-04,2.084664380084269141e-03,4.466266955339826331e-03,-1.009113308595967727e-02,9.107485331702866362e-04,-1.539000554710457042e-03,-1.834348300645000400e-03,-1.648340760482222859e-04,-5.500102932782597242e-04,-1.192510160426270066e-03,-5.497336873349220436e-03,-2.830255344804528516e-04,1.724816076539725839e-03,-5.678217125595079635e-03,1.226365182424666396e-03,-3.647339757636600035e-03,-1.928247689111388516e-03,2.992444526369695689e-04,-5.878004116764039451e-03,-6.944700811324235057e-03,-4.177257002486218888e-03,-4.715991729201991431e-03,1.591191997838782785e-03,-5.281534605147569263e-03,1.355468857206171794e-03,-3.247158634546091008e-03,7.192971368420274366e-04,1.403927159136943116e-03,-9.132368032888787696e-04,-1.861099508645161970e-03,-3.116414084188488722e-03,1.621597426825609482e-04,-8.406753193894029837e-04,2.083012693398789746e-03,2.958847901804576019e-03,-1.830565936091727497e-03,-8.715060101222825428e-03,1.237060728072563722e-03,4.382663211591533541e-03,-3.511796937539452077e-03,-1.041073783759625081e-02,1.517510309133571081e-03,2.216237995518960478e-03,1.573238538223788478e-03,1.783037244923343229e-03,-4.895343163302999729e-04,-2.350190461488458823e-03,-2.027142024465149964e-03,0.000000000000000000e+00,5.727096009507036639e-05,-2.780438002941853885e-03,-4.020444982715858963e-03,1.420180580255031794e-03,-5.420954502819375076e-03,-6.635261254181602786e-03,-4.470528615562068854e-03,6.919355202603977729e-04,-4.460773695639397990e-03,-3.900737159047555982e-03,-4.209933635872076252e-03,1.557209164414977663e-03,2.453867805166631052e-03,1.264428856695372794e-03,-1.513613419764444582e-03,-7.515970970706913360e-04,-2.145831938148405268e-03,-6.386028770280948591e-03,-6.018514887267017218e-04,-6.314046446843277031e-03,2.683813312890471516e-03
nan,nan,nan,nan,nan,nan,nan,nan,nan,nan,nan,nan,nan,nan,nan,nan,nan,nan,nan,nan,nan,nan,nan,nan,nan,nan,nan,nan,nan,nan,nan,nan,nan,nan,nan,nan,nan,nan,nan,nan,nan,nan,nan,nan,nan,nan,nan,nan,nan,nan,nan,nan,nan,nan,nan,nan,nan,nan,nan,nan,nan,nan,nan,nan,nan,nan,nan,nan,nan,nan,nan,nan,nan,nan,nan,nan,nan,nan,nan,nan,nan,nan,nan,nan,nan,nan,nan,nan,nan,nan,nan,nan,nan,nan,nan,nan,nan,nan,nan,nan
-1.813938767253329629e-03,-2.388774983478777689e-02,-2.193434481326120289e-02,-9.800120777333677299e-03,-9.832338556491221088e-04,-7.029257462178282317e-03,2.230869527422536542e-03,-1.543165291548071263e-02,-1.614429582376640526e-02,-1.486255870099104787e-02,0.000000000000000000e+00,-7.213232518520689904e-03,-2.296406576462934647e-03,-2.124502421423750398e-03,-3.552145789735175301e-03,-5.794291534114483786e-04,2.581826398348375292e-03,-1.114966995256212517e-03,-1.432925863950262825e-04,-5.776402374986550417e-03,1.332734469676995128e-03,5.271889254759145129e-05,-5.201879772471726740e-03,2.730598115975165548e-03,2.099380231506926126e-03,4.679294486787268339e-04,-3.158296873157349482e-03,-6.134576363348128586e-03,3.175556930936728047e-04,4.610807898515754174e-04,1.982503559913388266e-03,2.307429317972413754e-03,2.580058720373552567e-03,-1.659657530080445656e-02,-1.691475507849361532e-03,1.780768826104495422e-03,-4.573601175327730904e-04,0.000000000000000000e+00,-1.808138715939817997e-03,-3.266857982376950259e-04,-8.544532010851183315e-03,1.134487897824027793e-03,1.301201818113976777e-04,-9.718321335968015812e-03,4.459181230311636619e-04,-4.252993840896329182e-03,2.306642564220844765e-03,4.034319197819496538e-04,-1.071208398102579951e-02,-1.021188271416783450e-02,-6.435801419068737719e-03,-2.920856964408935410e-03,1.782720826711963217e-03,-5.514671882418524171e-03,4.342015501573042932e-03,-4.573489554219212216e-03,1.634760697759420631e-03,9.380705530579304483e-04,1.707357273621691986e-03,-3.991644144809116009e-03,-3.117678535917602859e-03,-8.565392912377383728e-05,2.001140119982884082e-03,1.092469109510342843e-03,4.700633893679822921e-03,2.154555850631960541e-04,-9.196443162920184614e-03,3.073871932343835755e-04,2.567476593881753630e-03,-2.902748285880706394e-03,-1.030559392444047560e-02,-2.725672842284049963e-03,1.745595588614709016e-03,1.636531763680529935e-03,-1.301301079123124164e-04,6.484767725794160671e-04,-1.093621681334375553e-03,-4.885614773613659173e-03,-7.882811970185173286e-04,-2.583760990019297928e-03,-5.226972771803120414e-04,-2.932594942021226388e-03,1.211412553090443706e-03,-7.846089260314851807e-03,-7.778643924074595505e-03,-3.927871480295594409e-03,1.972426584530651093e-03,-9.353246891582643607e-03,-7.495777179158175617e-03,-6.132846654087101279e-03,5.326842218990367542e-03,1.516631237063341452e-03,2.429548673574523972e-03,-5.912108977638878609e-04,2.919763050357372051e-03,-2.903807106192718684e-03,-7.680263154136421182e-03,-2.044388698213150338e-03,-7.488244597987864758e-03,-1.506408193922845759e-03
2.907519443577637197e-03,-1.364385308670174914e-02,-1.692418481420588511e-02,-6.162348009549230114e-03,4.987310589589111779e-05,-1.113209099368220496e-02,-9.241615600373690766e-04,-1.320171016533245104e-02,-1.384420490856245328e-02,-1.113295980378269621e-02,-2.794291818053508143e-04,-1.455076545609173318e-03,3.181697831817025673e-03,8.865770167689839259e-04,-5.896422356923339964e-03,-2.483023206827338677e-03,1.883026631294714738e-03,-2.485679261121770227e-03,1.667939606720444511e-04,-3.596045795647252047e-03,1.928623259570329609e-03,-6.562138543154400058e-04,-4.771156814552899444e-04,0.000000000000000000e+00,1.205389537231455789e-03,5.710055910547148002e-04,2.140835476455096951e-03,-5.752105669889167987e-03,3.382398679244051957e-04,-1.096780866771284628e-03,1.272010505211917399e-04,2.295596470306543284e-03,3.682789579674826700e-04,-1.098314262208547817e-02,-1.890925600162768989e-03,-2.334308388743306859e-03,1.136373776922137068e-03,1.136373776922137068e-03,4.340815043854273116e-04,0.000000000000000000e+00,-8.080057621643063279e-03,7.692773744587790485e-04,2.209294077167473468e-03,-5.136320380186906905e-03,1.057678902588657724e-03,-2.841719518215222399e-03,-7.834149048366317999e-04,-1.590999631530535174e-03,-7.793426041407074817e-03,-8.307197159894008295e-03,-7.634414816429050191e-03,-6.160185310922770482e-03,-7.981339089977314933e-04,4.308082961082956245e-04,-1.096780866771284628e-03,-6.511272353372714143e-03,2.179424203164716505e-03,2.957893203879083930e-04,1.205389537231455789e-03,-5.217880147961107169e-03,-2.268341716442022135e-03,1.124654848488155926e-03,2.116604464943704100e-04,3.682789579674826700e-04,-1.114339407949234396e-04,7.834588269605675210e-04,-1.137822915762824391e-02,-1.410146828705937348e-03,-2.485679261121770227e-03,7.633837920866688980e-04,-6.971077117481032717e-03,-1.566390588433915062e-04,1.267025493685262558e-03,8.835769410418649415e-04,-9.241615600373690766e-04,1.570455281307565031e-03,-2.944339441921136214e-03,-2.430869878236049421e-03,-1.232215413383158913e-03,1.245539606979251951e-03,0.000000000000000000e+00,-6.016155240423060394e-03,8.480161709161934637e-04,-6.715967435408089561e-03,-7.432087637564417475e-03,-2.303983569821196203e-03,1.726343650327387836e-03,-5.937901261914588745e-03,-5.715784634484670328e-03,-9.313688983620106027e-03,1.703822449333774417e-03,1.188286697227848143e-03,7.214400591921575276e-05,-1.124660050929855395e-04,-1.253463847738611097e-03,-7.981339089977314933e-04,-6.820038511979218190e-03,3.064997036492466895e-03,-5.570299643896150718e-03,-1.126262797217419086e-03
1.158315292085989115e-03,-1.977282657204575828e-02,-2.161602472095862718e-02,-7.674649741155730072e-03,1.047182156943177655e-03,-9.939268158441764284e-03,3.281735067031768842e-05,-1.487371119577106729e-02,-1.504525882897143202e-02,-1.491333808266274118e-02,1.523350115129712325e-03,-2.148010898169264334e-03,-1.649235288775433668e-03,2.498579544455304530e-03,-6.756096304555833307e-03,1.064344824774748552e-03,1.014185444895988452e-03,3.624128589112546187e-04,6.678587979558300077e-04,-4.885600815081285811e-03,-8.791958812087313519e-04,-5.428181422313647399e-04,-1.275447405679661387e-03,-1.296126091014987306e-03,-8.791958812087313519e-04,1.433525331628939317e-03,1.058497616863868186e-03,-6.491130333008905511e-03,1.511085015620905730e-03,5.554262698316287522e-04,-1.235247527913926197e-03,4.726255605462564152e-03,-3.701624066901726385e-04,-1.433495608275887380e-02,-1.273448613324738160e-04,-7.755576097105141339e-04,7.508620535556813011e-04,1.422515887666529321e-03,1.721926742219502364e-05,-4.797527386506056975e-04,-1.184970722674792871e-02,9.333594049789903715e-04,7.420882759064135071e-04,-7.777453776821752034e-03,1.541947467673765709e-03,-4.924788239255675423e-03,-1.427119659901001812e-03,-2.859129110009968984e-04,-1.046837374123755354e-02,-9.852434465336798800e-03,-1.105167193115451363e-02,-6.467534292861341558e-03,-6.067040955918460814e-04,-2.889769749222026798e-03,-8.643502694226244589e-04,-8.322016480336863822e-03,1.472278739356317531e-04,-2.270320140937647120e-03,-1.454899167589457885e-03,-4.708653940706336756e-03,-1.970395559157477050e-03,1.371786071774902917e-03,2.736131766035867271e-03,-8.865679653286472018e-04,1.062469629769332083e-03,-1.071069960363364585e-03,-1.377969349881131428e-02,5.349783539283152305e-04,3.779509627974031623e-04,-3.640182708026609725e-04,-1.231066403682935448e-02,1.122799088533576149e-03,1.369713717892612160e-04,1.281819352393081960e-03,6.929679458813351248e-04,3.013163667923133594e-04,-3.644819275695964853e-04,-5.904791013113836785e-03,5.381148147177442420e-04,5.965073342669928013e-04,-7.676043818409690727e-04,-6.373355141936759907e-03,1.258108271146471347e-04,-1.137832651673970422e-02,-6.802420857024129609e-03,-2.122895075143066759e-03,6.036181096246870338e-04,-9.008370439230816568e-03,-3.325176429050720299e-03,-9.904500599128882032e-03,3.331562822406606943e-03,1.167600100637636220e-03,8.635772191829284555e-04,1.419668887942971986e-03,-1.246798932475463298e-03,3.624128589112546187e-04,-7.304403334525534988e-03,1.422515887666529321e-03,-7.849863649013954017e-03,1.064283080565169189e-03
0.000000000000000000e+00,-4.249416766540829943e-04,-4.854108282868880545e-04,1.562131296847312325e-04,0.000000000000000000e+00,-8.220800954129209618e-05,0.000000000000000000e+00,1.544124330488389602e-04,4.362915813782778773e-04,2.053523455295242449e-04,0.000000000000000000e+00,6.599422221667423916e-05,-1.249609892874448472e-03,0.000000000000000000e+00,9.182949303943178227e-05,0.000000000000000000e+00,0.000000000000000000e+00,0.000000000000000000e+00,0.000000000000000000e+00,-2.296230623688596769e-04,0.000000000000000000e+00,0.000000000000000000e+00,0.000000000000000000e+00,0.000000000000000000e+00,0.000000000000000000e+00,0.000000000000000000e+00,0.000000000000000000e+00,-3.027887238022225052e-05,0.000000000000000000e+00,0.000000000000000000e+00,0.000000000000000000e+00,7.811636557447190448e-06,0.000000000000000000e+00,-1.158072783757239455e-04,-3.552682633232192959e-05,0.000000000000000000e+00,0.000000000000000000e+00,0.000000000000000000e+00,0.000000000000000000e+00,0.000000000000000000e+00,1.593367736413854314e-04,0.000000000000000000e+00,0.000000000000000000e+00,-2.408601434438952655e-05,0.000000000000000000e+00,7.100364113775360295e-05,0.000000000000000000e+00,0.000000000000000000e+00,-6.979918021477447311e-05,7.731875278260813404e-05,-4.436975690143137800e-05,1.354599992026808435e-05,0.000000000000000000e+00,4.238522070850017144e-04,0.000000000000000000e+00,1.389587092146177586e-04,0.000000000000000000e+00,0.000000000000000000e+00,0.000000000000000000e+00,-2.621081929344405305e-05,-6.100912286242673283e-05,0.000000000000000000e+00,2.664880984472447686e-04,0.000000000000000000e+00,0.000000000000000000e+00,0.000000000000000000e+00,2.132317608755179581e-05,0.000000000000000000e+00,0.000000000000000000e+00,0.000000000000000000e+00,-9.943681418703096124e-05,0.000000000000000000e+00,0.000000000000000000e+00,0.000000000000000000e+00,0.000000000000000000e+00,0.000000000000000000e+00,-2.308968995825739362e-03,-4.837255786304830811e-06,0.000000000000000000e+00,0.000000000000000000e+00,0.000000000000000000e+00,-1.340173733062177263e-04,0.000000000000000000e+00,-3.494583133733780153e-05,-2.042858291715041625e-05,1.996281243664862082e-03,0.000000000000000000e+00,6.953635090711187316e-05,9.349939774103812392e-05,-1.157625474625144433e-04,-1.137356404695845477e-04,0.000000000000000000e+00,9.180423870668702989e-04,0.000000000000000000e+00,0.000000000000000000e+00,0.000000000000000000e+00,1.469078034046951420e-04,0.000000000000000000e+00,-6.870277918219765243e-05,0.000000000000000000e+00
nan,nan,nan,nan,nan,nan,nan,nan,nan,nan,nan,nan,nan,nan,nan,nan,nan,nan,nan,nan,nan,nan,nan,nan,nan,nan,nan,nan,nan,nan,nan,nan,nan,nan,nan,nan,nan,nan,nan,nan,nan,nan,nan,nan,nan,nan,nan,nan,nan,nan,nan,nan,nan,nan,nan,nan,nan,nan,nan,nan,nan,nan,nan,nan,nan,nan,nan,nan,nan,nan,nan,nan,nan,nan,nan,nan,nan,nan,nan,nan,nan,nan,nan,nan,nan,nan,nan,nan,nan,nan,nan,nan,nan,nan,nan,nan,nan,nan,nan,nan
0.000000000000000000e+00,-4.600473988331433320e-06,-2.196249199306168884e-05,3.302153337613513697e-05,0.000000000000000000e+00,-1.348315470358859434e-05,0.000000000000000000e+00,-1.969701766665922504e-04,-1.030937302848087915e-04,-1.423102966670484961e-04,0.000000000000000000e+00,4.562965747458191170e-06,-6.603339620955611319e-05,0.000000000000000000e+00,-5.051225911648926523e-05,0.000000000000000000e+00,0.000000000000000000e+00,0.000000000000000000e+00,0.000000000000000000e+00,3.800152860447050254e-05,0.000000000000000000e+00,0.000000000000000000e+00,0.000000000000000000e+00,0.000000000000000000e+00,0.000000000000000000e+00,0.000000000000000000e+00,0.000000000000000000e+00,-7.511664985056316283e-05,0.000000000000000000e+00,0.000000000000000000e+00,0.000000000000000000e+00,-7.600282181227327070e-06,0.000000000000000000e+00,5.676507657655475178e-05,-5.421797793482227307e-05,0.000000000000000000e+00,0.000000000000000000e+00,0.000000000000000000e+00,0.000000000000000000e+00,0.000000000000000000e+00,1.867388129896851417e-05,0.000000000000000000e+00,0.000000000000000000e+00,2.459463809864451911e-05,0.000000000000000000e+00,-1.148010265235865777e-05,0.000000000000000000e+00,0.000000000000000000e+00,-2.881076796931855691e-05,6.443746111337891847e-05,-1.345103176729538718e-04,-6.342065608679715383e-05,0.000000000000000000e+00,0.000000000000000000e+00,0.000000000000000000e+00,6.935829100210958473e-06,0.000000000000000000e+00,0.000000000000000000e+00,0.000000000000000000e+00,2.832141924784907901e-05,2.134978639331624759e-05,0.000000000000000000e+00,1.865968811816693466e-05,0.000000000000000000e+00,0.000000000000000000e+00,0.000000000000000000e+00,-6.796522295639790905e-05,0.000000000000000000e+00,0.000000000000000000e+00,0.000000000000000000e+00,7.384413800493898534e-05,0.000000000000000000e+00,0.000000000000000000e+00,0.000000000000000000e+00,0.000000000000000000e+00,0.000000000000000000e+00,1.402963849136410835e-03,-2.005769475640793305e-05,0.000000000000000000e+00,0.000000000000000000e+00,0.000000000000000000e+00,6.823016466299259403e-05,0.000000000000000000e+00,-9.199685558511912860e-05,-4.326543011657499939e-05,1.506965509753377831e-03,0.000000000000000000e+00,-5.004450754349686525e-06,2.106796513546332276e-05,-2.196008079443657055e-05,-2.316577894840602742e-05,0.000000000000000000e+00,-5.495547224707443801e-05,0.000000000000000000e+00,0.000000000000000000e+00,0.000000000000000000e+00,-7.736849588377559933e-07,0.000000000000000000e+00,-3.311393449450194225e-05,0.000000000000000000e+00
nan,nan,nan,nan,nan,nan,nan,nan,nan,nan,nan,nan,nan,nan,nan,nan,nan,nan,nan,nan,nan,nan,nan,nan,nan,nan,nan,nan,nan,nan,nan,nan,nan,nan,nan,nan,nan,nan,nan,nan,nan,nan,nan,nan,nan,nan,nan,nan,nan,nan,nan,nan,nan,nan,nan,nan,nan,nan,nan,nan,nan,nan,nan,nan,nan,nan,nan,nan,nan,nan,nan,nan,nan,nan,nan,nan,nan,nan,nan,nan,nan,nan,nan,nan,nan,nan,nan,nan,nan,nan,nan,nan,nan,nan,nan,nan,nan,nan,nan,nan
nan,nan,nan,nan,nan,nan,nan,nan,nan,nan,nan,nan,nan,nan,nan,nan,nan,nan,nan,nan,nan,nan,nan,nan,nan,nan,nan,nan,nan,nan,nan,nan,nan,nan,nan,nan,nan,nan,nan,nan,nan,nan,nan,nan,nan,nan,nan,nan,nan,nan,nan,nan,nan,nan,nan,nan,nan,nan,nan,nan,nan,nan,nan,nan,nan,nan,nan,nan,nan,nan,nan,nan,nan,nan,nan,nan,nan,nan,nan,nan,nan,nan,nan,nan,nan,nan,nan,nan,nan,nan,nan,nan,nan,nan,nan,nan,nan,nan,nan,nan
nan,nan,nan,nan,nan,nan,nan,nan,nan,nan,nan,nan,nan,nan,nan,nan,nan,nan,nan,nan,nan,nan,nan,nan,nan,nan,nan,nan,nan,nan,nan,nan,nan,nan,nan,nan,nan,nan,nan,nan,nan,nan,nan,nan,nan,nan,nan,nan,nan,nan,nan,nan,nan,nan,nan,nan,nan,nan,nan,nan,nan,nan,nan,nan,nan,nan,nan,nan,nan,nan,nan,nan,nan,nan,nan,nan,nan,nan,nan,nan,nan,nan,nan,nan,nan,nan,nan,nan,nan,nan,nan,nan,nan,nan,nan,nan,nan,nan,nan,nan
7.197291337348411333e-04,-1.861856923475773903e-02,-1.981399608083300387e-02,-8.071553340994382444e-03,-7.942807080032603670e-04,-1.062433882405548757e-02,-2.368320024323456103e-04,-1.750634560179004789e-02,-1.309173743973905679e-02,-1.584628331128999645e-02,2.634948064322652043e-03,-2.195682173159659587e-04,-3.229478362010332337e-03,3.460584099507800493e-03,-5.855471676919769483e-03,1.589680934927172789e-03,8.807805667329784245e-04,1.462052017046831538e-03,2.443746686945571719e-03,-5.553521899917968768e-03,2.684943179778279685e-04,-1.807003037852155823e-03,-9.901323373167154798e-04,4.507754625729894541e-04,3.464904447636504674e-04,3.591249390068359908e-03,9.697414798401859069e-04,-8.771799391436707963e-03,3.198229559810542022e-03,-3.266602355185771272e-04,-1.488324700093093052e-04,8.794746061897942488e-03,-2.279651555585513953e-03,-1.687039640086014647e-02,1.163434225139366434e-03,1.609906715943914320e-03,2.062481617031672841e-03,-1.368503254282715190e-03,-1.365041974737726078e-03,-2.111129550811314311e-03,-1.246006529037052557e-02,1.105895420794112630e-03,7.015861897633306199e-04,-6.635748980656283949e-03,3.301733879315381197e-03,-7.543279199713711670e-04,3.240850058667994488e-04,2.206284788971079203e-03,-9.290149164775475532e-03,-1.103613082791781233e-02,-9.569813488194169049e-03,-3.247311200494143110e-03,-8.472274845155257209e-05,-4.363475369908494800e-03,1.756810048609319186e-03,-6.386785962922083074e-03,-6.426427131035033482e-04,-4.547046987186676055e-03,1.976579747543411080e-04,-5.172518791531818469e-03,-8.751479631110247988e-04,2.476610344530509340e-03,4.447504193824357299e-03,-2.946071609646195265e-03,3.988041954548098879e-03,-6.730993068188017301e-04,-1.364261317583101776e-02,-6.164779257411925114e-04,2.365077385293565867e-03,-3.236383280638145329e-03,-1.144638967489925580e-02,-8.419963330473262831e-04,-1.797794455141298042e-03,2.833757118600445987e-03,-1.991957996005939546e-03,5.899108269284377478e-04,1.090987432425465304e-03,-4.784744339292406300e-03,-2.181493229245362771e-03,-2.258620691402562618e-03,-2.170239089797356205e-03,-6.896699858335743685e-03,5.993011788237526810e-04,-1.088616574972171500e-02,-6.705959875824099928e-03,-3.411025566540192185e-03,1.111317581428626069e-03,-8.479326649410333372e-03,-2.617950724601021510e-03,-7.359055421342943805e-03,8.894878802204771520e-03,1.170902983530442342e-03,2.700182923953535832e-03,-7.335592559042820870e-04,1.079466910282879085e-03,1.886538588596304829e-03,-1.007374047806171811e-02,-1.037319505537677780e-03,-6.347736377802603094e-03,2.365077385293565867e-03
nan,nan,nan,nan,nan,nan,nan,nan,nan,nan,nan,nan,nan,nan,nan,nan,nan,nan,nan,nan,nan,nan,nan,nan,nan,nan,nan,nan,nan,nan,nan,nan,nan,nan,nan,nan,nan,nan,nan,nan,nan,nan,nan,nan,nan,nan,nan,nan,nan,nan,nan,nan,nan,nan,nan,nan,nan,nan,nan,nan,nan,nan,nan,nan,nan,nan,nan,nan,nan,nan,nan,nan,nan,nan,nan,nan,nan,nan,nan,nan,nan,nan,nan,nan,nan,nan,nan,nan,nan,nan,nan,nan,nan,nan,nan,nan,nan,nan,nan,nan
8.609106313307164334e-04,-2.014867249594943718e-02,-1.892644559194693599e-02,-5.297102841666852246e-03,5.739404208871443612e-04,-9.965968923751700528e-03,0.000000000000000000e+00,-1.060850474591564126e-02,-1.209113519694421032e-02,-1.063577898476461038e-02,0.000000000000000000e+00,-6.779025563907283870e-03,-5.668499267403794440e-04,0.000000000000000000e+00,-5.368101703604623472e-03,0.000000000000000000e+00,0.000000000000000000e+00,4.782836840726204094e-04,8.609106313307164334e-04,-5.926340056187325185e-03,0.000000000000000000e+00,5.739404208871443612e-04,-1.147930640870006500e-03,7.652538945161926984e-04,0.000000000000000000e+00,0.000000000000000000e+00,7.652538945161926984e-04,-4.909302395782199485e-03,0.000000000000000000e+00,0.000000000000000000e+00,5.739404208871443612e-04,-2.969892986305585833e-03,0.000000000000000000e+00,-1.223574867038739258e-02,7.410373233715281767e-04,7.652538945161926984e-04,6.695971577016685298e-04,0.000000000000000000e+00,4.782836840726204094e-04,4.782836840726204094e-04,-9.943481468741341422e-03,0.000000000000000000e+00,5.739404208871443612e-04,-7.122235403205982689e-03,0.000000000000000000e+00,-5.223272015668621940e-03,8.609106313307164334e-04,4.782836840726204094e-04,-8.406736458918304122e-03,-8.247086007104420177e-03,-9.443610250537541953e-03,-6.506796140946993247e-03,5.739404208871443612e-04,-5.442825359016070438e-04,0.000000000000000000e+00,-5.323431632298874713e-03,5.739404208871443612e-04,7.296125453805710334e-04,5.739404208871443612e-04,-5.937589079622690447e-03,-3.457556590099959432e-03,4.782836840726204094e-04,-1.320022528697485436e-03,7.652538945161926984e-04,0.000000000000000000e+00,6.695971577016685298e-04,-1.022724201889346936e-02,0.000000000000000000e+00,0.000000000000000000e+00,7.652538945161926984e-04,-8.694093122675824320e-03,0.000000000000000000e+00,4.782836840726204094e-04,0.000000000000000000e+00,0.000000000000000000e+00,6.695971577016685298e-04,-1.559038010063589288e-03,-5.637471480526878506e-03,0.000000000000000000e+00,0.000000000000000000e+00,7.652538945161926984e-04,-5.206913092532121368e-03,6.695971577016685298e-04,-8.488515986365045493e-03,-5.043638917252604194e-03,-2.702905019380674820e-03,8.609106313307164334e-04,-6.351597468272457761e-03,-4.700767223012028775e-03,-7.102757693868190676e-03,-3.028594041276759692e-03,0.000000000000000000e+00,-1.160954146302411441e-04,0.000000000000000000e+00,6.695971577016685298e-04,4.782836840726204094e-04,-4.663630967098500446e-03,0.000000000000000000e+00,-6.707145826504425958e-03,0.000000000000000000e+00
nan,nan,nan,nan,nan,nan,nan,nan,nan,nan,nan,nan,nan,nan,nan,nan,nan,nan,nan,nan,nan,nan,nan,nan,nan,nan,nan,nan,nan,nan,nan,nan,nan,nan,nan,nan,nan,nan,nan,nan,nan,nan,nan,nan,nan,nan,nan,nan,nan,nan,nan,nan,nan,nan,nan,nan,nan,nan,nan,nan,nan,nan,nan,nan,nan,nan,nan,nan,nan,nan,nan,nan,nan,nan,nan,nan,nan,nan,nan,nan,nan,nan,nan,nan,nan,nan,nan,nan,nan,nan,nan,nan,nan,nan,nan,nan,nan,nan,nan,nan
