-1.942479288796816750e-03,-3.794034261664956387e-01,-2.817623266816052241e-01,-1.584581807574577672e-01,-3.935527816728071754e-02,-3.987907657536919614e-03,-1.449779268469779669e-01,8.442123089293608607e-02,2.195589734615380553e-02,-3.619264591727895664e-02,-4.582772374854052894e-03,-1.030734506365426663e-02,-1.408623824527687439e-02,-2.360615569485708526e-02,-3.672163386256246942e-02,-9.190535088004152253e-02,3.991060758344048415e-02,-3.949878197359570769e-02,-3.144527753977499184e-03,-4.972273786006601443e-02,1.757496129605427490e-02,-6.332463367877784639e-03,-8.588880408697669583e-03,-3.064570114150929996e-03,1.767268907379105497e-02,2.936933763862516894e-02,-3.483287050890323394e-02,-1.377725362853689933e-02,1.991221781995306667e-02,-3.058934277608985758e-02,2.972884455225781666e-02,-5.769562701894261070e-02,4.913729941979864957e-02,-9.509042488203163501e-02,-1.574302163335276894e-02,-7.793895690052862410e-03,-2.435257652839859302e-02,1.149404494616400492e-02,1.757708300175997440e-02,-3.474628103236861339e-03,5.943121388132562022e-02,1.285294339529775148e-02,2.245754775756551858e-02,1.036762473250424504e-01,6.909850118012603529e-03,-8.592811959295103275e-02,2.039161063528320203e-02,9.044469841141976676e-03,-2.779449623528880420e-02,-1.058943193468918215e-01,5.776624290583822624e-02,-1.357213928990631726e-03,-1.713266163924271690e-03,-7.716028324592928700e-02,1.079977522219608202e-02,7.691819329805692218e-02,1.237980454804257779e-02,8.951237304721148397e-03,3.174909693108802361e-02,-6.937764833906534534e-02,-1.778670007227417527e-02,-1.941695685398159982e-02,1.507933274762709996e-02,1.508411509207369799e-02,2.239845129819915959e-02,-1.210277777763082464e-02,-1.002920040734853330e-01,-4.913930685396473291e-02,-1.406926261810283185e-02,-3.000814476736836031e-02,2.950426448887849551e-02,-2.580029228010543435e-02,2.933663389027605511e-02,5.583252798765723363e-02,-6.993551569589218087e-02,6.287869591694442151e-02,-8.219048905731671240e-02,9.441003999621655485e-02,-4.102315247590061081e-02,-4.745386982314888508e-02,-4.546927480634707641e-02,-8.024443523307318946e-04,1.010562804347199806e-01,9.849952496719466266e-02,-6.440262627457631062e-02,6.785630326500766141e-02,1.402989805268866491e-02,-1.217842987561703824e-02,9.078753577239706074e-04,6.707054613360476092e-02,-3.477923851514570786e-02,-1.988427854868425257e-02,5.052690210391403564e-02,-9.648523519494824063e-02,1.910024181473208085e-02,-1.896490735162377830e-02,-5.607113922389378446e-02,1.089137547345281516e-02,-3.819538469106696643e-02,-3.110768723450699214e-02
8.605274997391015646e+00,-3.267160928601506309e-02,1.118977074821475570e+00,-3.691044906454061802e+00,-4.210991816912478924e+00,-3.445855452486015214e-01,1.165911624568146010e+00,1.062529886978530236e+00,1.092493641123215564e+00,-4.040036727081642853e-01,-1.252338274758002967e+00,-1.901019386391617383e+00,2.839273778676424387e-01,1.341393922119499926e+00,-8.001265365967065168e-01,3.108760356552527915e-01,-4.287700804723292514e+00,5.909835404771971668e+00,1.234137945585156437e+00,1.209507695462809007e+00,-2.045729225754909564e+00,4.157991333171213277e+00,4.427126104135586382e-01,1.327983320467725492e-01,2.630097480681133248e+00,-4.844009879073930769e+00,2.014027085077169765e+00,3.130328520622639665e+00,2.277901781484235055e+00,1.494883705986229439e+00,1.199641874342482595e+01,-1.323278616601417434e+00,-2.477615586678466819e+00,-1.228962543335399005e-02,-1.198403577920948759e+00,9.570734983166746090e+00,-9.813982298816270600e-01,-1.721925738951360252e+00,-2.889470627919421553e+00,-2.167327801971225654e+00,1.654457160519537950e-01,-8.591215912987795189e-01,-8.380152788701821009e+00,-6.381845184430257056e-02,-9.552644522411646300e-02,-1.093573863809936597e+00,-2.635612868712213341e+00,-8.445783199955704035e+00,-1.675396064531818219e+00,-7.664213533056980499e-01,1.913082742334586417e+00,1.513380002949316072e-01,-8.441148409666347163e+00,-1.030804671215504786e+00,3.672986831681608777e+00,-2.384793092124002811e+00,-1.628218638720339007e+00,-3.173399571576388301e+00,3.344460101083467585e+00,-1.269202541063779943e+00,2.920294301126800107e-01,-1.896273593572448180e+00,8.252095837762005726e-01,5.590683086661899504e-01,-5.882948118025502993e+00,-1.139671698048632109e-01,8.167470612132277097e-02,1.153483253775325146e+01,-5.005660324925565341e+00,-3.646191851597436084e+00,-1.495687113380634869e-01,-8.443483023968864742e+00,8.847211512000283662e-01,2.241040924121054267e+00,-3.858218870310726079e+00,-2.103700963986006034e+00,-9.027477138806402346e-01,-5.383548102529824853e-01,-4.710251065830463268e+00,1.033020903520764122e+01,2.025821478431968803e+00,-1.060412538487000234e+00,4.381728598895518800e+00,-1.093489864847558835e-01,1.487996847222290420e-01,1.334305767637808282e+00,-9.287294770495973850e+00,-1.697554901534940708e+00,-1.691626083182217632e+00,2.053111962845679983e+00,-4.852033949992340389e-01,5.130844460411150720e+00,2.639750431295477817e+00,-2.757984140867608680e-01,-3.570184954536622879e+00,-6.727101925314851183e-01,-7.586246572453663184e-01,1.094781005917852656e+00,-5.373524807156800920e-01,1.073731159691952897e+01
-2.011281176154771533e+00,1.562412075133929434e+00,-1.166364074202566936e+00,-1.045763001206348575e+00,-5.559732843419313841e-01,7.965568753620094755e-01,-1.339232298920875475e-01,-2.423709278430326020e-01,-4.484673271927201443e-01,-4.465657254345142824e-01,9.141263231786066257e+00,-6.755601492929155238e-01,-1.285788052779335056e+00,-5.574407853697959103e-01,-7.332304642753607604e-01,4.489850013173145582e-01,-1.415778361858455847e+00,-3.258011206756396660e+00,1.111208411061839874e+00,3.894195590009064678e-01,-1.598314241888168841e+00,4.674097486760794951e+00,-8.659733028521524600e-01,-2.779145218006238593e+00,-1.941172996656737926e+00,-4.654827157371287938e-01,-7.474923547265361456e+00,1.060375463717661892e+00,1.534059826726429598e+00,3.183182794038521557e+00,4.445900851970885803e+00,3.526498967333522305e-01,-5.334517839738550649e-01,-1.383897459646206141e-01,-1.718568113633387018e+00,-6.304766168766896328e+00,5.782013589032551693e+00,-4.920669899594942720e-03,-5.012070581170015027e-01,-2.239703908726262238e+00,1.568744923649096901e-01,-1.531859738916408364e+00,2.656259922606737156e+00,-2.998806022436326657e-01,-6.813438109141933818e-01,1.207177893129408375e+00,-2.608144283306085498e+00,9.373126055725966577e-01,3.095527305180776345e-01,-8.909288453639516714e-01,6.139531090813821201e-01,-4.450236415634081233e-01,1.297954724207407207e+00,-5.623719892496226169e-01,2.415405011242684807e+00,1.842274832065922130e-01,-2.363858898326581803e-02,-1.220079182564246967e+00,8.077816744408845562e-01,-7.363165782955111149e-01,-1.036017882484404184e+00,-4.316710377072977556e-01,8.207241773650870709e-01,6.361980941869243011e-01,-1.374906030325555806e+00,1.846014114151193430e+00,1.199430728313767514e+00,-1.958005136497192655e+00,-5.460133215235718041e+00,-3.085799236041426141e+00,-9.369749685985691023e-01,2.080292451705093804e+00,-4.109178612814075038e+00,-2.170503798984577237e+00,7.197998625591592869e-01,-3.383999985510862452e+00,-3.455007820016164910e-01,-5.044875175070444584e-01,-4.170347388444105796e+00,5.107995956185363617e+00,6.198052432991553173e-01,-8.491145212275146292e-01,3.576274215122440037e+00,-3.566421977038604085e-01,1.588027361696694673e+00,4.663351006660105824e-01,3.696859344906144429e+00,-2.115253101488618892e-01,1.306308100095735725e+00,2.490780367862581279e+00,2.382587443807946403e-01,-7.188332969971851227e-01,7.004206120609919317e-01,7.435542225761501145e-01,8.098704799281541966e-02,1.994432711592877050e+00,-7.572465763442370879e-01,1.405923465880786871e+00,-1.730318304723601042e+00,-8.793730369863094865e+00
2.057620828833338411e+00,-4.962743541095077093e-01,1.419662837760993779e-01,-5.662319709280878577e-01,-4.088634581786334543e+00,-6.769414476357245025e-01,-6.924935633709590199e-01,-2.083729441192292420e-01,1.134416907504265520e-01,2.629417142874316271e-01,-1.322512279036185845e+00,2.725866483567135345e-01,-5.531721008990970745e-01,3.647865658199264116e-01,-5.094326704541732309e-02,9.653844637884928526e-01,2.999647317138863567e+00,-1.670321537320345606e-01,1.861651077922714670e+00,-3.910366194344587210e-01,1.781030757304806478e-01,-2.257234976348357236e+00,5.072436247826361821e-01,-2.999513348255035128e-01,7.547157586050146083e-01,-1.579954837506795329e+00,1.161490730163114549e+00,-7.458013809672823236e-01,-2.142614208167878953e+00,4.846610146736697322e-01,-3.661150448039768968e+00,-2.815945061302127517e-01,1.166099412579993944e+00,4.108837788434291927e-01,2.239089982164081949e-01,4.234340761711020917e+00,1.046977019878825299e+00,-4.453585040058205546e-01,6.299535261520738949e-01,1.204451961267015925e+00,-4.551282085020427193e-01,-2.751030941117176831e-01,2.418693932901838206e+00,-5.217055977980216142e-01,8.487898410234020474e-01,1.451638986746666138e+00,-4.895581408728433281e-02,-3.214384542461310446e+00,6.050802107873090030e-01,2.644938852534262086e-01,-1.726433888638348457e-01,-3.519666669096467304e-01,-1.035985275530788563e+00,2.773434813453516945e-01,3.067892186997933646e+00,9.065668631114902620e-01,-1.069553752146241710e+00,2.348873288201709819e+00,-8.546746672777578713e-01,6.684458276610307781e-01,-2.536064187928258606e-01,1.149569262819805093e+00,-1.137724804342295171e+00,5.487491992552450126e-01,-3.712540732878697014e+00,-1.535923288242524443e-01,-6.746447034677518495e-01,-4.718460080649347077e-01,-7.032942781045781189e-01,3.341860547710713725e+00,2.149505588015117041e-01,-2.777005568997585883e+00,8.468016632946199218e-01,-9.190866763261780203e-01,-1.457416693185368040e+00,-1.195146391774626116e+00,1.002144793126787059e+00,1.939988374070448218e-01,-1.790134328178494272e-02,-9.474971714074119644e-01,-9.709174213495530559e-01,-1.625296343422930612e-01,-1.169549284985480497e+00,-5.423528077341374098e-01,-4.913507621926408997e-01,1.007302491440918324e+00,-2.355761750469946847e+00,3.356451766913739476e-01,5.886750660153516890e-01,1.582953620826792474e-01,-4.277554072012357267e-02,5.989154878144593575e-01,9.084459177078541003e-01,-1.559576328193736483e+00,-4.715856724294571478e-01,1.960062413991987995e+00,-2.489068084987740015e-01,-2.202907916011354050e+00,-3.013151718307516269e-02,-3.294706230256894131e-02
2.593673343138859222e-01,1.891614268831948165e-01,1.191782788813665062e-01,-4.242869439712820129e-02,8.638664468904131560e-03,-5.714918106614954585e-01,-3.042725957396167913e-01,-8.050346634805319312e-02,-2.785115858492880903e-01,8.453583656221353923e-03,-1.421374320920486267e-01,-6.902220634853944992e-02,-3.707864337796437093e-01,-2.090463918769778218e-01,2.005108238515931340e-01,-3.454917707017027880e-03,-5.567545434499510809e-02,-1.233656425944219537e-01,2.868647531319437616e-01,4.855752422221797787e-02,-1.577054393236438160e-02,-9.871907961306292112e-02,-1.233322659737310645e-01,1.568644800047592491e-01,2.020197868623866966e-01,-2.886860922652133288e-02,1.441586480198206732e-01,5.596448027880202014e-01,1.068949745056974043e-01,-1.693084584408953430e-01,1.346619918194593042e-02,5.033877827705477426e-01,-1.049551617480251470e-01,-4.178459799245215489e-01,6.178085442000454952e-01,1.810845209346516327e-02,9.336228037025993964e-02,-6.421746939726589998e-02,-1.516045290670958168e-01,1.864536292326612332e-01,-4.564831588787109373e-01,-7.795457506128937453e-02,-5.397550514570804286e-02,-1.960623704431875003e-01,-8.286157019689535663e-02,2.573169309749329114e-01,3.529443370544323999e-01,7.858127003311531078e-02,-2.697463976733605606e-01,-2.719976885081311080e-01,3.372856040910712228e-01,-1.046274292485664531e-01,-7.753692028157616045e-02,-2.822433544649137205e-01,-2.028180214022624051e-01,-1.013601433741153773e-01,5.601526115940754641e-02,-5.950250641558432058e-02,3.895942199496931768e-01,2.294613352295418462e-01,-1.586666369966380497e-01,-1.790475088298944806e-01,2.249951157012517189e-01,2.034953564630838652e-01,-1.418303447506204795e-01,2.379065345844104951e-01,-1.235003799192432999e-01,-2.893137604794641105e-01,-5.962040868946404115e-02,1.133832320365495971e-01,-5.273414076824595002e-03,-1.263729279215497769e-01,8.291539174163417569e-02,7.353281838670124027e-02,-2.290815566932747349e-01,-4.969396972985041551e-04,1.478855886134654574e-01,-1.444776973969227885e-01,-1.244039337146393143e-01,-7.866027927751946536e-02,1.635131329689822749e-02,-5.161942588404331289e-01,5.761662862514876915e-02,-5.939677187033236272e-02,-1.470794195269206905e-01,5.405491903753789629e-01,1.629113266075295496e-01,5.005360034745484632e-02,-5.428560640396615233e-02,1.339006354025519541e-01,1.333730327436990215e-01,1.004443442433050754e-01,1.788015353224602644e-01,8.814749868606998329e-02,-4.874840154099123468e-02,-1.202417786526931674e-02,-1.891733013512711392e-04,3.750993519211486688e-02,1.380366780009978922e-01,-2.996130768114771414e-01
-2.107925627318643080e+00,9.352469154531923845e-01,-6.021292273983949173e-01,-1.121382007402593528e+00,-7.864538581014733687e+00,-2.628769534595349483e-02,1.993924580489295328e+00,-3.849003971383993528e-01,8.267172110927103468e-01,8.749056930111205332e-01,8.760559848457546650e+00,-1.622562480574341492e+00,-1.826760424010403783e-01,-4.972129353902828841e-01,-1.981756130957824213e+00,-1.753823594401313635e+00,-2.518607500885408079e+00,-1.319052288993273869e+00,5.811048533595402077e+00,1.488794207979541095e+00,-2.623300311392448236e+00,5.932500620763642152e-01,1.070380279283519309e+00,-2.992535911282170780e+00,-9.594348205284819464e-02,3.912016269525966372e-01,-3.743132009742248467e+00,7.676227031209599261e-01,-1.231240243126088263e+00,6.876717604432792896e+00,8.027650842435704703e+00,-2.064708778004131773e-01,1.056953265232641215e+00,6.417018498745559185e-01,5.152226963800670134e-01,-1.055859792043249534e+00,8.870699682020148913e+00,-4.430111394397664992e-01,-1.688429265775425847e+00,1.066341117517536130e+00,5.192977844415258559e-02,-1.855453328883184483e+00,9.620393208331142754e-01,-2.485875517269704460e-01,-5.854417987319646244e+00,-1.048705853268341759e+00,-1.079239681133021378e+00,2.286324694942226898e+00,-7.820689300725955917e-01,-1.701946424233436783e+00,9.684299984961493024e-01,-1.069413817923593690e+00,-6.233824206825138159e-01,6.249831901889939534e-01,7.819278050418495773e+00,-5.461256334896400499e-01,1.257941862098894470e+00,-2.639502346211546335e+00,-7.957916953259942527e-01,-7.406933525747190217e-01,-4.761256727469280747e-01,-2.624150529507419449e+00,2.531677329119461639e+00,-3.349573799497639115e+00,-1.657327111165463940e+00,-2.339121333159026150e+00,7.302295113424346340e-01,-6.022679085960010781e+00,-5.462582509612941450e+00,1.349493435980688272e+00,-3.653232828751420413e-01,1.126544772259091776e+00,-1.535389306521878217e+00,-1.312541938413403386e+00,-5.289605784891815432e-02,-5.113789569263427204e+00,1.025247742534821427e+00,-1.290023196263588634e+00,3.997216586394890747e+00,1.251569113022226887e+01,2.742690937933192963e+00,-3.781654110247276712e-01,5.301320857625713145e+00,-1.547783481287483998e+00,1.157230672206464916e+00,4.569613160814669506e-01,4.592716042578401936e-01,-1.236766224882905219e+00,7.900172635779787456e-01,3.839281787339125174e+00,-2.492752901021912493e+00,2.949708022865250356e+00,2.463643146095755743e+00,-1.414550215539522871e+00,-4.783162058997181276e-02,6.926706783143105284e+00,-2.112441497282757652e-01,-2.370704911369192480e-02,-1.136819837474906336e+00,-7.403225290728075336e+00
2.244254514410486401e+00,1.875248839357582131e+00,-1.752128433114411798e+00,-3.277165024834454599e+00,3.766102761942941690e+00,1.366934495494823931e+00,1.755538507203211251e+00,-1.203452179789979759e+00,7.768831797564468289e-01,-8.871355959745762521e-01,5.181702575771605979e+00,-2.015790871988505373e+00,-2.963742536836212693e+00,-1.629894009900274554e+00,-1.364663998454539895e+00,-1.113658446021910109e-01,-5.052525004557105959e+00,2.507433969864611978e+00,1.104119328110515852e+01,2.884002847026436722e-01,9.681154835218713783e-01,-2.451989267794498328e+00,2.576425618871590384e+00,-6.297779659848447231e+00,-7.446256159957018284e+00,9.417946357355408971e-01,-1.392994006602527790e+01,3.325053442329008124e+00,4.292168941777156910e-01,1.412532556146051732e+01,1.064951213667533203e+01,-1.704867119709361889e+00,3.421507906279939171e+00,8.710028517636470013e-02,-6.909406159818961557e-01,9.104216173045021065e+00,9.726591468050129308e+00,-7.164247261843494030e+00,2.179002305108704629e+00,-2.376327920230657309e+00,5.168972085117156112e-01,3.659572700869191397e-01,-9.636918249623438015e+00,2.144429986676875899e+00,5.835208461569525440e+00,5.032565327154166823e+00,-5.246981948541026952e+00,-1.365749176952635757e+01,1.003424848765334332e+00,-1.779167436222291343e+00,-8.374470730854284284e-01,-2.471519579325928362e+00,3.859011258045717874e+00,-8.530407540092140861e-01,1.062522161266612741e+01,1.018631061503492141e+00,3.386813551719842774e+00,-2.742816151091190258e-01,3.023664254738757329e+00,1.963119693634600260e+00,9.090887156151192805e-01,-1.199570724531033861e-01,2.473748901284040791e+00,3.923366834883151189e+00,-1.749008355373100398e+00,5.446934867299714433e+00,5.154264519596516436e-01,-4.287952932676931006e+00,-9.863164554487532598e+00,-3.093393278723597817e+00,8.417869119061442973e-01,-4.037438553378562389e+00,5.705853239187734793e-01,1.280877341555573867e+00,1.952716907683175851e+00,-9.595633784617144002e+00,3.650792707708027773e+00,-1.202001968294270640e-01,4.263430913127981281e-01,1.274255362967211624e+01,2.138277605817433091e+00,-3.503666597645741732e+00,1.475858406383883548e+01,-2.038904767114523509e+00,1.707445021624830694e+00,2.697603045047076709e-01,3.266192137653345373e+00,-9.886736131065969602e-01,-1.096520816303968582e+00,4.311035476863764870e+00,-2.489024021506849316e+00,-1.290488076766033831e+00,-2.033545234457957651e+00,-1.116396949762693325e+00,-2.097208473005460760e-01,6.182575331106177075e+00,-8.451345933246754427e-01,1.184901539932419645e+00,-2.806900655130788902e+00,1.236324729674579848e+00
1.138996354563177782e+01,-9.647737999817174170e-01,1.111682984261725515e+00,4.099911285955778473e-01,-9.193370324998337395e+00,-1.071521835067007045e+00,4.617511915485484897e-01,-4.953581363987846764e-02,5.813556338956847869e-01,1.245907781083228638e-01,-7.270530381181042223e+00,-9.692679242525870098e-02,3.179490782736065224e+00,3.225888354489879539e+00,1.325514356486805490e-01,-9.282332850550830683e-01,-5.536727507817853500e+00,-1.599704964241850380e+00,-1.287892670390403005e+00,4.014131937339013301e-01,3.789827205226217188e+00,-4.730313734454174579e+00,5.572589852827051216e-01,1.825592904986857778e+00,2.617278832457578197e+00,-4.533736076966679462e+00,-9.506444162492766470e-01,-1.689498571470661403e+00,7.840722571120728457e-01,-3.134964353101279411e+00,-3.123305953394135859e+00,1.137071758759746753e+00,7.224845007996694157e-02,-5.208130086112886525e-01,2.395900760754354764e-01,8.233929956817828355e+00,-8.304507479279569893e+00,-1.020034753481029455e-01,-7.324218708360641372e-01,2.425142490551751351e+00,-6.347257286277523392e-01,2.949458963492098462e+00,6.088217341157164952e+00,-7.604194127561751948e-01,1.183929167898880586e+00,-2.735030439522121437e+00,2.407112318482958813e+00,-7.168571721631251670e-01,-8.391362604315943940e-03,5.914235917882955107e-01,1.419183409161886011e+00,-6.401475793712467777e-01,1.487855629905198818e+00,-1.303021407978961932e+00,-9.329150401370809309e-01,-2.388385788240505292e+00,2.299779173782806829e+00,-2.297272430150092970e-01,-1.593763203426493913e+00,-1.280171704064254623e-01,9.077303843311926856e-01,2.627390447189104639e-01,-2.194885607026932028e+00,-6.718444854895738949e+00,-5.358715246717487446e+00,2.731229590120357820e+00,2.923601790798076028e-01,8.977171556950231945e+00,3.525670991602616766e+00,4.373434916187182608e+00,9.035671890838108400e-01,-5.238632472905910831e+00,4.059712319005745584e+00,2.282583916724969519e+00,2.333392690782769563e-01,9.803498932491829798e-01,-2.676012540451028876e+00,-5.268848523360489811e-01,-6.807623342165445735e+00,-8.376339938677549668e+00,1.486032273063826459e-01,-2.045197792083039978e-01,-8.695064098226534810e+00,7.628639483177979130e-01,-1.503841668847055502e+00,1.083997926399683287e+00,-2.872155749368869415e+00,-2.088044843352709901e+00,-4.000787006282733316e-01,-4.715418044750725457e-01,-2.731225029469159793e+00,4.586342048277447514e-01,-3.225168963674862610e-02,9.729978387719231403e-01,-2.084146830535058115e+00,-6.165800043209747727e+00,9.657134410594458984e-03,6.606888171449534219e-01,2.474925020379580509e+00,5.392553524809883037e+00
-6.521866906443697154e+00,5.504411960627171307e-01,-8.019815434049952785e-01,-1.196660368539947950e-02,-2.563341944132138117e+00,3.714200015335299976e-01,5.059578518351652843e-01,-5.368320479767204612e-01,-1.398443502503504687e-01,1.065934144653868376e-01,2.511125288975340375e+00,-4.020509250146703240e-02,2.832114947908967451e-01,-8.945596900538743679e-02,-9.984576924083660154e-02,-1.295978566335261206e+00,3.401753724456008654e-01,-2.523796146854444089e+00,1.949821869469824609e+00,1.732182776621576936e-01,6.922329766584038868e-01,-1.365842089083130428e+00,-1.375510249563625109e-01,1.243761823950065848e-01,-9.424009137817201953e-01,1.700732667660038722e+00,1.342983778741484224e+00,1.825087964520766270e-02,-9.226945159668761276e-01,2.493556356915072492e+00,-9.762113163300206731e-01,7.958569302491083075e-01,5.792325765861614517e-01,-3.077058820131646222e-01,-2.415257138887434429e-01,-1.689568098543409391e+00,-9.998670931956271657e-01,-5.510811644067320492e-01,6.431125549496450322e-01,2.597324944834416005e-01,-6.229952555110060963e-01,-2.488710966961893423e-01,-5.730256320578370755e-01,1.136640462369523874e+00,-4.643136937826870536e-01,-1.461516714229014191e-01,6.732192144202706618e-01,2.276036607337844409e+00,7.386771146499149232e-01,-1.986712087907589463e-01,-5.243699775845773736e-01,-2.566948096151201453e-01,-3.228505200006188236e+00,-1.249952655572087679e+00,1.610722809896632635e+00,3.357749356540695729e-01,2.302922307170427452e+00,1.308609303584307160e-01,-3.775764379221424605e-01,2.939449147500239334e-02,-7.200792921829539672e-01,1.543804540227133870e-01,-1.035175524059284147e-01,-1.360173810814601092e+00,-2.242508237932798743e+00,4.119043523139404250e+00,4.983283254941799356e-01,2.448074188811055762e-01,-2.433257261744362632e-01,5.169369973120078399e+00,4.683460128147380330e-01,4.048801329761307244e+00,1.684745950087110034e+00,-1.780273255351532136e-01,1.596957995085154458e+00,-6.961553001982395683e-01,2.261494596632984688e-02,-2.374519355141458954e-01,1.637283647738121184e+00,-2.921840869559549247e+00,1.008802569729853937e+00,-6.955787060284720491e-01,-1.849181517884304293e+00,-2.364523797037039188e-01,1.558401805620892588e-01,-7.977060509917218711e-01,3.254556661274800700e+00,-6.161798836618559427e-01,6.218621489649658329e-01,-2.551738446540019467e-02,-3.645689020290823201e-01,-1.670911952908304521e+00,-1.019366406322256280e+00,3.339945183916849247e-01,1.399746738737323470e+00,-4.899362250596038137e+00,-1.384255848587676307e-01,5.745816576750051308e-01,-5.738867045296276448e-01,-4.649881936058602783e+00
6.872447566469907621e+00,-2.879505804647676248e-01,8.629609482261425546e-01,2.703382214753947688e-01,-5.957838411591604988e+00,-1.096029431600366255e+00,-1.598812915880794272e-01,-4.491068089305388922e-01,5.917919508044424681e-01,9.236723494269938328e-02,-7.584381158704440740e-01,1.040602802387008141e-01,1.389136508639495782e+00,2.327213152030752408e+00,4.552847532306111278e-01,-9.685627699258436696e-02,-3.654520724646541208e+00,2.640345747418890276e+00,-3.747860854520614349e-01,3.342088249990978754e-01,8.635889339997863123e-01,-1.265297605062383646e+00,5.256139055394665194e-01,2.584227690156563062e-01,2.937028977893213710e+00,-5.078554064171035165e+00,-3.185230619393181861e+00,-1.147469604675775745e+00,1.922721147859312474e+00,-9.943647038995122589e-01,1.275389449025877919e+00,1.293288677421988164e-01,-4.880763157584313561e-01,-1.215293869794289439e-01,-3.335467958939837274e-01,3.368645965705189038e+00,-6.887809171734662783e+00,-3.985325442169487253e-01,-1.682262609188600155e+00,9.153223604255911194e-02,-4.837242636713368071e-01,1.178118868469330449e+00,2.761708913457133985e+00,-3.351615944899255517e-01,1.588632470593353885e+00,-1.873766363388546852e+00,-3.237022011251400322e-02,-1.573728447202018765e+00,-2.684344241636140715e-01,-4.134185916192292254e-01,1.301080900104128579e+00,-7.474460044129991321e-01,2.075400441941070984e+00,-8.360413295401055711e-01,-9.792291966026516192e-01,-1.638397449795940597e+00,-2.467070069591903447e+00,-7.518123016200156661e-01,-4.596917519829917254e-01,-3.645859872543133484e-02,5.327889497872859703e-01,-3.672785145952949803e-01,-1.459464508830589979e+00,-2.138039057896921946e+00,-2.843360945522838357e+00,-1.105617550828939422e+00,3.440109086321481158e-01,7.750057168864130652e+00,-2.423988859204578628e+00,2.171889450036794678e-01,1.976870144521458705e-01,-4.616904417774897240e+00,-9.679309926983137302e-02,6.709207872645375215e-01,-1.758139978618988408e+00,1.458042136945217448e+00,-2.146975449837452476e+00,-5.257932673187384331e-01,-6.014592325591363142e+00,-1.210496598119125133e+00,9.713226853515064541e-01,-8.088005202721944009e-01,-2.261168078963520234e+00,-3.462495468111281838e-02,-4.103906673115669257e-01,8.360506216441190297e-01,-2.123633116019854938e+00,-4.393603023820609188e-01,-1.141356816662634222e-01,7.565054953152408057e-01,-7.830746913356407823e-01,1.977699844903704207e+00,-3.301471448394159847e-01,1.070328608851743635e+00,-1.426033777192032392e+00,-2.977698245366309671e+00,-4.897131730198955868e-02,4.643365627093278825e-01,5.681014261947154864e-01,2.314456099781912801e+00
1.275633712099701889e-01,3.032895068282595585e-01,-1.875468965207488237e-01,1.518040822875474927e-01,7.504700922220405856e-02,-9.430051502427497234e-02,1.263732900018716687e-01,-5.907105656676942679e-02,5.062481512535253053e-02,-2.251626454211478612e-01,-5.398787870176864623e-02,5.595618524557565907e-03,3.674682659495741993e-02,4.456845478509039588e-02,-9.434378875691745714e-02,-1.374915029289992818e-01,-6.135239625564422455e-02,3.827225279560034221e-02,-3.737582798826207670e-02,2.046014075335866877e-02,3.251882373565603140e-02,1.049598124168476809e-01,3.347414308836453578e-02,2.778476097108198775e-02,8.623126284033443001e-02,-3.965925298144333533e-02,2.374756726848305938e-02,-1.671435001770578688e-01,-1.020498185795801066e-01,2.128156686395172442e-02,2.018422213985362167e-03,-1.116381956058705265e-02,7.613741578021832046e-02,-3.430003273633318028e-01,2.879946365907214423e-01,-1.342271021408033595e-02,1.006139504588781514e-01,2.958018257781964630e-02,2.306964339087081220e-02,-3.992807448869209463e-02,1.065689284338364046e-01,-6.746125031476574337e-03,2.107021147575259198e-02,2.315612465871214401e-02,5.926702137076710064e-02,1.358108545727655381e-01,-2.357320088888910023e-02,3.558554899856863907e-02,9.906325466178000916e-02,4.099047633460282253e-02,-9.071560311558164724e-02,-7.986699959018835060e-02,-5.897173761349861106e-03,-8.692459914214825667e-02,3.821401928957439929e-03,-1.297270055852544832e-02,6.445919121732378299e-02,4.004343437001897654e-02,1.131219877159870407e-01,-2.775975066331634045e-01,-1.891134811569403495e-01,-8.236843766422836943e-02,-7.634928872895231818e-03,-5.247545176551561552e-02,-2.225664521082033193e-02,-1.279355331380715869e-03,-1.792199563730030865e-01,6.752922580099271488e-02,4.619161392736730043e-02,-1.327494259886608657e-02,3.949785754974251273e-02,-5.289154354825769538e-02,9.447046488689088666e-05,-9.661498453103488371e-02,6.813086444033582267e-02,1.478591070644962556e-02,-4.806426487024676591e-02,1.354321175512281372e-01,6.035053147592180783e-02,-1.882267570666747332e-03,4.377195276196644419e-02,-8.231855091661383073e-02,-4.537896596934595100e-02,-3.100528471152480536e-01,1.204457837478587479e-01,3.023050487110484977e-02,7.713434772809898976e-02,2.461654913395783240e-02,-7.990858210275771090e-02,3.258534285361641691e-02,4.161036566527163971e-02,-6.083503547418456919e-02,3.148419164726923986e-02,5.077080241551323175e-02,-1.451237893500988696e-01,2.638266435605525484e-02,4.960433847788843498e-02,-2.382388457420498984e-01,1.118756983744371575e-01,4.455780688792376071e-02
5.502485399019873213e+00,-4.784121802114875699e-01,3.795303295815419253e-01,6.991351738796938720e-02,5.250131618619005458e+00,-8.276006737596639518e-01,-1.488403770825772021e+00,-1.091763595588651214e-01,-4.281385028503678636e-01,3.318492845818748482e-01,-2.983294828681638311e+00,-1.563234686241607441e-02,-4.142922701478612968e-01,3.099802637384023729e-01,7.869427118794444231e-01,-2.786346994475383809e+00,5.935369447502474749e+00,5.467236068210362454e+00,-7.411039146783689802e+00,-7.737185653769363958e-01,-2.771889424772420618e+00,3.685249025191152494e+00,-5.459153951878121802e-01,1.595138167385143024e+00,1.824029320332611004e+00,-2.618169111940801042e+00,4.550919115081714317e+00,-2.760502472949305508e-01,-4.727785813099435464e-01,-1.799133274535712701e+00,-2.896311722562828095e+00,4.083143779690128761e-01,-1.843431623362810967e+00,-5.134324404450816282e-01,-1.342192639969525647e+00,-7.861020933777385089e-01,-8.674617811303445336e+00,-4.888677676889439105e+00,-1.285000180556991056e-01,-1.968659903577545611e+00,3.710874524393728002e-01,-3.777902100220866810e-01,-4.366873329098911682e+00,7.678828728378311874e-01,5.512573046795670173e-01,1.010516344756991813e+00,-2.459778384686519548e-01,3.138078159549140711e+00,-1.446228536890121763e-01,-1.415640531865007823e-01,1.482952295533695342e+00,1.262575089627785641e+00,-5.930751960537870460e+00,5.753224887842863788e-01,-4.578085493360949165e+00,-5.353836897710575471e-01,-5.019576680559418413e+00,6.090037859277208643e-01,5.391146693101933618e-01,-2.874595070041412459e-01,2.111019842066828023e-01,-2.362556130295851986e-01,-1.990603328580839992e-01,4.577148529269902788e+00,-6.901348697839865487e+00,9.715568641116935078e-01,2.057507759533221403e-01,4.752428712045019488e+00,-1.854938840769093655e+00,-1.314823313283657313e+00,-1.539089548487305503e+00,1.011523102549775288e+00,-6.060739496656712966e+00,-1.602472440308373436e-01,-2.242452898799616623e+00,1.014061030081530923e+00,2.531194172791018104e-03,1.452393954892765127e+00,-7.799962735352118592e+00,-6.663540960018529802e+00,-4.448259365473545834e-01,3.783876681588194124e-01,-1.763281274407864974e+00,5.485415105530369040e-01,-3.125177170882824651e-01,-7.400074658135800121e-01,-5.164917837355274877e+00,-2.085994577907566150e-01,-8.974786927297847550e-01,-1.183420334202110569e+00,1.025774154013943118e+00,1.756234541522279535e+00,-1.652181888304368185e-01,1.558130145866656324e-01,-1.565501728737424436e+00,-4.354494828903834325e+00,3.300881830490950408e-01,1.269935413150631076e+00,4.352649716817249548e-01,7.540119409488163171e+00
1.568908911680714446e+00,-1.026451616486367291e+00,1.842365994565358100e+00,2.860669542709407320e+00,-6.435259092205355635e+00,-1.096461123565901641e+00,-1.133192784988513946e+00,4.234940670733465806e-01,-3.465632960739690738e-01,1.121652501257581092e+00,3.200298286808129777e+00,9.549898921743029678e-01,9.340968746084139518e-01,1.429312827940470765e+00,5.503934094042297609e-01,6.282658667397120755e-01,4.470454722462258168e+00,3.265113906371147401e+00,-2.104573526577961040e+00,-1.750613676954825948e+00,-3.174389710582785629e-01,1.179818896717390819e+00,-3.691163125296400560e-01,3.321500958657563451e+00,3.482380013008509412e+00,1.616555619957494416e+00,1.137110477290751831e+01,-1.667194050490298007e+00,-1.164826174986475227e+00,-8.832870923138445463e+00,-1.540497147961989999e+00,3.151617940849585242e+00,-6.726076286992199726e-01,-7.029350116291790407e-01,1.062526071590563781e+00,-6.605952952760541841e+00,-5.763349842948446877e+00,9.689609862110973637e+00,4.713024818526294624e-01,1.618932772043480295e+00,-7.253173141511615185e-01,3.202853637466157810e+00,-2.220157832677230658e+00,3.177425572072918314e-01,-5.262698227148433716e+00,-3.476110243871336714e+00,1.847204384676510713e+00,5.887692079243246113e+00,-1.773639470984393895e-01,3.502176336244915422e-01,2.750539860626823874e-01,-3.359571202301170345e-02,1.802224385943202334e+00,-6.161818606232194462e-01,-1.240113268372844413e+00,-4.204701431359416652e-01,5.957568938332886699e-01,6.005217837190833796e-01,-2.429934379837514147e+00,6.768578933844984213e-01,-9.318315288088823145e-01,7.718347216130942989e-01,-1.897929180920378878e+00,-5.820204330585859509e+00,3.638562315975863992e+00,-8.185575703016850113e+00,-5.086340094125028077e-01,-3.063913989920315384e+00,5.429571750669861530e+00,3.952228374048524007e+00,-7.050166625478881954e-01,3.212482188063907174e+00,1.292432004544449953e+00,1.761504851728332710e-01,-1.625638548603298261e+00,2.596131141006388532e+00,-3.085957769286820973e+00,-5.767876719189235502e-01,7.083183418786443752e+00,-9.464942674794245558e-01,2.488180676575743711e+00,1.052831413320500342e+00,-3.669284132400991716e+00,-2.849182404888483955e-01,-1.219244504310501576e-01,-3.464229953684787588e-01,3.430379552378845176e+00,2.034808705290034325e-01,1.641708339868874766e-03,-1.279970529542904245e+00,1.111189194330860497e+00,3.357867956693178613e+00,9.087981552278185937e-01,-1.565190710889056813e+00,-1.556243525230426084e+00,-1.289987898603726979e+00,1.106613555538385363e+00,-6.944652350196189872e-02,3.234315410480608222e-01,-1.627898271007686137e+00
7.876783186185856600e+00,-1.224713063164108162e-01,3.865021902533251619e-01,-4.776698614745654436e-02,2.062373041688816966e-01,6.583466670990531511e-02,6.102686776220790366e-01,2.401157444944337360e-01,2.275401890203700983e-01,-6.594753409078653317e-02,-6.250013202875086549e+00,-2.079504444993190149e-01,8.677833851618333982e-01,1.369557519067398310e+00,1.148029390957964746e-01,2.885221798102910906e+00,-2.254688946367768843e+00,2.483546481050959986e+00,6.062603584551913283e-01,-4.459943915643926893e-02,-1.942912132223071353e-01,-2.219801333483957251e+00,1.111108836515153575e+00,-1.707541362939646534e+00,-8.417458532330394094e-01,3.793367393383778041e-01,-3.846166837708783426e+00,1.448782967700250612e-01,1.280771103759884344e+00,-2.333561041696516902e+00,1.291177432335124609e+00,-2.826476246404775461e-01,-1.747345002328575259e-01,-4.725904889003262888e-03,7.239964859968424093e-01,5.360507321983119411e+00,-5.833719508596570513e+00,-1.468980206811914435e+00,1.284353085247676329e+00,-2.094128469663666947e-01,1.481027680640418787e-01,1.999828690666936026e+00,-1.926589550542588958e-01,-1.191956064659147607e-01,2.080128438388789025e+00,-2.223779357205062368e-01,7.407121118023269890e-01,-5.527274231631902346e+00,1.258048949330872190e-01,-2.078826116986596251e-01,6.822739659741057228e-01,-9.709282567236794392e-01,7.107079012812272722e+00,-1.775681372712112349e-01,-9.022112295894008094e-01,-5.028788511843689246e-01,7.065278516825308497e-01,-8.427836407739026647e-01,-1.786762219088580128e-01,4.218623507175613963e-01,5.775657075366715798e-01,-3.876335292344539329e-01,2.869830176054151138e-01,8.980457397157777244e-01,1.883973154625775859e+00,-2.253450785266583267e+00,2.573282219836535156e-01,3.959128086539086544e-01,-5.383700929463972606e-01,8.317089380709905555e-01,-2.024339415974858447e-01,-4.312543289924514411e+00,-1.844274477201869322e+00,1.892452148045999483e+00,1.116147169421240815e+00,1.098569744874242637e-01,-3.916590901801466629e-01,-1.758775943151542620e-01,-1.694296973426880015e+00,-2.390467609496560009e+00,-4.899367457373360324e-01,-5.930326912488939062e-01,1.205926557650616182e+00,-1.745666424223859536e-01,-7.077331179409585005e-02,6.063258272567566554e-01,6.290705942441768839e-01,-5.935886125186411455e-01,-1.239169518753699517e+00,2.537212867833662511e-01,-1.390618737540593397e+00,2.371936319507824964e-01,6.889874271468543476e-02,-2.242382965543091022e-01,-2.289070033072785115e+00,1.220261806601287136e+00,-5.107402430914078639e-01,-1.843857364471785387e-01,7.405200323373890559e-01,5.119010430517316301e+00
-4.239921356082802184e+00,1.496052315258736831e-01,-6.124630906871985081e-01,-1.636347640998377651e-01,-4.468794242705930175e-01,-1.355752029435504380e-01,-3.910477973069694246e-01,-2.713355058728487701e-01,-4.691761874315057979e-01,6.206452775860973881e-03,-5.406639284328088380e+00,4.062826448229051035e-01,-1.703956394910199013e+00,-1.190989564197241446e+00,9.246536962261877601e-01,-3.063328370299304382e+00,9.851533837548036576e-01,1.568478894196743578e+00,-4.601521717210239615e-01,-2.481974108409439328e-01,-2.544511706928635597e+00,2.742177717840486473e+00,9.243418363471951338e-01,-1.500078490730133662e+00,-1.506970388464319965e+00,4.960083282844243158e-01,3.510878117089288875e+00,3.811616669545930813e-01,4.062201263225180270e-01,-1.802598391425958013e-01,-8.547834392642159052e-02,-2.122309414085445656e-01,5.346059282047155303e-01,-8.163042879697635090e-01,-1.527481962891314438e-01,1.249894952728471287e+00,3.401927382999770932e-01,-6.866279855430514445e+00,1.389457388194160758e+00,-1.815422974604969708e+00,7.243394808874330515e-01,-4.290249205921301545e+00,2.484848345769703482e-01,2.105939977477420122e+00,6.322399116721891810e-01,2.708742197434397703e+00,-1.043646255071846607e+00,-2.322076903333508913e+00,2.931903672311673148e-01,-6.102189246590494776e-01,1.022969654028495823e+00,-5.923422623567331513e-02,-6.156746532961391516e+00,2.210126957979363205e+00,-1.660534898706761187e+00,5.053261943590992011e-02,-3.068053459644124015e+00,1.174096901541421989e+00,5.368226574253436301e-01,-1.021639568475218418e+00,-5.234557414227596350e-01,-8.124558327568213167e-01,1.227144593785397308e+00,8.314649319651174153e+00,6.390007802594370456e-02,2.171540037180564653e+00,7.403061641800863235e-01,7.242448729560164722e-01,-2.432782247249232643e+00,-3.270260676185965831e+00,-1.827537984889673561e+00,-6.153046684702045965e-01,-6.257040724931813180e+00,-1.286062079526287150e+00,9.251598949652085624e-01,-1.504120168991963880e+00,1.736917033601317994e+00,1.036270902761355028e+00,-3.181978116343863849e+00,-9.828220297592752397e-01,-6.385771686002035263e-01,2.437165416895092918e-02,1.222242838683147426e+00,-2.831045148274452528e-01,7.112408021073257647e-02,-1.717627372415547748e+00,-2.473925648439805780e+00,6.434246373832719357e-02,-1.632754520246268104e+00,-2.627977908716185862e-01,8.848732998496624536e-01,-2.280321404749259262e+00,-3.567806207704529164e-01,-5.796894121375752995e-01,-4.860468920048850450e-01,1.498628306098911178e+00,-2.038803071718420235e-01,1.022847902387133301e+00,-9.512987898473612702e-01,3.514336543200474505e+00
3.462880377026753553e+00,5.939351552749012608e-01,-1.057843930627686113e+00,-1.078433638626548507e+00,1.139696281125996746e+00,5.045071100107294537e-01,1.172368787650996724e+00,-2.285087905224123528e-01,-2.484997756406249203e-01,-1.063235881610710698e-01,-3.387511036350517202e+00,-4.119717987243221580e-01,-1.993978509298896196e+00,-3.158743111311089535e+00,-1.494572756822596382e+00,1.430503892313340186e+00,-6.931722936944899605e-01,-1.815828690292743186e+00,3.474794263389601845e+00,2.834442862248499617e-01,-2.459115935164971845e+00,5.843628605804714882e-01,4.217937971383105000e-01,-2.648722870368936722e+00,1.606397482951513189e-01,-1.528022485079438830e+00,-6.707670773944095721e+00,7.923475284430105958e-01,-2.387344053112351594e-02,9.873913967979449646e-01,-2.167040066937092835e+00,-1.187290658913600305e+00,1.497052886121044590e+00,8.247632210031642375e-01,-1.305602595830964940e+00,5.014741570085296196e+00,5.450830463750173216e+00,-4.126917687430662340e+00,1.312692598931142207e-02,-1.119585675061682162e+00,1.040361341366839554e+00,-3.706563281315478964e+00,5.199348292602321564e+00,-9.315375861089991716e-02,1.291137227283596811e+00,3.302325149014642136e+00,-2.545413195317747235e+00,-3.432685369825270616e+00,3.814294177619057535e-01,-8.864441199937691529e-01,-4.232235898308780442e-01,-6.398481079930959936e-01,-3.970697977723662841e+00,8.612510963786997875e-01,-7.667998958346162741e-01,1.598643489021058350e+00,-2.719341945665783911e+00,7.653578567681473821e-01,-1.564759205540058318e-01,-1.155923284665470785e+00,1.695164912501609944e+00,-1.270442582396068554e-01,-1.083349816521741893e+00,5.438737590065276351e+00,-2.291002167877790541e+00,-2.927496736095018370e+00,-3.086701424647406711e-01,3.146293966118573593e+00,-4.366759126333272789e+00,-7.225766539689211676e+00,2.784719123436998345e-01,-8.038998378674913070e+00,-2.083379347805415893e+00,-4.110702538000338691e-01,-6.757532878935319509e-01,-4.150002725507129675e+00,1.376785054133701891e+00,5.096828186978221709e-01,-5.516691893995281148e+00,6.943791729884076780e+00,-2.399088488345384906e+00,-6.213893945460871038e-01,2.086020904829700484e+00,1.152583666617127411e-01,5.310732688460473305e-01,1.084937613147443081e-01,-3.924204738723198194e+00,1.007823105671535213e+00,5.166198036732944088e-01,1.102164814264120274e+00,7.778931772594692706e-01,1.986867540203274274e-03,-6.953751086783570567e-01,-1.675158099937723577e-02,1.057928731438825487e+00,3.353714750079685114e+00,-7.989969912347603120e-01,-3.048146483710464594e+00,-1.129500644091149475e+00,-2.562008056350280505e+00
-3.351618608324764992e+00,-5.090123109018721559e-01,1.087644850546592101e+00,5.508556885246900237e-01,4.863638146387728733e-01,8.424451336858329586e-01,-9.388649960020755136e-01,1.161890712609938703e+00,1.060448293799548525e-01,-4.101935555179345161e-01,1.262061235081083366e-01,-1.261864015349388302e+00,1.056620211458365377e+00,-2.051932662188892809e-01,-6.908712913463900263e-01,4.232880372346095044e+00,-2.617970458305946213e+00,1.163925672927117239e+00,3.049942661331169536e+00,-7.759999559271975045e-01,4.933722579977201095e-01,2.102762189096032852e+00,6.837457897435221810e-01,3.111195616421829513e+00,2.569797523380883408e+00,2.155611525313880783e+00,8.494339923202741005e+00,1.557709150734177150e+00,3.007233329054330162e-01,-2.536242413843264210e+00,-2.183305074565655257e+00,8.712992449503484949e-01,-8.535029036564441007e-01,-1.003905440927251203e+00,8.247268376815892754e-01,-3.183599350195031707e+00,1.395805696483835900e+00,8.460338042757106436e+00,2.161542741240354282e+00,-2.188027977534438229e+00,6.997944530766726512e-01,1.969688928745399137e+00,-2.687973734199975873e+00,4.198677904267148486e-01,-1.501589402935756823e+00,-1.726865208809963859e+00,1.264127882293548666e-01,-7.335992437252301102e+00,-3.150468487107311866e-01,-4.417951599530169915e-01,-1.149144214166883282e+00,4.883903379866852967e-01,4.986118999582610734e+00,-2.943532077424220184e+00,-5.173538224877844982e+00,-3.552478215808729800e-01,-1.869213643988113294e+00,1.143511973823994055e+00,1.995351126285538790e+00,-4.694063007168312041e-01,1.574809556194980198e+00,1.229952494740673696e+00,-2.304698572735271789e+00,-1.360929510746009097e+00,8.839993112546547849e+00,-9.823692159569032967e-01,-5.614940178476715005e-01,2.283204962429818075e+00,5.090105232331877616e+00,3.863125527862801833e-01,-2.077442648909143541e-01,1.112238067025842492e+00,3.149459885514089397e+00,3.410123772057665814e+00,-5.146786272865666589e-02,6.880682753938002882e+00,-1.499528174354645360e+00,-1.061320397943288807e+00,5.725230059357739876e+00,-3.067582311164549935e+00,1.517658247348487643e+00,-3.114343906420953267e-01,-1.450562157676367203e-01,8.837610953025261118e-01,7.854826632105673667e-01,-6.313334887976713716e-01,1.276721456755265938e-01,3.487851527544960639e-01,-4.078536013407134675e-01,-1.737264426914663318e+00,2.115243770250194721e+00,2.147605992814450637e+00,5.813172505824193426e-01,-1.045588083824022796e-01,-1.523423055279806260e+00,2.035570821061733149e+00,-4.303224575788773265e-01,2.021939199561534117e+00,-8.907811564652812208e-01,1.801242423325259523e+00
-3.008294207911809348e+00,-5.661681784246221927e-01,8.139237721443475237e-01,-2.554021500911910492e-01,-1.912329954138192623e+00,-1.622229775963293097e+00,-1.094706238572975554e+00,-1.794925719887228155e-01,-1.543025079041495107e-01,1.138197392108069028e-01,-4.012639286144688455e+00,-6.384493791942896790e-02,-3.574240667437965646e-01,2.285536931322931231e+00,2.386337726738297693e+00,-5.134726208156319416e+00,7.990770636143984529e-01,-2.044650012483186341e+00,1.902037582832881490e+00,-5.174926533098581638e-01,3.093598132112077792e+00,-1.162805233320277853e+00,7.142109912277236905e-01,4.594636488883892866e+00,-1.349403722635701408e-01,9.549301054732517446e-01,3.789175879923448509e+00,-1.768982221474006078e+00,-7.027755393711696552e-01,-2.951169569991854758e+00,-1.249408979309100776e+00,1.686663149792397620e+00,5.687960325216735447e-01,-3.349743230175501463e-01,7.875311221128926675e-01,-3.588314938882675165e-02,-2.946790635360643229e-01,1.750813941327905354e+00,2.556156735340531228e-02,5.920755565442674673e-01,-6.111710573528850166e-01,1.275349440564667702e+00,1.614011115962233234e+00,8.878766110096973918e-01,-3.737840406221553113e-01,-8.572124325377995513e-01,5.103488989248390340e-01,3.145389341727385935e-01,6.351882292778203709e-01,1.012989448852696928e+00,5.814319923361730424e-01,-3.606125574763649477e-01,3.120403537053350052e-01,3.152949251960260879e-01,-4.932160863298521214e+00,-7.248985117525825750e-01,2.692392406284893625e-02,2.022993563251944238e+00,-1.977435546832878810e+00,-1.684498003679350875e+00,1.949023551147856637e+00,2.632811029863959096e+00,8.017070000416963715e-01,-1.831276392197197733e+00,3.496961539470299751e+00,3.334229456801822700e+00,-4.672529505417521989e-01,3.270034007445583590e+00,5.439322223569162063e+00,3.666119118870186933e-01,-9.671015273448622107e-01,7.391995185462323370e-01,5.952068381527508834e-01,2.974819769477043963e-01,1.224873984437873098e+00,1.635073229090412861e+00,-6.560166113294947365e-01,-5.407064581685405713e-01,-2.200842507406588489e-01,-1.556899075515308706e+00,1.532266482794878648e+00,1.376317381026380460e+00,-2.969763164897721186e+00,6.783117222629559961e-01,-7.140749368626102545e-01,-1.487124211172315302e+00,-8.459995001139650750e-01,-1.631167619807338820e-01,-6.295031862247355559e-01,-1.732500111787679709e+00,-5.203760063053652907e-01,-4.645194470950499976e-01,7.512411135802130602e-01,1.215040682764567226e+00,-1.431407942433485569e+00,-8.707212852914174572e-01,-8.499300414460941866e-02,1.584799432424979893e+00,8.823361537341654071e-01,-5.851806118658965383e-01
-1.924769422475952396e+00,-6.021335020802329741e-01,2.443726360546607523e-01,2.338468698498303855e-01,-7.580975061532707615e-02,-1.589843063862878270e-01,-1.116096886956080780e+00,-2.947207891644293420e-01,-5.750866391100273312e-01,-4.734680494711295817e-01,6.343499583512899331e-01,5.286359413421082287e-01,-9.059783251039058571e-01,-1.948850442949826123e+00,-1.502892099642384682e+00,1.273013449036520806e+00,-5.232898984780215201e+00,-3.033199377731562674e+00,3.208128243528833412e+00,2.234951846087650518e-01,-1.428355826793803018e+00,-2.456013993099160686e+00,7.193039718971536711e-01,-2.681071030424986734e+00,-3.516594942581345307e-01,1.474077047711647159e+00,-5.773641765345381316e+00,2.382130032795229391e-02,-2.057772888129534017e-01,2.913288135864678385e-01,-4.870718899646062638e+00,9.089554310799349279e-01,-1.456120579107106128e+00,8.706555107953610761e-01,-1.184378370612256814e-01,6.137966998661180895e+00,-4.910394593200440028e-01,-1.868997408293348039e-01,-2.510579511930064456e-01,-8.024333202953504163e-01,1.291920126886858755e+00,-3.798368688398734427e-01,1.689886419185961719e+00,3.649808186537688570e-01,3.601528570063101675e+00,-2.666382166112619689e-01,5.998557531758441641e-02,-4.703563547706943737e+00,7.716870707630031356e-01,-4.326582322644934031e-03,-1.355574047141987259e+00,-5.211936279364293156e-02,-1.332042337915845032e+00,1.563200599703581384e-01,-1.439268190808649983e+00,4.218573557447444777e-01,3.951970202950770839e-01,1.213755034146179135e+00,1.382580899746198355e+00,1.533695460214694606e-01,8.046418478929677764e-01,1.459812665651930574e+00,-1.826284910939917738e+00,-7.348880319201076539e-01,-4.283489716648947176e-02,-5.514350102270415555e-03,1.988121318219180367e-01,6.393789936529373108e+00,-2.170932592029979347e-01,-7.618416057736592251e-01,1.753648326443263405e-02,-4.154667800093296393e+00,6.251796858495002329e-01,1.221733323275289163e+00,1.467525411825609805e+00,6.109030083429365376e-01,4.699438675917138042e-01,8.080624658546375905e-01,-4.269587234255608266e+00,1.118881402360955901e+00,-6.669791966659666116e-02,-1.416636501811450177e+00,8.801142286802154935e-01,1.813103766440584685e-01,5.269978284222958109e-01,-1.264541055123595825e-01,-7.538604841096732123e-01,1.409482888618740493e+00,-3.674133956212872754e-01,3.171859908048144661e-01,1.044812862191646818e+00,3.443003465395632068e-01,5.178092997635039829e-01,1.326228602343421770e+00,-3.252941048061204654e+00,-3.666332587658843067e+00,-5.055413042589982364e-01,-2.447572769736048759e+00,-4.582524234274880648e-01,-1.992403070536773901e+00
-1.600431908851503104e+00,1.044275735046876069e-01,-1.659725882655917473e-01,-1.472861847917772415e+00,-4.902230056636815547e+00,-2.167975949359354781e-01,1.398897686677215813e+00,-3.137294833689455720e-01,3.561208779990165940e-02,1.456819886734861402e+00,1.277117686398939078e+00,-1.219636782552286469e+00,-3.072464422164246090e-01,-1.805476366910080177e+00,-1.090182987428798489e+00,-4.540071093827940274e+00,4.586320990307744871e+00,-1.787127181041220148e+00,-2.106049533145404329e+00,3.343479618121806274e-01,-3.816160805389045230e+00,1.319506847706724884e+00,8.084786327930822969e-01,-1.008519388526630811e+00,1.906319339047436445e-01,1.653114326641763610e+00,2.154605796196302769e+00,4.010759946248776964e-01,-4.911224347507237908e+00,2.313800790545217367e-01,3.420336284498301183e+00,1.313991455705267208e+00,-1.101550704388198909e-02,5.914488462908935595e-01,-2.892059498834238518e-01,3.943576992931035807e+00,2.935597629378118967e+00,-2.452001903685931516e+00,-9.412470442704282680e-01,5.230596948023154003e-01,-4.548787059823609091e-01,-2.735089787293787822e+00,2.341647280180236823e-01,-7.796029394667590706e-01,-5.826489750085112718e+00,1.190742374016304339e+00,-1.507130894342348482e+00,8.479116548371967710e+00,2.589104233234107433e-02,-1.409638469285522389e-01,1.180712738795779426e-01,7.428206451471022209e-01,-1.208017404893375257e+01,1.637592319311768296e+00,6.273732172123818174e+00,6.265704333799613224e-01,1.711341338884814434e+00,-1.522832578330441944e+00,-3.727734039388230780e-01,2.586364558524306689e-01,-9.709519505380677096e-01,-3.765480363974782474e-01,-5.644445211593085432e-02,-2.287523790859558481e+00,-7.010723716733025412e+00,-6.093014177931344477e+00,7.629869293652724593e-02,-2.518781057595246509e+00,-1.854172646343545505e+00,8.646851404603935753e-01,1.790557331181501510e-01,5.837897496753147175e-02,-1.894775619460218996e+00,-6.079417228436334586e-01,-5.262374476256866940e-01,-5.294851906921687501e+00,2.705432899083782150e+00,1.003409657965002033e-01,1.824607405752847411e+00,9.714724483739949790e+00,-1.029799863989541375e+00,-1.970666225675907768e-01,3.167303792147861508e+00,-3.148892823429361165e-01,-1.557751273653225077e-01,2.504879621121819389e-01,-6.593457607875564008e+00,-1.782890505989484176e+00,5.546270936425695686e-02,2.011637428854720522e+00,-2.125838732228028771e+00,1.702632452715867384e+00,1.950465655851924662e+00,-2.420602205233971738e+00,3.895082024424116884e-01,9.862345835618243628e-01,-1.992798510879204010e-01,-6.758270506648491605e-01,-4.397215372544737155e-01,-2.640371247355703943e-01
-5.078436779373165066e+00,-3.923650958225357588e-01,8.173859303953014965e-01,-3.264097325193778265e-01,-1.488921330005167132e+00,-6.587873912303888746e-01,1.514409416887203541e+00,-8.799769550959379849e-02,-2.493249912612915953e-02,3.021926171895968904e-01,1.021576274766425740e+01,3.655579783739836830e-01,5.318655478905512934e-01,-1.830382938909411727e-01,4.209626534904675754e-01,-3.094116367250924426e+00,-2.379061978178972581e+00,8.461600726673190742e-01,-3.017073145927727573e+00,1.028944870315323667e-01,-1.956216491661031620e+00,1.242087876491305254e+00,5.489163633236315842e-03,2.101561576261152808e+00,2.232893647175760776e+00,1.853819385373390860e-01,2.615667232683152488e+00,1.389567918469881036e+00,-6.417316901425875741e-01,3.313990919357884923e+00,1.279988976881329066e+00,8.681560801234562419e-01,-2.087104860390048167e+00,-3.745049331596135289e-01,-4.817648829360603457e-01,-1.993578388062340556e+00,1.040885885835542757e+00,1.742894764497338933e+00,-1.328396810449831378e+00,-3.368593187607113570e+00,5.466851289808118963e-01,1.319739339495237918e+00,-3.961804613366338046e+00,5.080062443182382648e-01,-8.698209942474774969e-01,5.704602256595647791e-02,5.654355540746136555e-02,4.386748040527643333e+00,-4.676359467571522543e-01,-8.009680698026637735e-01,-1.709379046996235552e-01,9.737369334735341830e-01,-1.010043872608703452e+01,-9.104476263496015243e-01,1.792409898930934276e+00,-4.955715806732317041e-01,-6.934119405143013282e-01,-1.497994660724726756e+00,1.813998493222383601e+00,1.753101012793387703e-01,-1.026110702625371074e+00,1.378192248514507057e+00,-4.691738735264955329e-01,-1.144430853162882844e+00,-4.070617970491522186e+00,3.308951324452402698e-01,9.171745921381146971e-02,8.054086114806426888e-01,4.779210666972564248e-01,-5.540212928580845464e-02,-8.233677888202795003e-02,3.345797267194904556e+00,1.077017131441494691e+00,-1.382345739941510665e-01,-1.639886225867188019e+00,2.958775436012428983e+00,-7.433080998282689533e-01,-7.137817489107960434e-01,2.552300717435623811e-01,-5.738884827846861825e-01,1.856701598158521538e+00,-8.732134914242628554e-03,1.543967351384599063e+00,2.250516344943678249e-01,-3.060166196088114354e-01,4.913485904768291057e-01,-2.663227580895118685e+00,-3.712071822440288216e-02,-1.072310944714582437e+00,-4.991864784124078191e-02,3.270712930522648998e-01,2.247467335605117800e+00,5.481443181871445969e-01,4.989529479562820891e-01,-1.057128586113171842e+00,-4.955743361305887440e+00,6.759949152619977308e-01,1.929227046332127049e+00,-5.445173348051655093e-01,1.158802194280551978e+00
-9.392523449418307635e+00,7.010835036138579612e-02,-5.852831342055547781e-01,1.918864320374410459e+00,1.241605438579536447e+01,1.163095428580319668e+00,-1.574559940673432079e+00,4.572700033826661015e-01,-1.576408309018181519e+00,-4.666812086653071567e-01,3.413096740023106257e+00,8.653625314238284627e-01,-1.914145651986337349e+00,-5.348974148510889925e+00,5.956521075219102512e-02,-3.124946173739156507e-01,4.653165461603507858e+00,-1.506543078531870306e+00,-3.573328687764399270e+00,-1.586415267699129217e+00,-5.778438438740032268e-01,4.246066651474098563e+00,-2.585768652018062053e+00,4.087465543394007916e+00,-1.108991922682510900e+00,6.580910283154547180e+00,8.453641193038622603e+00,1.116589965160066589e+00,-1.421733106666121849e+00,-5.445514570363207518e+00,-4.241880971861795580e+00,2.018457253496123371e+00,-1.186711398320056787e+00,-3.729934257488293214e-01,-3.684501772889978710e-01,-9.367873907326279337e+00,4.536999743568982169e+00,4.962141963490524610e+00,1.453694564642644016e+00,-8.159309787233131050e-01,3.308473213862090923e-01,1.614284626207744378e+00,-7.259266164089533291e+00,4.535908560904853282e-01,-1.862267600128899581e+00,7.940149830541562981e-01,-5.053908293445088518e-01,5.267892673254551461e+00,6.261185844613876839e-01,8.327067605275830786e-01,-2.850758115953591076e+00,2.337935028807634374e+00,-3.371639308698335391e+00,-1.574990976545436183e-01,-5.669357595942322803e+00,2.065809633280249358e+00,2.585137797724125441e+00,1.682318302746028671e+00,2.647629214135804876e+00,-2.824397498175358345e-01,2.114448287387034053e-01,1.202900417619784612e+00,-9.926580808249916288e-01,2.799141813555236169e+00,6.412491787787833353e+00,-1.664639989420109822e+00,-3.900042206179206161e-01,-8.734608651462037798e+00,8.128338788904409640e+00,-1.431949543656825696e+00,-4.212606307972830422e-01,7.519586423906169159e+00,5.888980955455913602e-01,-2.999573477439064773e-01,1.415760288394606992e+00,3.100108366036508301e+00,-1.803543535030572853e-01,1.313679870510180203e+00,8.610054246642810938e+00,-4.131977036980780671e-01,-2.128446615000353592e+00,2.559355753424084057e-01,2.437959482217879170e+00,1.108219226964557436e+00,3.607059094520259634e-01,-2.724376859257667149e+00,4.820072214495974450e+00,1.925686705332366966e+00,1.613945359256468759e+00,-3.437910208560744252e+00,3.380685342351806622e+00,-2.416852161247847075e+00,-1.531201585640996399e+00,1.181426422163049272e+00,2.845002262666653792e+00,-1.363333461742383346e+00,9.726798067977253659e-01,1.359180433937615007e+00,-8.654677070703669095e-01,-2.964977926958513255e+00
2.875641045716328392e+00,-9.527213497649805740e-01,4.457477780556614588e-01,4.842829835825296358e-01,-2.502281105877856682e+00,-1.018556618128342306e+00,1.106244937916430082e+00,3.278851220588560045e-01,8.763225288689211467e-01,3.720067446066451788e-01,-1.642502257508627883e+00,-1.487858901913823972e+00,2.480087899842814636e+00,2.162467394121491415e-01,9.554297602071771811e-01,-1.348917351592952896e+00,-3.496611936203733784e+00,1.356066853269501715e+00,-1.983713745909824411e+00,-6.023187632286617355e-01,-7.720085859995882149e-01,-4.751609913273724395e+00,6.111084981538559280e-01,2.180275027309186875e+00,2.708792662467434109e+00,-1.393288363096849114e+00,-1.297637936738937237e+00,-3.060390806400636876e-02,-8.321801085373348172e-01,2.229736353556423634e+00,-1.773376426187831978e+00,-7.179329817408566239e-01,5.263105510550853960e-01,-4.906048303580933245e-01,1.997709454178108635e+00,5.603235175152948777e+00,-5.799549812247809299e+00,-4.038591525352432932e+00,1.361591891042934543e+00,1.150246182356029268e+00,2.824772906560617525e-01,9.765437711927165143e-01,2.999946072847269884e-01,8.598462989696475933e-01,-2.292312264656682697e+00,-4.563441415432646364e-01,1.462587529187202584e+00,3.056063784996461585e+00,9.883725294514361659e-02,-7.879944956279405499e-01,7.100875492279584700e-02,4.230173538723015492e-01,-5.074525838707098835e+00,1.149853122533744942e-01,-3.121609946214907616e+00,-9.080978968470305723e-01,2.162160184634251969e-01,2.095408959001271221e+00,-1.193445660503375638e+00,4.796922170191427748e-01,1.887902157225749722e+00,2.672673753191020518e-01,-8.381324405768028063e-01,-3.013611405119880349e+00,-3.877492454346720407e+00,-3.085274792848989200e+00,-9.959121870948894895e-02,1.062439103887835801e+00,5.799993842459394422e-01,2.674495847178822050e+00,7.482538380382522947e-01,-1.477897531223534289e+00,9.893841777025215167e-01,2.846277868417557588e+00,-1.006329044798806471e+00,1.790548710977877711e+00,4.806623759051489309e-01,-1.023192241161656746e-01,2.472913991834291281e-02,-4.770335797640259390e-01,-7.766321141484896495e-01,-1.232827522147044164e+00,-1.593698607489912433e+00,-1.906973384779403480e-01,-1.226412580546303976e+00,-5.894277795655473717e-01,-4.353883298914016819e+00,-1.731259680059408446e+00,-1.534863546332616124e+00,-1.010654509998349937e+00,-2.266578366784080423e+00,1.090395352783698701e+00,-1.269250765471264586e+00,2.230090130480490984e-01,-8.871013246268075747e-01,-4.900158593654346362e+00,-1.703984497075698989e-01,-1.106208563772472786e-01,1.417578847477983572e+00,4.073158082295527116e+00
6.849445692569712918e+00,-1.510266142267137290e+00,2.582748894256543082e+00,-7.207439941052242727e-01,-1.351391069132498401e+01,-1.945671074670414225e+00,1.561998001753366339e-01,7.112444198111443905e-01,1.352425935588980277e+00,-2.794478726926986623e-01,2.129854397682557909e+00,7.541438098580711680e-01,3.326624198940530519e+00,6.642564720254743982e+00,1.472019844785993348e+00,-8.424509135064349730e-01,-7.531880698605099234e+00,1.687790548266689061e+00,-4.482113058317949594e+00,-1.114192478387470819e+00,4.163002802171607009e+00,-6.600096257899081387e+00,7.213271693187105482e-01,2.915472933058345095e+00,4.507427774598154357e+00,-7.114557744261412076e+00,-4.412439205227247641e+00,-1.037976806415699116e+00,2.240415998152905708e+00,-6.345231715752611690e-01,2.678060333656208769e+00,-3.435712940365163170e-01,-6.331561177829385656e-01,4.270339754275781496e-01,3.716537527133727536e-01,1.043806679476725563e+01,-7.691460403111898714e+00,3.024849404144621445e+00,-4.421018033451456830e+00,2.270932202775855835e+00,-9.411466992179935431e-01,2.044540687639134990e+00,6.448986595384566201e+00,-1.750273366535268771e+00,7.030674324938781083e+00,-1.952041986583752387e+00,1.334967906383206060e+00,-4.417032445088120873e+00,-1.381035223445501892e+00,5.996999720665012745e-01,1.117605611419130618e+00,-1.141539305172096563e+00,-2.330012373278616877e+00,-1.395623603778551880e+00,1.752945418775111452e+00,-2.343005024094622080e+00,-2.430380394057434668e+00,-4.902720487073564115e-01,-1.126976272290045600e+00,1.470526213721739417e+00,9.680655153625437048e-01,2.316908892324031299e+00,-3.638289855028703279e+00,-5.614230954483327096e+00,-7.449567921152803862e+00,1.350375435275141811e+00,-7.873822688459677366e-01,1.156459659890339431e+01,1.184271126602255197e+00,2.665338754421999301e+00,1.267394615816053616e+00,-6.651578674269432945e+00,3.168257413928186494e+00,2.038895185831044898e+00,-6.793425354816498007e+00,4.719677223442021230e+00,-1.498073043991645648e+00,-1.822518132800461377e+00,-7.413497671547965240e+00,-2.806201463290945775e+00,2.163112940830055564e+00,5.507149990034934106e-01,-6.487970693693576152e+00,-2.221847145098857501e-01,-3.007750575684820404e+00,4.214697838599075652e+00,-8.331752328283446474e+00,-4.747338846990185601e-01,-1.917967237829887761e+00,-5.985844244070035458e-01,-2.400307169683397746e+00,3.449591751991631927e+00,-1.376180596355647712e+00,5.148241228562976390e-01,-3.093211005038246864e+00,-6.576961696825093462e+00,8.792716110701603860e-01,-1.778656338618802124e+00,2.606240615336191446e+00,8.913280684108629615e+00
2.117547484552717130e+00,-4.453051990442289387e-01,5.041662281929039091e-01,2.746869045937547216e-01,-1.062679647432186236e+01,-1.020661008274829751e+00,-1.059983361197950891e-01,-4.955501113377884792e-01,3.411995843819224938e-01,8.019927271585600703e-01,-1.461179471567553678e+00,-2.122247143791814450e-01,1.705832802676449322e+00,1.212742434656954194e+00,-1.126268810378667218e-01,-1.290886172746124050e-01,-2.879535840260244672e+00,-3.605381868082498720e+00,2.392481762698932535e+00,4.402697359187227044e-02,1.286232460573072833e+00,-3.471200352528852395e+00,9.541020220069902358e-01,7.341399503297869611e-01,2.574623953971725943e+00,-2.369369370226770410e+00,-2.197991336477236324e+00,-2.162195135285974068e+00,-4.256004173171822336e-01,-2.596046047114170641e+00,-8.121662527603612514e-01,1.023654214030730980e+00,2.265120283160777959e+00,2.523312478984296447e-02,5.472538664225141680e-01,2.761097505225830862e+00,-1.829176875977017169e-01,3.495018940655880257e+00,-8.087254668934531487e-01,3.159089115638185952e+00,-9.094915545184620864e-01,1.753594618582657860e-01,1.086218358783323268e+01,-1.901348735674308177e+00,-2.960813239422348531e+00,-7.539501392758047871e-01,6.913805412935376538e-01,4.356366138321494219e+00,2.957997435313941548e-01,7.474063469968735829e-01,7.569121328037331509e-01,-1.168295560431630298e+00,7.712346124425490945e-01,1.154156403996198232e+00,6.971507618698569164e-01,3.013988606309636609e-02,2.402442899515150332e-01,1.418464489647221161e+00,-3.052690453012537830e+00,4.777995668212123848e-01,-1.069232879200585629e-01,5.612457172614053746e-01,-2.458890124239153430e+00,-6.838978944347153366e+00,-1.224561096787421199e+00,-5.356176679803028584e+00,2.110077543180781667e-01,1.870943334433293526e+00,2.069499212265693444e+00,2.556644148843119524e+00,8.274497039384796082e-01,-3.703630804558423861e+00,3.265063874481025419e+00,-1.524690832225746862e+00,-7.283348288892326217e-01,-4.264913977663966627e-01,-7.189334308311825517e-01,-1.253210904448631702e+00,9.093142388757728956e-01,1.972946312479790798e+00,-2.072698325929192453e+00,-3.546882690016794903e-01,-5.048010960678259273e+00,-2.533470391413381595e-01,-9.069210166091805636e-01,2.150329881449424718e+00,-2.034075791303074698e+00,6.869821078776894296e-02,1.234642923126568981e+00,3.322699967710329716e-01,-3.205254893555252949e+00,1.217339295068125216e+00,-8.960757005606689862e-02,4.959678671139183259e-01,1.136994309430446215e+00,3.161596845883040130e-01,-4.230058419784437085e-01,-1.834020832615930185e+00,2.545830804105987388e-01,-5.229379308891498823e+00
2.010114401030693720e+00,8.720927090010321958e-02,9.104872653375338798e-01,-4.112269719441118965e-01,-1.132872253942047891e+01,-1.383174999944450034e+00,1.216926035776983994e+00,-7.681818437513689979e-01,1.070057688544805874e+00,1.063266331024089295e+00,1.220305922614330107e+01,1.716257592122274189e-01,1.782248390169380636e+00,1.995980164883831343e+00,-1.330003612524023326e+00,-2.743182710351999898e+00,-2.049521362024566695e+00,1.149535754313081526e+00,-1.667100533631232784e-01,5.949758400283289284e-01,-4.070967614142166013e+00,-1.186926723656117399e+00,1.726346773552470015e+00,-2.260644602474387366e+00,4.460864071682859588e+00,-4.087530074747304454e+00,-3.410752247831124517e+00,-2.296483298425630259e+00,-3.034381397107136280e+00,4.263417438149772920e+00,6.920473601366238015e+00,7.257672279116853531e-01,6.695634834098918020e-02,4.419203484891153222e-01,-7.641592465077584606e-02,-1.326187611749780615e+00,-2.974288428458374156e+00,3.022494036772882087e+00,-3.844840905719081547e+00,3.900355834138133915e-01,-1.259148939849015214e-01,-9.461633472159767244e-01,2.494617676229305969e-01,-1.041584390848570019e+00,-5.931226762665667174e+00,-3.017039581049999253e+00,8.027807926436825170e-01,9.943987011829836575e+00,-1.115578261823786388e+00,-1.321947856032103630e+00,2.577411548652334794e+00,-1.307264277611308145e+00,-4.471297047674077874e+00,1.110777739554880128e-02,1.014111350394896505e+01,-1.825677694523879513e+00,9.685213349243829706e-01,-3.579473863484356144e+00,-3.125041424970871784e+00,3.014133646200953809e-01,-1.775742494260120541e+00,-5.904253417848668306e-01,6.250505650700144411e-01,-8.657188106176265663e+00,-7.285009796534223092e+00,-7.523892971247403416e+00,1.065970846772767544e+00,2.525691050040792529e+00,-6.591005559658986712e+00,2.054751119213906740e+00,6.647237228955305000e-02,1.304333459872327183e-01,9.331033626472935438e-01,-1.243037041237379681e+00,-2.629460151220458730e+00,-3.954408300987195535e+00,-1.432363276730643342e+00,-1.540100526371742440e+00,-8.135486180238697962e-01,8.508233750813777974e+00,2.830339633948489197e+00,-1.057762268610179301e+00,1.304773119409031734e+00,-8.579356799799023880e-01,5.830507186364903838e-01,2.436175332245662517e+00,2.749378738252038490e-01,-9.413670023375813045e-01,5.540654383417695783e-01,3.845242676097353929e+00,-2.807744275663851319e+00,5.379056501577927918e+00,3.109572810145255328e+00,1.632485382233302307e+00,-1.205381447649513049e+00,-4.412315917594107795e+00,3.726510403578764397e-02,-2.146467704375134566e-01,-5.900694292305170841e-01,-6.030492037352015444e+00
-2.135207067776164536e+00,8.120580175197440742e-02,-5.006303415658659717e-02,-6.226213956637735025e-01,9.847658378786328104e-01,-9.899117939778567798e-02,-2.951086798468584016e-01,2.007483972048978160e-01,1.378317415206123941e-01,-5.912953414581069156e-01,-1.815911119084848035e+00,-1.137412872686907939e+00,-1.199054677931008062e+00,1.035949324602573718e+00,8.266142595141774407e-01,-3.863672808486726229e+00,1.782626890600549352e-01,1.158454681695503030e+00,1.301582253269913281e+00,8.234783744231256586e-01,-3.881597920880444641e-01,2.442176667982369764e+00,6.289606541853820509e-01,-6.106145248498020539e-01,-1.153794070778044967e+00,-7.215442563212890459e-01,2.405182985107986671e+00,4.752619441305435122e-01,-1.316896057846691726e+00,1.635831558490941751e+00,6.134831956555092392e-01,1.157526085424429585e-01,-2.369041050336258003e-01,2.824719371882237207e-01,-3.378606112490873947e-01,-1.417816550383927954e+00,-2.114703977909082155e+00,-2.669724078268795875e+00,-1.054091586164640493e-02,-1.211468677163541452e+00,-1.413221154673124369e-01,-3.221809864077445074e+00,-2.305294239190342598e+00,1.390851141555224935e+00,-2.183130730250860907e+00,3.124112926727071748e-01,-2.437524378967504735e+00,1.114296434086737619e+00,2.047819049495215316e-01,-4.382746073463710257e-01,7.122749192481891978e-01,1.299361991751011303e-01,-2.498153205238666352e+00,8.305617747352073144e-01,-1.528313714086118491e+00,-1.292572231339422562e+00,-1.908145702300930058e+00,-4.232329523215975220e-01,8.184337449911081031e-01,-7.668767193916756764e-01,5.061543916340167648e-01,-9.757505241866011314e-01,1.331587833666384224e+00,1.962447752594784989e+00,-9.620202406821776187e-02,1.402062031436754452e+00,1.052427433145987079e-01,6.671995422259896280e+00,-3.067490680265442471e+00,-2.441938718305394218e+00,-1.090441833353377410e+00,3.087425136232107015e-01,-4.597840602531271248e-01,6.304749941912970446e-01,-1.509431419071187719e-01,-2.314283214492943719e-01,1.811027936440974262e+00,2.030807348582466254e-01,-3.859820112279960469e+00,1.457012806027399243e+00,-2.197711302822744628e-01,3.990217577848271802e-01,2.309319817195675473e+00,-3.490441526716109299e-01,1.588000988916253853e-01,-1.279124727886274515e+00,-9.339697319662434993e-02,4.732600322594038289e-03,-7.016501109264694502e-01,4.017409075018979481e-01,1.999703524831858648e+00,8.235340852050594407e-01,5.635623994829372929e-01,-3.600493730611358245e-01,-6.520048098905890654e-01,-2.363222740121346366e+00,1.073417500810368574e-01,2.001363720215606490e-01,-9.775170888206772268e-01,-3.591228706830133510e-01
-8.023338120663748185e+00,-2.151943687277720063e-01,-1.175784657194911542e-01,4.050592381118435448e+00,1.979796136968712705e+00,4.694369943486142449e-01,-2.311220408660312309e+00,-2.113158824726135698e-01,-5.766064682597064062e-01,-9.950553666838823919e-01,4.817629513905366423e+00,2.115206306473985443e+00,-4.054024120929607955e-01,4.485695544703874327e-01,4.330376178992089153e-01,3.635636136509262428e+00,4.254097610306671662e+00,-1.201352586094271535e+00,-1.951396690550834201e+00,-2.528667911450380057e+00,1.294753238023881980e+00,-8.776874786130319794e-01,-1.277115183187667480e+00,3.524139804526768671e+00,1.484296276550533866e+00,2.247449270576315605e+00,6.756341179378747341e+00,-2.895710217621630722e+00,-2.568704012818856519e-02,-3.711796683780993700e+00,-8.217960362360370752e+00,3.355941454765917875e+00,2.144905268289853950e-02,-1.136195806935944574e-01,1.000659595855650785e-01,-8.333038994330838278e+00,-2.155832027962492958e+00,6.082840282972171053e+00,1.642609703737724747e+00,2.035770684478163339e+00,-9.963943129947105959e-02,1.912287801412095201e+00,2.517351044128810500e+00,9.101660493221408466e-01,2.344434870435835538e+00,-2.147307234786337116e+00,3.058662486711953399e+00,5.109483450257956694e-01,7.877548330613421967e-01,8.912378920524983705e-01,-9.946961702711645259e-01,-3.122617331779322658e-01,5.088656129138908746e+00,-2.672605804873450897e+00,-5.962427558234145053e+00,7.121448829135204051e-01,-1.290206937826483546e+00,3.850659081406810458e+00,-2.014440918826446492e+00,-1.588352932428335196e-01,-2.838051805347054923e-01,2.445694526743892538e+00,-2.329227981726462726e+00,-1.477479140890625819e+00,4.920802025460746520e+00,1.385370402799238621e+00,1.431067251847577548e-01,-2.198354821239482781e+00,5.242102078813331900e+00,7.759703388826998172e+00,-6.372525341332861970e-01,5.405477788955801444e+00,-2.461672501487079057e+00,-2.935412453373054120e-02,-7.229155591521565505e-01,9.179736741788554255e+00,-3.229039353472077600e+00,3.510745681711111565e-01,3.113846533624203161e+00,-1.310595404558273103e+01,1.180170678333128720e+00,7.473860126489954014e-01,-4.998662485005503697e+00,4.022522238254344629e-01,8.288850564391676556e-01,-1.006576787257817962e+00,6.725513702947074179e+00,1.346737693438710748e+00,1.871494884562003413e+00,-2.720211964512482261e+00,3.173740600399402201e+00,-1.085579008484957697e+00,-1.399139002798203357e+00,1.987524513226047951e+00,-2.551212656897328124e-01,-3.386461705825416502e+00,5.597564603636624447e-01,-2.881877320923661445e-01,6.055408419259178388e-02,-6.840919613637588270e+00
3.866174209549412488e+00,-2.978437490583725755e-01,1.241684122606354357e-01,9.707717905143883330e-01,1.067913721456714260e+00,7.664461610763212418e-02,-2.571752865173761449e-01,2.591734197805825035e-01,-5.821176554343041598e-01,-1.432507822567447020e-01,-1.432035830316382041e+00,-6.839021546312518129e-01,5.072706793470018738e-01,-1.082560914053536383e+00,6.665757985433578003e-01,-9.861695812233539638e-01,2.474560816842896749e+00,2.069776148680607886e+00,-1.163096507748972996e+00,-5.552456254540432540e-02,2.275436339170415323e+00,2.694801524896332179e+00,-1.167013049303445849e+00,2.673881685559044374e+00,3.928788698442256533e-01,9.074791140617497476e-01,5.108404227105867612e+00,-1.363970581762464218e-01,-8.128294295481613974e-02,-1.068427294903517621e+00,-4.452196996358477321e+00,5.721506406311781534e-01,-1.345939056474962037e+00,-4.786748975191985611e-01,-7.555481437256289512e-01,-3.531888159979352793e+00,-3.152449212899026243e+00,1.948484663659101335e-01,2.125874069869927441e-01,-4.485417123605808243e-01,1.213762410437249084e-01,1.123550841237768605e+00,-2.256258597909623020e+00,-3.661930932442023501e-01,-7.524674950529997020e-03,-4.814025685225606921e-01,5.896470090946341891e-01,2.274387480303686093e+00,-4.708844053965766108e-03,6.943161934634225485e-01,-4.681276415234463251e-01,1.589485522792015271e+00,2.426286932305007915e-02,1.519018934603538762e-01,-2.897057936089260544e+00,1.719660282897711445e-01,-9.206085521923734749e-01,3.565433482088664618e-01,1.418786639962245522e+00,-8.261907520159756935e-01,8.182905501165613771e-01,-1.181952420543121773e+00,6.867283301827291631e-01,1.741620785826091700e+00,-2.614859172298784173e+00,3.437306252591984190e+00,1.097091697772460961e-01,-7.071166297916161581e-01,3.001918988726094195e+00,1.139658683338710565e+00,5.743650963005156318e-02,3.617919293493613075e+00,1.188456897477344842e+00,1.787885753698017499e-01,2.033288874265575252e+00,1.259981236952706585e+00,-9.397198483099460375e-01,8.955475101780705494e-01,-7.575771891630256327e-01,-8.321951507748458710e+00,-1.141401706365457347e+00,8.514229135757847011e-01,-2.660611406315751104e+00,1.232813241493464052e+00,-6.999230029083421956e-01,-1.543475230380753294e+00,1.183973420854296688e+00,-5.916233009205695836e-01,-2.349699234618050081e-01,-1.916827478475323421e+00,6.740352431475165051e-01,-1.018289913319422535e+00,-9.918147611492229565e-01,-4.893141646515757337e-01,8.748817123133614260e-01,-1.660845703323650557e+00,3.233773910157082820e-01,2.173436536952107367e+00,1.146015365920040274e+00,2.399419299079505130e+00
6.140733075420698128e+00,-8.855692694026453538e-01,2.369597294682348920e+00,-4.853879809568524828e-01,-1.702223280650036585e+01,-2.395879675281653853e-01,1.408540520907645144e+00,6.385790094051477794e-01,1.674723055152507856e+00,4.463511911136177068e-01,1.201354078872787845e+01,-5.306176240207567396e-01,2.753352839888663528e+00,3.431562218021605215e+00,-1.511911465834540280e+00,-7.108786303330509870e-01,-1.031719891623368746e+01,3.734144261046943303e+00,3.802142218632341475e+00,1.105075667115269944e+00,3.388804238802909929e-01,-1.745705317959629799e+00,7.075336637266329554e-01,2.090489026785369298e+00,7.396442140038435475e+00,-5.742464264628583059e+00,1.188047379737540821e+00,2.174880359386317519e-01,7.624840266108909859e-01,8.364387740405112126e+00,1.461913796150091871e+00,-8.591196439738841839e-01,-3.393553655567203009e+00,6.271826380663974021e-01,-1.275216132482038134e+00,1.049597639090895651e-01,-4.542152852808040819e+00,6.895029724810431304e+00,-4.697302575795964330e+00,-1.901888821289927201e+00,1.015615406034527268e+00,1.290332803786185867e+00,6.223638290904063286e-01,2.365288117474921847e-01,1.982094525679487962e+00,-6.743898639270426543e+00,4.167987723821573454e+00,-1.486663204625907841e+00,-2.672520804838848463e+00,-2.464223931716189142e+00,2.204682588380888930e+00,-6.717125213872439105e-01,-3.198165933743807976e+00,-2.304258725999059898e+00,4.331165961914814844e+00,-3.363734239548235472e+00,-4.065990034574069156e+00,-3.893612281400775643e+00,2.651709561514117297e-01,-2.161302069182994945e+00,1.220205260907443634e+00,-2.334950616523414624e-01,7.031145179429144632e-01,-7.078192739138041034e+00,-8.581512500982778846e+00,4.312046334584591634e+00,2.110480045570941598e-01,1.214543269478730814e+01,1.916619393479290778e-02,3.054816705014359979e+00,7.292242217734301590e-02,-5.818111147805749006e-01,5.961988477617456539e+00,1.100173801584137134e+00,-3.950889087162595015e+00,5.004999967879724565e+00,-3.761006527401241861e+00,-2.834329269638241833e+00,-5.828551808749892871e+00,-6.838666499951434830e+00,7.035460362579310178e+00,1.090867132659757210e+00,-5.614095007700939277e+00,-4.668722362849656582e-01,-2.940546523892111352e-01,1.673732278921871597e+00,-2.923040446665047476e+00,-5.268345289025875289e-01,-1.451317147206305780e+00,9.290781595767656498e-01,-4.083361124980271484e-01,9.085584347397091420e+00,3.591435641251334854e+00,7.678476032660201955e-01,-5.211613014307669545e+00,-6.684650304296183343e+00,-7.514065462617569580e-02,1.154261959389618397e+00,6.617053384504922864e-01,1.528439441430688106e+00
-6.065483811084865451e+00,1.288667584994081849e+00,-1.416002425304570878e+00,-8.876927443206885648e-01,8.450139120131444637e-01,-9.894530094942450837e-01,1.062444215514751544e+00,-6.312454590896846574e-01,-7.363658108520582113e-01,1.309478623409659814e+00,4.575159307126893005e+00,3.217126909446583194e-01,-1.869651677649464716e+00,-2.235312485892740231e+00,-1.008103653037972336e+00,-5.524124206061681086e+00,6.937147552936385075e+00,2.104030854898521596e+00,-1.807200647084451717e+00,1.680327406259765954e+00,-3.743772684233813042e+00,4.945446570157726818e+00,3.000105911634827205e-01,-2.260416910584444938e+00,5.467691485351217073e-01,6.201491986316829408e-01,3.270475656484249871e+00,4.298823529338957616e-01,-1.479626364218229906e+00,8.264077892745412157e+00,1.720187490931320839e+00,5.967617014868342729e-02,-8.353595971282423704e-01,4.309036877996252901e-01,-1.086200621852689174e+00,-2.539826729991551346e+00,1.072950659776324978e+00,-1.037307788851767931e+01,-1.502279644285369198e-01,-1.230037188635813461e+00,-1.182214268215708852e-01,-2.228070954364326894e+00,-3.803438036920178345e+00,1.017914979659975572e+00,-3.982873545320111397e+00,1.432308618676555900e+00,-1.174509980810683141e+00,6.871229358390385400e+00,1.166504741445300031e-01,-1.190211477070279189e+00,2.206597096661409019e+00,1.029767151722198015e+00,-1.064989401987012307e+01,2.009577725618813648e+00,5.247583125079033906e+00,-4.027790568904934254e-01,-1.942338641311946112e+00,-2.430452162476609779e+00,-2.019330677822157583e-01,-1.942193148562015415e+00,-2.104820028324029035e+00,-4.156502882863929216e+00,3.722470282008826015e+00,5.618628615132648108e-01,-4.679065010940462344e+00,-3.960561840128828948e-03,8.087267435074310118e-01,-2.053819857343728295e+00,-6.117542537995610097e+00,2.495506288024044395e+00,-1.442218140960937589e+00,2.873210457920664318e+00,-6.424307963487443374e+00,-4.073909956570822111e+00,1.128362732835599624e+00,-2.440365021515279675e+00,5.236070499717240256e-01,4.467541124781577722e-01,-1.669901668025253194e+00,-1.432393505110041154e-01,3.752149183642847774e-01,7.250462112141193849e-01,2.155906528501521979e+00,-5.717064241666780511e-01,6.823815930959571396e-01,-1.050531251566454216e+00,-2.428551047187866629e+00,-3.476761758429800508e-01,4.655413954426881329e-01,2.986533525682338208e+00,3.405119512664533943e-02,2.820926814576123931e+00,1.187471581717935099e+00,-1.709775255725120457e+00,5.810434408620106517e-01,4.851855601475587587e-01,-2.180368911090480033e-01,2.260026526175405337e+00,-1.479410782335926378e+00,-2.424229834096721881e+00
2.633138181810187994e+00,6.832390947706193929e-01,-5.234641413771010665e-01,-6.282206842837403382e-01,-3.001130877915743067e+00,-5.941220301628301614e-01,2.696689456755784198e-01,-8.819900491788392749e-01,5.841591405934177805e-01,-7.981303629537174482e-02,1.526242202957672767e+00,7.391958686381508992e-01,-9.676826428768889876e-01,-1.134790275642916901e+00,-6.114096478484803976e-01,-5.617515032335969050e-01,2.905182029883539574e+00,4.827068616699403236e+00,-2.537979975667021826e+00,-3.858472312714412156e-01,1.076301686304163285e-01,1.137038973702649391e+00,-4.808554247713618390e-01,-9.167058677944865952e-01,1.701862196982946829e+00,-3.743785984422892454e+00,-1.963379490314963949e+00,-3.322096491300519649e-01,1.427440484471282245e+00,7.723075425511835235e+00,7.233794764595538052e-01,-1.584260328160255415e+00,-1.012716115838093955e+00,7.498028441859505566e-01,-1.870610266325707149e+00,1.512248596975509285e+00,-3.701932892696683020e+00,-8.961549532689177866e+00,-2.235075877719822746e+00,-7.730459106861067298e-01,-1.827054367520162259e-01,-1.478785384051812812e-01,-7.901103649389342731e-01,7.551621752558730361e-01,3.808647327268127825e+00,1.184806973656408413e+00,-1.468010439312655180e+00,-2.862380769731376340e+00,-5.752751244932046149e-01,-9.704622282243713371e-01,8.275559255119336877e-01,6.725551236368696451e-01,-7.349366637839484184e+00,-6.826043264932341037e-02,6.684633129730332968e-01,1.811039074568787655e-02,-3.404955608997261685e+00,-6.123472566874474943e-01,1.247676515114907847e+00,-1.081671702244207278e+00,5.973381642210295883e-01,-2.550672014738197380e+00,1.617267145355798297e+00,6.151391683887032613e+00,-7.623378832943485506e+00,2.005332577211196288e+00,3.876002495500197043e-01,3.664421886057727118e+00,-5.864476621146458513e+00,1.544256945136623704e+00,7.148821288292142029e-01,-3.175113314443753332e+00,-3.574637147944627280e+00,4.295966087187774729e-01,-2.187418235536476629e+00,1.144067079974537826e-01,-4.250781815164835775e-01,6.437779089884316797e-01,-5.116869958898631054e+00,-2.103243357982262918e+00,-6.339711062765561733e-01,-4.370703501211963271e-01,-1.614477145998886032e+00,-3.717481958195913982e-01,2.209383296505104122e-01,-8.430171889917514871e-02,-2.113281523727317257e+00,-4.499624434652708116e-01,-3.896789679765995107e-01,7.623441964111929980e-01,5.779879356643553567e-01,9.272513635842076773e-01,-1.684281950349833412e+00,-1.697413646321144221e-01,-6.504565268989492832e-02,-3.383034869896141661e+00,6.876171031483875318e-01,-2.085502906365055420e+00,5.449069609528747193e-01,2.051282934038790806e+00
-3.487338931145401055e+00,-2.313497199568080864e-01,2.220175468923354933e-02,1.014418950329417646e+00,9.485267000722460651e+00,-3.018173987981140893e-01,-1.060403001985745108e+00,4.248339048044352806e-02,-8.277588205046758629e-01,1.640415560262419303e-01,-2.668163081291083927e+00,7.661674894730731156e-01,-1.951367528654058603e+00,-1.844287999118364940e+00,2.076002600047142543e+00,-2.662713247961958629e+00,2.864698006130115271e+00,1.969443213416971039e+00,-3.604655695737877696e+00,-5.154975447690892665e-01,1.507134711854624776e+00,2.814732975578128737e+00,-1.234876788349221322e+00,1.812481219183915471e+00,-2.556593465466703741e+00,1.481894521758442052e+00,4.253598366273982911e+00,8.531014141888348945e-01,7.062457268812770694e-01,-1.337142678747233582e+00,-3.351433186576552536e+00,-1.017271648907940529e+00,-4.284370755771882422e-01,-5.308295027388256759e-01,-2.760805310585476846e-01,-4.762053817150652790e+00,2.179094694551651834e+00,-3.597353087839412655e+00,1.128527302624144024e+00,-1.767127425727870405e+00,3.853356167849583680e-01,-7.026791617257954758e-01,-4.377923703640529851e+00,9.933147227998722073e-01,2.854488563132510315e+00,2.450647777954372941e+00,-2.093831538903723199e+00,4.987282707110506363e-01,-1.261276911810405021e-01,6.116927143650763288e-01,-1.206208647287272839e+00,1.464846371918376411e+00,-9.079975384827829732e-01,1.565122574259544486e+00,-4.457742766826136460e+00,7.447900810746459488e-01,-1.283421847986074393e+00,1.859776484420075260e+00,2.434011524207048360e+00,1.700845284563157200e-02,-3.066669681639631051e-01,-5.360188593106762767e-02,1.379714415455915333e+00,7.649836354835611196e+00,4.094884735252222185e+00,4.440623963642678085e+00,-7.887657184309286862e-01,-4.109024172133541875e+00,2.474001914296870552e+00,-5.832277473247277300e+00,-8.018480805160734803e-01,3.665581281101213396e+00,-2.289150377001247350e+00,-8.225083766068990165e-01,1.162847503126716253e+00,7.663005183386082386e-01,9.034849668102380438e-01,9.539396763249243794e-01,-3.638979832748814314e-01,-3.488781085543458005e+00,-1.521283584707032066e+00,1.287379065515489973e+00,1.428251087334210911e+00,8.905346274878445101e-02,-4.307813444658736834e-01,-1.918086939348338404e+00,1.813205701832782291e+00,1.013449307310056779e+00,-8.833271645429630059e-01,-2.292336764687258110e+00,3.096668285057456504e+00,-3.820730799590839943e+00,-1.032834907899662591e+00,-1.444945345467166131e+00,1.485811999847574061e+00,1.306175308141240388e+00,9.568413282125513009e-01,1.248467549576279811e+00,-2.518670324375833491e-01,4.189964135215942242e+00
-1.188365511290712329e+00,1.268340011991079708e+00,-1.852846080456212574e+00,-8.218639736162089982e-01,3.101422493327464558e+00,9.208452939451540198e-01,-3.536303133529253295e-02,-8.783440712702831332e-01,-2.881388407123776085e-01,-3.333981573689425160e-01,2.168416093064814198e+00,7.485934022520792652e-01,-1.483580030890159218e+00,-1.038527883741103386e+00,7.305235970072029850e-02,-5.698469330515424369e-01,1.744373158855610173e+00,-9.569210828524163936e-01,1.812154788170597053e+00,3.836002546247413436e-02,-6.924324429055332963e-01,2.660229360279040001e-01,-1.725400812208386092e-01,-3.373506387737097434e+00,-2.102667672937528209e+00,-7.562838661543301866e-01,-7.113028877006971840e+00,-1.564703243321043935e-01,2.599531633937196551e-01,4.824262559098590586e+00,-1.642562967473556901e+00,-1.661616572683910942e+00,1.045060284227217640e+00,1.120179928831789296e-01,-7.367230958984332112e-01,-6.899571940861083386e-01,2.149852044846962684e+00,-5.684669059702441629e+00,5.363636305356116463e-01,-1.317606722443262157e+00,5.059551536412598693e-01,-4.321395918269612224e+00,1.258615619065524882e+00,4.914335424975642130e-01,8.230120042940134439e-01,2.332352856153046439e+00,-4.595816042734133244e-01,1.378122524842267715e+00,6.679404238365755919e-01,-9.425260328221199968e-01,4.802532170654882915e-01,-8.234948625609614936e-01,-6.193816700162693145e-01,1.273731351658397903e+00,3.269665551618287314e+00,9.230965995450652883e-01,-6.811017303155213476e-01,2.791372546162314006e-01,-1.481521689660842522e+00,-5.419668346401906867e-01,-8.518021611858894726e-01,-6.347739119526062401e-01,1.868142432079085147e+00,4.314842474464374966e+00,-3.658002659114385047e+00,2.078693432466240942e+00,1.064194084446965727e+00,-3.364394960202857110e+00,-5.578723358321109771e+00,-5.164778236406928347e-01,-3.801113932761068792e-01,6.665143164363140915e-02,-4.268467283763819786e+00,-3.792957412060854683e+00,1.793923410914787020e+00,-5.128484961667179043e+00,1.269703023768129491e+00,5.646982200945027675e-01,-2.964593764853448388e+00,-7.091991210851174010e-01,-9.742922286817476962e-01,-3.170007137967396638e-01,1.376996952364505811e+00,-9.906580280324877030e-01,4.106647137867714958e-01,1.667075416713929004e-01,2.983556024823783126e+00,1.807989277612962464e-01,4.380801954276916099e-01,1.472738017900617535e+00,-2.015977686553900305e-01,-3.121905470962857088e+00,2.015862295254600145e-02,-1.991432793458680628e-02,1.946401623541497594e+00,1.045368902376893283e+00,-9.200134705851983341e-01,-3.731235316215888442e-01,-4.570170411724145954e-01,-5.555130565539223575e+00
7.635368806116010099e+00,-6.623004413346667008e-02,1.894767234633138731e-01,-2.780079572082230221e-01,-4.845259818374352712e+00,-4.645132411789252846e-01,1.799870914385394149e+00,-2.046337627202670650e-01,6.436049360166324895e-01,1.082334316184548062e-02,-9.563965939616094758e+00,1.295740479086859853e+00,8.017034178291753133e-01,1.463443980195353045e-01,-2.223041252048202354e-01,4.254526371913458505e+00,-1.865578599767957479e+00,-1.379963203958854745e+00,2.963859829343811203e-01,-5.269127281863291712e-01,1.207188621653457083e+00,-4.295765483385895145e+00,1.056071561448368445e-02,-2.640695118326282564e+00,2.052366970836944082e-02,-1.206480956398062965e+00,-7.456132732792159601e+00,-1.092305546596634147e-01,2.444750461936997965e+00,3.289027103001905816e-01,-5.062454618832368247e-02,1.759302753232361849e-01,6.720013968310294405e-01,1.142203634916740818e-01,-4.769534462282525311e-01,1.009479051981696784e+01,-2.698339153786943889e+00,-3.524893341303625860e+00,-1.748356428838295784e-01,1.958561610046305468e-01,-7.356269180398076202e-01,2.259156087517849798e+00,9.719518080209997635e+00,-2.036610583238283034e-01,3.906381119663750567e+00,1.675979449087661166e-01,-2.951578466012527713e-02,-8.603496257241356915e+00,8.264431072835431991e-01,4.624448017281885814e-01,-1.784271856204118212e-01,-6.329925549726826972e-01,4.686369050886580290e+00,-1.605277617062129680e-01,-1.909951771737053994e-01,3.562855886897304813e-01,7.505836009541673182e-01,3.645068060315292957e-01,-4.635183110979546051e-01,5.702553874044533622e-01,5.619346293928706437e-02,1.485703385871670834e+00,-1.914854277186242903e+00,-1.037039539936861487e+00,-9.836733251250107113e-02,-4.526007370716474298e+00,5.267604668998293604e-02,1.315180353496826493e+00,-1.308635290442218047e+00,5.218344627809521796e+00,1.197602278495144557e+00,-1.018738267068166437e+01,-1.563403693008329265e+00,1.485445566697396247e+00,-5.438609194454855356e-01,1.243169905572763856e+00,-1.101782350143566847e+00,-1.356554395806006674e+00,-7.568606074349442103e-01,-3.132789194957719126e+00,-1.874430965268441440e+00,-8.755912404714956132e-01,-3.995899656771200625e+00,2.445427187223658816e-01,-4.466199369712544609e-01,2.153836305487119240e+00,-3.251637070718021771e+00,3.254017513534382955e-01,4.146056719080819519e-01,2.494627979430044107e-01,-1.816939529701605327e+00,7.143126277932396739e-01,-8.021000105545166292e-01,-1.326329100211298684e-01,-4.451547692648052390e-01,2.894351110778158098e+00,-1.202120880835944039e+00,-2.143576355214578566e+00,3.780282423337646414e-01,2.380932078863468693e+00
-2.928481644098737569e+00,-4.800517271681711828e-01,1.079121696827879395e-01,6.880293437359885633e-01,1.728211100149397161e+00,3.476928736791065622e-01,-6.837663455484002117e-01,1.107878369912021765e-01,-3.448417906435568003e-01,3.427216203377806969e-01,-3.344521349560175771e+00,-5.045994132362766060e-02,-1.077249315664359219e+00,-2.251926901298346273e+00,3.601761745473218146e-01,-2.194561748852668526e+00,4.826956579169828565e+00,-1.738863738360831634e+00,2.806876137569391805e+00,8.297671377547766181e-01,-1.746104094390894090e+00,1.925273262321480217e-01,7.623206946560030506e-01,-7.659690549378158630e-01,-1.921024897005958687e+00,4.516935104241504462e+00,3.118268540765898322e+00,-1.037997490563983494e+00,-3.299622688325782427e+00,-3.494120849808436180e+00,-2.374571889102887301e+00,3.842338369994722780e-01,9.421974552194880559e-01,1.645804840581910067e-01,1.463818940048431827e+00,-4.149624083633358218e+00,4.581377782261163212e+00,3.731918510151513768e+00,9.353246969894200014e-01,4.027244408578372625e-01,9.582001169373555172e-02,-1.312682330550462906e+00,1.763573441545731035e-01,1.398067997782248550e-01,-5.924939400245316179e+00,-4.366326080640593466e-01,6.975291767253102293e-01,6.910468651319479960e+00,-1.511267113481862268e-01,5.335749490471580758e-01,-1.258136119928689567e+00,1.864761730192850964e-01,2.070648604598657183e+00,1.032539499702699315e+00,1.591340211499388868e+00,1.178063601891284673e+00,7.743388576409996338e-01,-1.718903143257809463e-01,-9.073147656905795611e-01,3.873376167849271745e-01,-6.774984353070400145e-01,8.422114278774222029e-01,1.196808227067052144e+00,-1.657256963321481202e-01,5.844860629854542466e+00,-5.214501002386705331e+00,-8.451859299946080650e-01,-9.877663993087880456e+00,2.991285002942312143e+00,-2.715004926412988517e+00,-6.208353894532656625e-01,2.882528799629901162e+00,1.197388091416402789e+00,-1.307191340951673553e+00,1.987157564211678773e+00,-3.995586125810774547e+00,1.834667733878165841e+00,3.479221162945927981e-01,8.559294197556100769e+00,3.297668497805131160e+00,1.279228023673604220e-01,1.466798394359759339e+00,1.144865396410895686e-01,-1.172556084381601860e-01,1.450214875104453016e-01,-1.198877410676724153e+00,1.479037156805833586e+00,1.224319016370388535e+00,-2.589296872840622932e-01,-9.154504639293268298e-01,-2.057903915746002177e-01,-9.177033785918498054e-02,1.237180864787228884e+00,-5.726588523777980111e-01,9.252421455830516228e-01,7.060213923110614687e+00,-2.795990693904948365e-02,3.761257918203397832e-01,-3.414160827311003565e-01,-4.688559915118776900e+00
-4.975012880560686357e-01,6.328322234512927524e-01,-1.118360285374518037e+00,-1.259700028796586491e-01,-1.614006151994550997e+00,-6.476241047583676247e-01,1.029789209779944148e+00,2.996781802594560284e-01,-1.254423523199585500e+00,-3.202264763642469481e-01,1.102442183615732763e+00,-1.360546163221968419e-01,1.161104112806953248e+00,9.023149146505702323e-01,-1.660213962925538578e-01,-1.722157570317626174e+00,-1.828603675100376469e+00,2.160448453086746268e-01,1.124079105563352554e+00,-1.269943538127282778e-01,-5.351677307706665943e-01,8.797273511627122788e-01,-4.285175707398108935e-01,1.367896885816754837e+00,8.000425828464892142e-01,8.519672367584785189e-01,-7.576477150571101493e-01,1.188367095415812535e+00,6.092018956944964536e-01,-3.406585488286375529e-01,6.816800119809487413e-01,3.704248605098966474e-01,-7.617430003261138616e-01,1.003987213463641393e+00,-6.622351981645492325e-01,1.806091403146981578e-01,-8.043865665859786240e-01,-3.569505157452586008e-01,1.690932566042934848e+00,-1.202080366987848148e+00,-5.871097565975502697e-02,1.814185492415176792e-01,6.859417152414465368e-01,-3.665915583460257476e-01,-3.671413497826109262e-01,1.191750409838081337e+00,6.269189526840805993e-01,7.681463495824303322e-02,3.728031758723253652e-01,-9.150020925864099652e-01,4.260927903166555897e-01,-4.572195976944598561e-02,-3.970738022048576066e-01,1.147363881034269451e+00,1.860326733900824481e-01,4.076327458311821417e-01,-7.444822788934168933e-01,8.915313739468477827e-02,-1.330156219819328633e+00,4.602675572188884567e-01,-3.322978151914450784e-01,-1.837590347401747204e+00,-1.774409259794431204e+00,1.671210535611865167e+00,-5.282362082453864183e-01,-8.270418013427505155e-01,4.933760170512297982e-01,-6.136855798499417647e-01,2.082556187913091883e-01,9.422826465864229117e-01,-1.807757679064794509e-01,3.204221447798305533e-03,-1.027605179780203937e+00,9.664854970376160481e-02,9.091046829170701393e-01,3.157425210249758529e-01,5.701379867787573774e-01,4.308325677500879358e-02,-4.692781570083049969e-01,-1.193932594234978495e-01,-5.769537053711450980e-01,2.648889114281117729e-01,1.484421576991544534e+00,-4.091306835644619166e-01,-5.455267735850933830e-01,4.435011864964454875e-01,-1.266810929912393080e-02,-6.427315072499295567e-01,2.433693730291428825e-01,5.939696782078101034e-01,-2.055332361786378348e-01,-2.030478798406556151e-01,-8.079001319688156046e-01,-2.054821971733213903e-01,6.607953652175050374e-01,-4.169178011710567011e-02,6.465556071714484432e-01,9.842400701026459142e-01,6.964564633552521311e-01,-7.605748460918774212e-01
-7.784803852695366899e+00,1.238356371055155947e+00,-1.613296564119377052e+00,-9.122973731741315095e-01,8.303130380297810476e+00,2.056702458879072992e+00,-4.095558805703589100e-01,1.891354472050022217e-01,-2.581329880879570937e-01,-5.956630356093366441e-01,8.973840016536935860e-01,-1.667988254490794020e+00,-9.056249461677499113e-01,-2.393511752005723192e+00,-1.519777066779242070e+00,3.473858747059632712e-01,3.199579567651932965e+00,-4.133622275471913632e+00,-2.258378211331876440e+00,-7.436946928428942449e-01,-3.570119174164307907e+00,3.292309194208320022e+00,-8.242118769643500542e-01,-1.377264310339591180e+00,-2.989967895447273261e+00,2.861843886169926243e+00,2.609418306551563038e+00,2.384186474977435743e+00,-1.195864370186854542e+00,-2.344357349004357438e+00,2.469770074879694910e+00,4.392118670291998983e-01,8.194176006481084240e-01,-3.500234658539227439e-01,-5.828733548349696036e-02,-3.157476789401385098e+00,5.860743020340374976e+00,-2.339052365488555996e+00,1.931816558568134834e+00,9.063929934781502773e-01,4.010966574269261287e-01,-2.870272295501890003e+00,-3.704207842599255507e+00,9.250005281431938897e-02,-6.317301251746367363e+00,1.846230103179191007e+00,-8.808889880352253066e-01,3.201306480170249547e+00,5.911152430392132562e-01,4.373142796867368620e-01,-5.060549878375162347e-01,3.855900198006074753e-01,-2.395957199168210483e+00,-8.152713379731059140e-01,-1.876926297714597069e+00,2.342709362826651542e-01,2.609926615850769238e+00,7.020332042345567292e-01,3.074503461485282862e-01,-1.382081442159463602e+00,-1.232496421118843277e-01,-6.600479340311333765e-01,1.398426492596402948e+00,1.193705485158133905e+00,1.462423846069381916e+00,1.786590955288965166e+00,9.376933099896320734e-01,-5.274056264209669109e+00,-1.114035562454934514e+00,-1.002802879195147989e+00,-9.295977577176424145e-01,5.531660090732104962e+00,-3.787365480476997615e+00,-2.669878524550506338e-01,1.372212009891509155e+00,-2.033031998042778898e+00,1.584172160076234404e+00,1.158179935604619182e+00,1.814687593821455502e+00,5.241226368587668105e+00,-4.833068540292408954e-01,-7.574050928316451436e-01,5.259459801731814821e+00,5.163651150973719295e-01,1.137730963643945437e+00,-1.877606228227179042e+00,2.227918285831110290e-01,-1.452449379287415576e+00,1.114996579665509913e+00,7.684790883618877189e-01,-7.754991886738560325e-02,-2.692138427854366522e+00,-7.280007456083259498e-03,9.745814256075666648e-01,1.735153219770525945e+00,2.002822689476452922e+00,-6.237265316513715963e-01,-5.041079597905606668e-01,-6.450541539537438807e-01,-2.361928877301482377e+00
-1.055009084781208095e+01,3.499115580930460268e-01,-1.152418197230190788e+00,2.404416594136812968e+00,1.019062414392621907e+00,5.141767811710568070e-01,-4.910126581367827425e-01,-7.956783548871134704e-01,-1.081527321940054076e+00,-2.611221453766057188e-01,4.121509740019385859e+00,1.251278185171156299e+00,-3.629210521677668222e-01,-1.530922044741054311e+00,1.000660454838755653e+00,5.136270135753207011e-01,-1.864652847838772276e+00,-4.043354901000899559e+00,3.169035558305414835e+00,6.542601403236490976e-01,5.035135846039541008e+00,-1.529049767290680428e+00,-1.389123025368042663e+00,3.318995638356618816e+00,-3.094484262324199708e-01,2.274326487325111223e+00,4.971510592982849808e+00,-7.679215888814423518e-01,1.948626651091073247e+00,3.800308513601537541e+00,-7.736805135084710017e+00,8.684186356019480968e-01,4.386112133755835085e-01,-3.640415439680277920e-01,-7.684621478277686712e-02,-7.767526818540198441e+00,6.074296719219914209e+00,3.463880240573578906e+00,2.218728138994364940e+00,-1.533151176612725930e-01,5.587239463432758235e-02,2.416594500241528110e+00,3.169365010955128348e+00,1.696853929113343540e+00,1.606099395408888242e+00,-1.001158492076912765e+00,3.057271841675711865e+00,-6.596070305620173047e-01,9.016084070451730881e-01,8.721691753312521556e-02,-1.543254512946926837e+00,6.742653005763852292e-01,8.448193362608411583e-01,-1.536419355430153288e+00,-2.849806472652607781e+00,8.971488842741450753e-01,1.304595013651142610e+00,2.475785022196932861e+00,3.533501097587973261e-01,-7.980021482061179228e-01,-8.944292175103729647e-01,1.388818983746520352e-01,-2.419112189850447514e-01,-1.701572858725888260e-01,5.288776287808871324e+00,7.817066473694726625e+00,4.114783848984493453e-01,-4.155296441919519523e+00,6.469196928302444860e+00,5.679371530433644288e+00,4.085922610207386452e-01,5.380792508820597675e+00,3.760851197923524403e+00,-1.831166241135137263e+00,3.225452670803695465e+00,6.955537779958602229e+00,-2.491665761391367084e+00,-4.047129945388718841e-01,6.166409618664665082e+00,-1.441905077556646475e+01,8.278725357199596679e-01,4.788286425128180923e-01,-6.403786571060782862e+00,5.960176158453833750e-02,6.738602701350346891e-01,-1.529926541280086205e+00,7.501833884773157379e+00,1.296927546681259091e+00,1.627962367427189916e+00,-2.298924553703693086e+00,1.793893389758832502e+00,-3.571500695689741711e+00,-2.179507302340178754e+00,1.372722899044803935e+00,1.416252995001975767e+00,-1.881940142641132185e+00,2.921994470199387184e-01,2.045947317553434619e+00,-7.583978067307153292e-01,-7.756968462527256136e+00
4.260191726451068028e+00,-4.419802350577153316e-01,7.701825306406759886e-01,-7.242839818660854467e-01,-1.049869770472493435e+01,-1.350090989029783417e+00,5.751758860260861583e-01,-4.775156040460570295e-01,9.995004838864216534e-01,5.723374730866921389e-01,-9.155751577916193540e-01,-5.074106880636756189e-01,3.490418929434819795e-01,1.938631488017197535e+00,-1.086400856903440570e-01,-2.142724386657154589e+00,-4.444882474013621909e+00,2.221699617486461165e+00,1.092892793460941814e+00,1.251256593333433642e+00,1.355917288450472769e-01,-2.433320637866692948e+00,1.153233234176080924e+00,-1.658347222314822567e+00,1.596985789142059353e+00,-6.764506583450154764e+00,-4.193795403122736687e+00,-1.671001208651731185e+00,5.841743892291929585e-01,4.898246817760859351e+00,3.065574838706426775e+00,-2.009294500186012300e+00,1.615792068076498111e-01,9.356337848930249557e-01,-2.910225385076761206e-01,3.070260581813777812e+00,-2.837311557843420484e+00,-5.164479756153339096e+00,-4.189109577047640975e+00,1.010812845457461862e+00,1.902825331436563960e-02,-8.170815078471290738e-01,5.329621598271407024e+00,-3.174652458562914337e-01,8.736654638856200528e-01,-1.642383019581966641e+00,-4.647310758416498544e-01,1.839665916198071072e-01,-1.530273390243841902e+00,-4.656900933216805427e-01,2.018324046856661447e+00,-9.737814787150664841e-01,-2.899532172562083066e+00,1.044852690205427148e+00,1.298900334024305270e+00,-1.347544567542740879e+00,-3.812131117381507561e+00,-1.538975433521265312e+00,-7.147477296901614263e-01,-1.214581643528709565e+00,8.593018401510277293e-01,-2.030919762292295871e+00,2.277079019028915852e+00,1.819518196859595927e+00,-4.992269105500173332e+00,2.100101168290772868e+00,1.787304464808467941e-01,7.943095414317602909e+00,-4.694096058300610608e+00,-2.290764948314637284e+00,2.990824817215669285e-01,-4.796611728746700720e+00,-7.171571770508240462e-01,-2.839902405151062403e-02,-2.798013883237216337e+00,-9.663368313713192048e-01,1.348183018908982178e-01,-2.179763279997579684e-01,-7.383887676141540624e+00,1.708602002015668697e+00,1.528991791871146866e+00,4.765054460887576671e-01,-3.488028508407328587e+00,-7.130282174528259631e-01,-5.997826673361918992e-01,7.329209267232741354e-01,-3.695047713894927810e+00,-8.738635018264546694e-01,-7.457250431758397635e-01,1.258508123279507895e+00,-1.200696886219957626e+00,2.643251647759378820e+00,9.825436888805207936e-01,-4.013831916294896551e-02,-1.662048268437974929e+00,-1.198635856102014063e+00,5.844646096940064872e-01,-1.681019867657815192e+00,9.541971642731319481e-01,6.844833849066704889e-01
1.944129865701057058e+00,-1.099527318046469748e+00,1.745427159182375121e+00,1.138558656726298635e+00,-7.785554328072375796e+00,4.832295684057887897e-01,1.263632996506531825e+00,1.183076682643023458e+00,6.674225305203738134e-01,-1.421792263270254542e-01,-2.012729120698216967e+00,-8.099729495584497840e-01,2.042459412430476462e+00,7.022652188394695738e-02,-1.051183229105196348e+00,4.543080141717787512e+00,-4.604636215020344814e+00,-2.237326539497848099e+00,6.150934757796589381e+00,2.082884674803806568e-01,-9.507401087447837629e-01,-2.499417454059956967e+00,1.285933918806571707e+00,4.990940521242076544e-02,1.956218451905716416e+00,1.193095321665735398e+00,3.013336618908229791e+00,-1.561700314806241829e+00,-3.843515230581239228e-01,-9.085816165428417079e+00,1.532008982496988692e+00,1.440159990106295584e+00,1.048237528003839625e+00,-3.792993267054443063e-01,2.723073200684364981e+00,1.410421938295053579e+00,3.021283674821642506e+00,1.341321171280492841e+01,-8.706648439953998952e-01,2.802035028142303652e+00,-3.976531771853719643e-01,1.538314548086279210e+00,4.401925212114237596e+00,-1.456024877176087085e+00,-6.751299589319702754e+00,-4.257175920409316028e+00,1.969778534804339065e+00,-1.287689551416109968e+00,-1.163055595508642570e+00,8.817525275673716578e-01,-1.584276081898093214e+00,-2.325052866074223679e-01,7.449785879109570352e+00,-1.746378371925000561e+00,-2.093246120987943826e+00,-3.225806687384475957e-01,1.747643136372534656e+00,-1.207811731919087306e+00,-1.322908325413777453e+00,6.531437847904890681e-01,1.470141577288161194e+00,1.185407082658720856e+00,-2.868714360264928764e+00,-7.588677742554825301e+00,9.377271135053108608e+00,-1.086428672116547922e+01,-9.064327135582408435e-01,-7.684441601676923472e-01,5.994741217612495454e+00,-5.478206012935908920e-01,1.196543713009294851e+00,-4.094757008863245673e+00,6.452024201770928613e+00,3.605170102826361411e+00,-3.856838797162471799e-01,1.669425384742337926e+00,-1.273990365004780356e+00,-1.854986450875304893e+00,9.907830107683546217e+00,8.751659376340649388e+00,1.478704185487660361e-01,-1.019549618681158121e-01,-6.114727539451050298e-01,9.726960648195497328e-01,2.500547642374266744e-01,4.904086994474665673e-01,2.136841363674490402e-01,2.608699805772825009e-01,1.175300688712339614e-01,-7.446062449787811399e-01,-8.410550100736573498e-01,1.866478989606372263e+00,9.705637721621163116e-01,7.210774428290251947e-01,7.269374686256058204e-02,5.480745282515143479e+00,4.139911799961986105e-01,-2.305221349160837541e+00,2.728524375553824655e-01,-3.929132897495099641e+00
1.018417640260440749e+01,6.578855260499457680e-01,1.598498499255572303e-01,1.066842831170504852e-01,-8.774493145525319449e+00,-6.062763324035511658e-01,7.089658294184377763e-01,-6.855261899835982664e-01,7.449866413702412871e-01,1.012305198276627904e-01,-3.890340371714692047e+00,1.985329737448561893e+00,-1.508953246826033823e+00,3.724010128251374341e-01,-1.017475971642976429e+00,1.644085385535719035e-01,3.799546293778039097e+00,5.924207756797452262e+00,2.821837808942017300e+00,-1.587419619972693097e-01,-1.578301960667172654e+00,6.788348504054285693e-01,9.032222667591896514e-02,-3.577466846500505060e+00,3.502260844750810231e-01,-4.597280616740901493e+00,-5.616115454088848047e+00,-1.952889111393584232e+00,7.312776167935380878e-01,4.224450131988255919e+00,4.443166506174795138e+00,-7.383827396371984708e-01,-1.105591060103302326e+00,1.162272476658947618e+00,-1.530389222176537611e+00,-8.727001547195575304e-01,-6.170495670668390886e+00,-5.914438241439145649e+00,-4.387166108249319407e+00,-1.767418103668112472e-01,-4.673846424604178873e-01,-1.663241698995955087e+00,5.174454881859286814e+00,5.863592522445060240e-02,3.281147786694112334e+00,-1.569202501609000766e+00,-1.733624704705211350e+00,-6.946153597247890499e-01,-1.100984335628845123e+00,-3.645809499260024289e-01,1.806039617432645628e+00,-9.671631522750829824e-01,4.203106359590460528e+00,1.124160855392970060e+00,1.385706495945451699e+00,-6.713482369125278737e-01,-4.824881357471666021e+00,-2.811260801805755882e+00,-7.353371338649451472e-01,-8.323617302781310956e-01,-2.573936510186976001e-01,-1.434847417477409515e+00,3.327811786535930239e+00,4.558679607750727669e+00,-3.244272157137241930e+00,-3.589250217024955170e+00,1.970872973853128318e-01,3.470831067698307404e+00,-7.569243074692292517e+00,-1.316312607104084265e+00,-3.960370891547446703e-01,-6.628342163942680720e+00,-5.465009747756195857e+00,-2.317519068446159736e+00,-2.161899024488476151e+00,-3.746580185606116942e+00,-2.977414006464116358e-01,3.566962156263864259e-02,-6.482298884914071913e+00,5.551778958576648604e-01,1.399986920969412685e+00,1.276211318906740777e+00,-1.708245217911664726e+00,-9.184055594811408874e-01,7.128029679732019730e-01,6.020260504410259728e-01,2.358741096973996143e+00,8.623964265478096802e-01,-6.532417742478702216e-03,1.746377193530672667e+00,7.132017584869796423e-01,2.081373611769180787e+00,1.153723870310993549e+00,-1.221271786998305409e+00,-3.367792322818052853e-01,2.795982180427321495e+00,4.808179109178114530e-01,-2.278287732483882611e+00,4.105093633937786368e-01,-3.365600189783148455e+00
-3.356454069759495090e-02,6.556955074521862714e-02,-1.046036331654974089e-01,5.836511317173442848e-02,5.443092319162470827e-02,5.330567110153610483e-02,-2.422405433237044270e-01,-3.325051250008262960e-01,8.082885547475915367e-02,-2.641270532315132535e-01,-3.918952296164148613e-02,-2.397320917495190939e-02,-7.955160098369404298e-02,8.411069389997763435e-02,1.037834226185701120e-01,-6.932568124152911626e-02,-1.112559046420289605e-01,1.115645710505251548e-01,-2.605542017350349644e-03,1.127487760550485302e-01,-8.468309603919357831e-02,1.891053975493909023e-01,2.957276095846684758e-02,-2.237637568614582739e-01,-1.211775261875025350e-01,-5.303888280799788635e-02,-4.423504021029946859e-02,-8.325682335738010531e-02,7.704525586193258779e-02,-6.456536795197012624e-02,-9.056617358077428265e-03,-1.041763984256139156e-02,5.937063985650208042e-02,9.329800550191889863e-02,-1.360495848126193862e-02,-1.628963187010155911e-02,-1.135094404941644347e-01,1.119787851090601749e-01,9.959110909390649080e-02,2.972371675058067125e-02,-6.933360450810105435e-02,-1.230729083734869445e-01,-4.648588466026848560e-03,6.751032772757064628e-03,5.890418326247492953e-02,-6.337351289357369410e-02,-1.319475250018854184e-01,-1.837320013615190498e-02,-3.120276676462989673e-01,1.604253586219606398e-01,7.213392977084327751e-02,-4.491970061580712742e-02,-8.321459367586654665e-02,-3.084366634407265714e-03,-2.309170044812208084e-02,2.559550306049071522e-01,-8.664605655307928977e-02,1.009021363736556931e-01,-6.652891332747060127e-02,1.657138160346797451e-01,1.779136961491469340e-02,9.138816292503890160e-02,9.690391319490783417e-02,6.625645082741478398e-02,-1.433751351717246492e-01,-6.735912842159134939e-02,7.041932409851844876e-02,3.863775013973236999e-02,6.591382091807899968e-02,7.852353107694609591e-02,4.888573134122102815e-01,3.148372852070433631e-02,6.995690015022838770e-02,-7.774182260108951359e-02,2.668013767534470684e-02,-2.656002898630464501e-02,-1.098453438729758425e-01,-1.929273237047082756e-01,1.470261637365330443e-01,1.617135922742899204e-02,-7.470200789871268843e-02,2.681526528989087166e-01,-3.289255118008814482e-02,-3.880264270761457079e-01,-5.714376107085679390e-02,-7.484453011899810937e-02,-1.894825802524994357e-02,-1.928563751250278457e-01,-1.381043282141655448e-01,9.786803307942353036e-02,1.927555647800048011e-01,7.540539125013097713e-03,-8.824605146529736210e-02,2.996599427151671047e-01,8.812532815433093969e-02,-4.294115562219795457e-02,-1.456508134628167750e-01,-6.167649159160273897e-02,-2.200985388661302888e-01,1.724613758128309970e-02
-4.612373963236742647e+00,-9.216624873895200576e-01,6.425294317061335247e-01,1.295392073151503176e+00,-3.017630947375302686e+00,-3.617434360060407528e-01,-2.189316305330020196e-01,5.769098827385057415e-01,-2.986533030352335749e-01,-3.791668368814299361e-01,-3.952538516021738557e-01,-3.353128166328261939e-01,4.281349504395642325e-01,1.289096712183516846e+00,6.380786218442302538e-01,1.569661844719956179e+00,-4.227282285538660922e+00,-2.920983632110592421e+00,1.227661894287992439e+00,-2.446411246639519366e-01,3.564248727869398170e+00,-1.233889045651852090e+00,-8.260843181984323103e-01,1.421299658987633663e+00,2.359859267550549755e-01,-4.262157784455553156e+00,-3.421514620343951707e-01,-5.116142367335150265e-01,1.010207590910356279e+00,-4.231326707550833177e+00,-4.331571245217423538e+00,-7.028817918495646744e-01,1.636209798438209795e+00,-1.383847976998033857e-01,1.466054824227930542e+00,-3.366124449845134814e-01,5.128077451485492766e+00,3.216402352912584917e+00,4.485738542258828065e-01,3.029250151743336339e+00,-2.062321314291315488e-01,5.451857454251829438e-01,7.297877681109365966e+00,-1.808881588872555568e+00,6.086271710298229998e-01,6.009173245018863962e-01,-1.135335119170627904e-01,-3.832509752077088105e+00,2.199392327116966861e-02,7.379330388599656398e-01,-8.060370625318347138e-01,9.247100670533392464e-02,4.886749078808927393e+00,-1.717011857195988034e-02,-3.019087267603691060e+00,7.245657223586920992e-02,-3.044395711495936574e+00,2.963677130716617647e+00,-3.045112167049701668e-02,8.942553587217259015e-01,9.840909492262482905e-01,1.440639299012359542e-01,-1.035885845200399391e+00,1.508332239569051714e+00,5.784769867510989982e+00,3.178372551612280272e+00,-9.132979715964957279e-01,-1.909461728432235716e+00,3.912731465642460105e+00,-3.472649345357011752e-01,9.764815336390619827e-02,-2.211975027936175398e+00,2.385193257442158377e+00,-1.225295995125543769e-01,-7.851924351879784325e-01,4.983299562375132830e+00,-2.993143319568498661e-01,-3.321020986608465009e-01,1.349851439757967064e+00,-3.603370809034840416e+00,-1.604523464718830228e+00,1.003767793095300398e-01,-4.126063798727740206e+00,1.025411450835331806e-01,-1.189171194602826720e+00,4.988643868561792871e-01,-1.215721710249592746e+00,3.343452312952277516e-01,6.418805619953671382e-02,-1.237780254864722096e+00,6.777629534099274267e-01,-1.242126878959808334e+00,-8.296019975507969990e-01,-1.601104652379050197e+00,-2.040013548094377072e-02,5.028422475011435466e+00,1.470480099318034028e+00,-5.788463169181161661e-01,9.785492006040734658e-01,-3.265620078201807885e+00
1.624170085028623589e+01,-1.463790918339006542e+00,2.292971614984316453e+00,1.294406476061635280e-01,-9.964903405771295297e+00,-1.378347036998792463e+00,3.117044277844440714e-01,3.110419863352071879e-01,1.350820016827670500e+00,-6.688535016421770507e-02,-7.226918041166128681e+00,-2.625348196455159488e-01,3.529828767022840985e+00,3.510035712487735715e+00,-5.162954081013054752e-01,1.762319915450466734e+00,-4.679613646594270371e+00,3.103773828970800341e+00,-8.666574087791992786e-01,-1.397043306669234486e+00,-2.235788093826098333e+00,-5.186816592402087700e+00,1.402827919404462165e+00,7.463081647869207469e-02,4.342401828337233205e+00,-5.836100678759939875e+00,-3.977187263718953592e+00,-2.122523892012998736e+00,6.260437791424476872e-01,-5.178304002903187708e+00,3.820177505305557997e+00,7.534111717673790398e-01,8.731745012949352347e-01,3.108237566129896656e-01,1.476652359189545294e+00,8.516095015264316004e+00,-1.014153569396285093e+01,3.338318211395371549e+00,-3.121778919932483021e+00,2.169195921605352684e+00,1.184066881814764827e-01,2.807382169716920117e+00,4.791189464367555217e+00,-2.363691939640704121e+00,4.999229956608610692e-01,-2.525562635897732555e+00,-3.014583951740532619e-01,-4.947419176899532367e-01,-1.530055083576665975e+00,7.123255652921642866e-01,4.192480068932429305e-01,-1.300809374088284009e+00,3.199731568747856691e+00,-1.150710734111219713e+00,1.041332847158615849e-01,-1.158999149913981785e+00,-7.248118508636065549e-01,-1.403230233309905151e+00,-5.836292216967156055e-01,1.901946559323364205e+00,1.736541610389086943e+00,2.536635157581037969e+00,-4.347938271444363956e+00,-4.891731264748721664e+00,-4.109817202912918077e+00,-8.493501824649653642e+00,-4.724544506434940061e-01,9.441359760081274644e+00,-1.616239196206686657e+00,-3.644716654100533804e-01,1.058609542109661072e+00,-1.032864783089751803e+01,1.955815584961824172e+00,5.099039964635784017e+00,-7.186164211955931691e+00,-1.896076343680673792e+00,-1.481652594489488273e+00,-9.312809437019065051e-01,-4.263382437463351771e+00,5.471272166229985245e+00,-5.134918698912565027e-01,-1.110881075345773183e+00,-5.274684038300962996e+00,9.104950987000544060e-01,-1.087927398564458414e+00,2.501011780344275515e+00,-4.754587238415188821e+00,-5.498203215827945911e-01,-7.579746021511482024e-01,-5.492814949921176471e-02,-2.357986857695512306e+00,4.824767240257063605e+00,-8.424923235830601431e-01,1.364623566265106280e+00,-2.681007048742891197e+00,-3.486398647946399976e+00,5.972613025715367563e-01,-2.219469735558664780e+00,1.610488550208200254e+00,4.550341921914149879e+00
-7.806574851338734078e+00,9.646704129157707142e-02,-6.597170534841869660e-01,1.023755771989994345e+00,-4.539233641145931308e+00,4.058536963081865179e-01,5.605444655068342330e-02,-2.807706611409652719e-01,-6.879453202363681186e-01,9.966126214616066736e-01,-7.973604985730992079e-03,1.608297712666706181e+00,-1.665168686363420081e+00,-2.073591037127430425e+00,-1.052025503501944126e+00,1.159911027997234251e-01,3.599118010249193755e+00,-1.122511649994395011e+00,4.245793925960120063e+00,-2.228071759215005110e-01,-8.290617615871447299e-01,2.839755027795787257e-01,5.517044010228114859e-01,-1.064286457431284916e-02,1.546692626655119085e+00,1.253768917216585566e+00,7.689315961423740298e+00,-3.310963225181313696e-01,-1.419245212429542047e+00,1.181287713414466367e+00,-5.544125851880490785e+00,4.683246269914431714e-01,1.468521830008081785e+00,4.362890290462453358e-01,2.557062306268109708e-01,-3.870502434928213553e+00,6.396484745164766395e+00,3.901664213359844702e+00,1.850345214039987196e+00,-6.993101747036365445e-01,4.738312825395563088e-01,-2.229760140565749893e+00,3.931840111695040108e+00,1.499628499751259891e+00,-2.161166538893627198e+00,-2.353375364833041328e-01,2.276338736115846473e+00,-2.744566514061244078e+00,2.916926531403118972e-02,-9.088730879592887835e-01,-4.674275373365610609e-01,3.855764987947640776e-02,-4.766825877763720132e-01,3.709123193704662036e-01,2.642000346948378375e+00,1.066908777467992842e+00,-2.431503689649646915e+00,1.296059466423986173e+00,-1.374233926275719941e+00,-7.489888440766483413e-01,-5.509467731713219019e-01,-4.490801359670326676e-01,-3.790665015278991135e-01,2.912510614915956531e+00,4.816688891860533062e+00,-1.197457181932080728e+00,6.329728107576260143e-03,-5.710646471250437450e+00,2.892499670550422675e+00,3.926196987204663813e+00,-4.808056688992434768e-01,6.830400388275031931e-01,-7.204370362416928630e-01,-2.254277828826301899e+00,5.809151125294227391e-01,1.915597347218083613e+00,5.818462314868684260e-01,-3.268943750371675616e-01,7.708760168320469397e+00,-5.885367937322669718e+00,5.378677664700344252e-01,5.426226012016981404e-01,-3.502819417214747322e+00,-6.983313665457653308e-01,8.046241543659604645e-01,-9.636402581991486693e-01,1.549300214353303229e+00,1.083061915536776443e+00,4.378880781578118331e-01,-4.295033926168716487e-01,1.330117484540220385e+00,3.420995749916166950e-01,9.525073615363116586e-02,-2.308622412629259379e+00,8.163482003909974249e-01,6.130133581919274377e+00,-2.808261232863225043e-01,-1.644687230867764027e-01,-9.219964841429300062e-01,-5.725141686594497514e+00
-7.117390415094689615e+00,-6.557029173263975719e-02,-1.060922246416003523e+00,-1.048836724821317068e+00,2.557370401234888124e+00,5.270702905766684321e-01,1.326754322435243605e+00,-4.756518149419682873e-01,-3.413395378298927918e-01,1.268290874016350100e-01,1.555144675145629929e+00,-1.230411544171866822e+00,-1.182983576455427954e+00,-1.668632433467738041e+00,3.403167449248373222e-02,4.641521879002984408e-01,-3.816788500371877113e-01,-5.809049785553201950e+00,2.818253937200378978e+00,1.604852146828579684e+00,-1.010527029388120224e-01,-1.759875820886658282e+00,6.127751651169097702e-01,-1.350602792382832984e+00,-3.151748856399112952e+00,2.797861598348058365e+00,-4.464479086549149045e+00,1.070367350809804829e+00,-1.939068635590323497e+00,5.410464023104173847e+00,-2.112336086172547311e+00,-1.219137560095101103e+00,1.114595855386313339e+00,6.746914267442081226e-01,3.350254437191062529e-01,2.200054071117123033e+00,1.104219851097396443e+01,-1.039165131100684647e+00,1.494746600037342610e+00,-4.209021280383065111e-01,5.310405446606001334e-01,-2.126683528395157730e+00,4.533031297240171398e+00,-3.493080838357895956e-01,1.951741075951511473e+00,3.332140272327232644e+00,-8.005599329985142454e-01,-7.181377250361020703e-02,8.391301356524178967e-01,-3.167703699709564780e-01,-2.241669096643171599e+00,3.012302590957583459e-01,-4.108552299286937881e+00,2.629773892134489310e-01,3.528705615379097438e+00,2.774916393249850621e+00,1.972357844188981080e-01,1.230343635924603829e+00,6.815244938499316341e-01,9.450780164054304322e-01,-3.856505565705599103e-01,1.718806932921919106e+00,2.174456082501983190e-01,1.714939953469177825e+00,-1.040869773314799129e+00,3.295649097874739919e+00,-6.101221877224287660e-01,-4.181345568194573481e+00,5.376997189466434790e-01,-1.833115605061196307e+00,9.976433244830982261e-01,1.004494413098782291e+00,1.838685854579926726e+00,-5.838819115125475356e-01,5.159175877171793267e-01,-1.077968944440341748e+00,3.466762576787838945e+00,-1.100510820033058224e-01,1.892044707427123384e+00,2.113018108787859894e+00,-1.631633352308740292e+00,2.103904759873138630e-01,2.034798487985479021e+00,-3.949514129619080549e-02,-1.160327538590708585e-01,4.042614391166061694e-01,-3.338947129996263641e+00,6.118780679712327863e-01,-2.420777653155363751e-01,-1.081276193512190620e-01,-6.837308451034000978e-01,-1.661240744379748557e+00,-1.117156978850309512e+00,-9.590046190236474200e-01,9.824760563707539696e-01,4.411663030099581384e+00,-4.843745701018535854e-01,-5.165904347351074621e-02,-7.844947587595654248e-01,-3.192356255396073372e+00
9.530359382654506106e+00,-6.676605173018935746e-01,1.294846383493037489e+00,2.295287651590890154e-01,-6.699579775982670071e+00,-1.427436301046239864e+00,-7.981861946249645401e-01,-6.773212201669459587e-01,4.993560539573546064e-01,4.683323534725223336e-01,-3.737237267303131549e+00,1.405162962274171479e+00,6.794405668156198175e-01,4.306587538418727767e+00,2.074683570738842686e+00,6.148305776870932604e-01,1.066975964359453966e-01,2.759419221316154580e+00,-2.872613898909080365e+00,1.386508926110924245e-01,1.059300742651635874e+00,-2.740284584737644913e+00,8.931992145473794942e-01,-1.539455786368002510e+00,1.314454464336918704e+00,-5.669657737712664236e+00,-5.606759119806480562e+00,-3.283052387439351349e+00,1.698719583061550242e+00,-2.299795160640107028e+00,2.212336786680905831e+00,5.720971139766406477e-01,-2.342662814917417791e-02,-1.160936400258747447e-01,1.761256104979507242e-01,4.027450807702593671e+00,-8.921277928181085670e+00,9.446070605399148334e-03,-2.041643301854089820e+00,6.199925595920280363e-01,-1.045134119489162572e+00,1.858278534260215054e+00,5.173349268109669552e+00,-8.619399073127538280e-01,4.604158574941566329e+00,-4.095018340081681973e-01,2.547039279915424004e-01,-1.863181737975079688e+00,-4.278214092208805219e-01,1.022376924097640583e+00,1.824032879565926413e+00,-1.621957898130761855e+00,6.318394507081933398e+00,3.525708137116412288e-02,4.624960442327624044e+00,-9.954548197525658892e-01,-1.650189756821760056e+00,-1.034071334555977550e+00,-1.988394649536399994e+00,2.139969772634401579e+00,-1.690694562804649248e+00,5.940940904972737968e-01,-1.145709674308880821e+00,-1.416191254909471731e+00,-3.832341283376604846e+00,-1.196732887479524221e+00,-2.738875925982982018e-01,4.068835508987236338e+00,-3.779673726786545007e+00,2.658676593823631862e+00,-2.638215374950156900e-01,-4.891776919983396255e+00,-1.786369809737024195e+00,-1.212782846259043534e+00,-2.479024606984284063e+00,-1.368893014680212072e+00,-9.825672986260398645e-01,-4.504865033339220393e-01,-5.627673215899751114e+00,-4.140544884647760604e+00,2.254265635527472611e-01,-7.577002975953106567e-02,-4.624778252440423287e+00,-3.091610009139720283e-01,-1.304002371089869161e+00,2.824060024738009211e+00,-9.189014778527729854e-01,5.677253650298168530e-01,-8.943705475569229124e-01,8.134025507129343247e-01,-2.376901903721233555e+00,1.125705407226718302e+00,3.811238574897315434e-01,-8.306555283056282768e-02,-1.829681407806423632e+00,-7.640919590697345942e-01,3.039789146371351114e-01,7.722650174174614524e-01,9.925561626052118447e-01,3.243804430248260040e+00
9.029713370598862809e+00,-5.248804000661314584e-01,8.845032252726927613e-01,1.065483593785014893e+00,-3.252186812130343774e-01,-4.701774269487223323e-01,-4.195260045322384279e-01,1.707449940742157835e-01,-5.385977864461541920e-01,2.564933222126807022e-02,-4.151461553315912489e+00,5.157864490426317117e-01,-3.790364418971047811e-01,1.348420377048137331e+00,1.805787614800562269e+00,5.637713164927153908e-01,1.449857391119515171e+00,2.770262406667169497e+00,-2.946371415569534191e-01,-4.631171672738627620e-01,1.257147184429764142e+00,9.588329268485100698e-01,3.275688978843800392e-01,1.511167165688036107e+00,8.951491563402932394e-01,-9.521538285705510862e-01,-2.170075828371637705e+00,-1.764334841821879052e-01,1.541238980637824163e+00,-3.318302979787360663e+00,-2.689889946475026772e+00,4.396510951251521582e-01,3.609568637501469057e-01,-6.163692478231006522e-01,-1.524075619055363706e+00,1.690666644344425706e-01,-6.232521676016714807e+00,1.586007108808772603e+00,1.405825457656498800e+00,-1.789203568179624559e+00,-8.748964898352085129e-02,1.109505771889007786e+00,2.641111551685647374e+00,5.504789155704346015e-01,1.985958884654594359e+00,8.832873632000690645e-01,-6.143525723320024667e-01,-3.133605770594407147e+00,1.510388152981150256e-01,1.097357167458212768e-01,8.049268235566762186e-01,6.540498887182411014e-01,4.791954689618762586e+00,2.844015214650489343e-01,-5.326570532619217424e+00,-4.043961718223552104e-01,-4.450046091467996234e+00,1.323969088823619522e+00,-4.352723624349450482e-01,2.857172503879619185e-01,-6.196431799873460822e-01,5.272581943219367684e-01,-1.650683869652256330e+00,1.675712658970902380e+00,-1.555930837783768617e+00,-5.274071570133429532e-01,-1.864882909800087418e-01,3.207896938285564215e+00,3.161896116484490538e-01,-1.493524197405533771e+00,-1.107759835707119001e+00,-2.453759271921868823e+00,-2.415626989732061691e+00,7.202365635460070692e-01,-8.309672260472966698e-01,5.670417994172893827e-01,-1.035435167346742347e+00,-2.764587990425277919e-01,-5.164418422205370618e+00,-6.628604550310018162e+00,-2.034071406438542340e-01,5.041930770087021951e-01,-3.210823188134829476e+00,4.168621999238819598e-02,-5.647048102801113245e-01,7.834213230308952891e-01,-1.525765080108653082e+00,2.245699977372058731e-01,-1.283423703030139862e+00,-1.409864467903557461e+00,1.293356157738333678e+00,1.548016643438288042e-03,-1.088190267693661673e+00,-5.645238025330205911e-01,-1.272366014656721500e+00,7.468946159265650309e-01,3.178210715976748091e-02,1.025326514116952081e+00,-2.617903839086036522e-01,2.597041033029528379e+00
-9.097399933096253832e+00,3.453091402591398351e-01,-1.679319546770875693e+00,-1.215121581387756944e-02,6.864017558441418032e+00,1.153711360947662135e+00,-7.720177798977336803e-01,-4.445299282399242102e-01,-1.033414789541866163e+00,-6.257570280339004309e-01,-3.568410826415364223e+00,-2.654804816562314485e-01,-2.253832496402453867e+00,-2.429363605869216070e+00,7.881562342009403865e-01,1.420678182794859579e+00,3.631174458217624412e+00,-6.106253638548269969e+00,1.566860645222256432e+00,-6.403277836344448692e-01,1.726487813172119523e+00,-1.058702878039174067e+00,-2.628634192313569207e-01,-8.593314672399077203e-02,-4.357414504181264192e+00,4.013605307664407817e+00,8.132312044910261495e-01,7.154348012165960835e-01,-8.861801833032419973e-01,-1.123333099465977813e+00,-6.326446649910499431e+00,-6.451061540193958610e-02,2.473306283696989460e+00,-2.643805488133779136e-01,-2.996053131344851295e-01,1.429643462810593846e+00,8.795683291637455881e+00,-3.419598446479048093e+00,3.824131235942836327e+00,7.974318592508394810e-01,1.869375696540291898e-01,-1.395317903564119888e+00,3.811954984377261102e+00,7.409884255198728731e-01,3.065851366889020824e+00,4.501155093951450858e+00,-7.162468674109427891e-01,-2.640519692410399522e+00,2.080936429762395790e+00,5.521821446353860630e-01,-1.591626206023312395e+00,-2.743484112011533860e-01,-1.455244234966502681e+00,6.515870438635302797e-01,-2.673380282901690386e+00,2.783229170917803419e+00,2.311224056031084273e-01,5.127739751188018502e+00,-7.679471103230617324e-02,8.361140555483426162e-01,-3.470257313680835676e-02,1.657926104990943950e+00,-2.715411157912437368e-01,5.589299644650500554e+00,9.128253914961281801e-01,7.213007570387035550e+00,-4.135728044954709581e-01,-4.890892809193380764e+00,2.469929950578011457e+00,9.272840952185368302e-01,-2.011074017815381865e-01,2.524300602971552454e+00,-2.509284841103602837e+00,-1.247684773166461536e+00,2.455147695559225518e+00,5.092552500055418374e-01,2.160953642959150489e+00,1.021018369454523178e+00,4.876568116240762030e-01,-3.175777946472690960e+00,-2.689804272216186121e+00,3.138939064083903219e-01,1.056648530756410187e+00,-2.148381551254479049e-01,-4.856872103016161013e-01,-6.554435829900946420e-01,-9.671913631480923979e-01,5.040422583127626144e-01,4.543044153478157376e-01,-1.758872037125848387e+00,4.703124015263173696e-01,-4.752043225269916960e+00,-1.875628568596961143e+00,-3.063370566270280371e-01,1.981954967478079421e+00,4.060371868232018677e+00,-4.769786405969065335e-01,-9.234430362466250486e-01,-7.325108744421482410e-01,-2.407061039987913098e+00
5.048324958597748768e+00,-2.953962795450392198e-01,4.387998391662927822e-01,1.228901628166390592e-01,-2.425446191884244929e+00,6.077734845902148519e-01,-1.307969517908865287e+00,-1.775028751541674055e-02,-1.720526952516671093e-02,3.335725871820287569e-01,1.508755533193534504e+00,-6.159880181036281321e-02,4.008931703466155350e-01,8.717029204057072933e-01,-2.699327762388596397e-01,-1.357292477119929952e+00,4.839283662122968899e+00,2.419926186715840866e-01,1.407061605159541706e+00,-3.501676057609492965e-02,4.705884212394136068e-02,6.502637301168425754e-01,2.027784257982677418e-02,6.754601263857065163e-01,3.246064819620208541e-01,1.812313991089549381e+00,1.419368933690499324e+00,-7.239052197919534359e-01,-1.509317302064809185e+00,5.124014821461524427e-01,2.443329087421127754e-01,8.222356868709179700e-02,-1.540233861225621670e+00,3.387363230436588601e-01,-5.868900721184364677e-01,-4.545682792707249398e+00,-1.812648478441905464e+00,7.085216019323430814e+00,-1.346822250125481846e+00,-1.959418853008587647e-02,-6.329931492557445694e-01,-3.553596026571637090e-01,-1.221598719864004368e+00,-1.221489078693994923e+00,-1.127755899439352394e+00,-2.256639966008698650e+00,2.147859196765509626e+00,6.068975211186312890e+00,-5.418338388886760892e-01,5.121246284011851113e-01,-1.990634549078940108e-01,2.000966930248517794e-01,3.020615801493858221e+00,-1.247037048710785134e-01,5.228266496280645548e+00,3.442233774106018274e-01,7.627459165274093067e-01,-1.584181325617495473e+00,-6.933868762476126379e-01,2.672413104118600558e-01,-1.151565805308667478e+00,8.893084738872084616e-01,8.717709121186170140e-01,-3.809791233689853396e+00,-4.862439643656675692e+00,1.211966489697284266e-01,-5.321772251833797318e-01,-2.021765524373095424e+00,2.175502925306636914e+00,2.990850939105249573e+00,6.261313887219199792e-02,5.116832063042517476e+00,3.466923320337496506e+00,-1.162284598224050614e+00,-7.604457714894501397e-01,-3.982851526160488653e+00,2.108876055626506263e-01,-2.544235469984756914e-02,3.189736354713517574e+00,-1.299913657538942724e+00,1.594147806279470725e+00,1.605177296683160115e+00,-3.031683249177112849e+00,-1.877509613187053894e-01,-2.114983648765602631e-01,1.537450438338096026e-01,1.749054838287317892e+00,-2.671195766418439366e-01,1.725921581582375852e-01,-5.882492685732878535e-01,-7.081976368494653507e-01,1.792165317112837775e+00,1.411276186815264788e+00,-9.406986411632245471e-01,1.231344580015111490e+00,6.138153752429000853e-01,3.193553579201958703e-01,6.435040308392103725e-01,1.018851367008537956e+00,-2.481305765074299785e+00
1.727259493160198389e-01,5.711192896590797652e-01,-6.534014826193723646e-01,6.528433613574187167e-01,6.399944239149177427e+00,-3.031390498288951130e-01,-3.158634014258550060e-01,3.060718175491261572e-02,-1.195305933927320874e+00,-3.155003650375481916e-02,-5.416302960559188584e+00,1.190835429240520105e+00,-1.519826657121464697e+00,-7.517020296692200620e-01,1.061234438964945292e+00,-3.771345657349682301e-01,9.482795581226877157e-01,3.136494217854118638e+00,-7.673566137124282704e+00,-5.473572008693092794e-01,-1.437873578849632183e+00,4.062714464599664232e+00,-1.678836934223633115e+00,-1.444148641932682997e+00,-1.659295550958358678e+00,-1.824143948357721312e+00,3.306726135463365246e+00,1.863364025380711775e+00,4.257940021716591694e+00,-7.634823923436581117e-01,-7.658209095767639640e-01,-1.631581836168084720e+00,-2.612090094299450160e-01,-7.918183348231118135e-01,-1.379496385476672415e+00,-3.898130095438916420e+00,-2.045721829683004866e+00,-7.474305498192472363e+00,6.461609611826807376e-01,-2.840206062358262784e+00,7.619128042739443663e-01,-1.206538651219127622e+00,7.648380504370871913e-02,2.077833647397358874e+00,1.964016086778228365e+00,2.374231501490798202e+00,-8.746696688008461784e-01,-1.953943820422430644e+00,-2.442385474359785036e-01,3.738727608523517709e-02,1.155853937823963840e+00,5.118914562213846553e-01,-3.972484630875226408e+00,1.037196321144667976e+00,-6.818960346714042942e+00,-5.497475778755053222e-01,-3.266012210591108911e+00,4.905772766806306695e-01,9.030101965942467501e-01,-1.332014671827006946e+00,-1.209028604701039455e+00,-2.710074578635137676e+00,2.349578561890454775e+00,1.057035680719368642e+01,1.218412927229529652e-01,4.349941603782981225e+00,6.371936794079147148e-01,1.480001038259462387e+00,-2.225934878413222684e+00,-4.790482395871945798e+00,-1.735777663467969134e+00,6.598619657036948194e-01,-7.889188102560312998e+00,-5.562808367671150389e-01,7.042360542988352901e-01,2.867672359898724821e+00,-8.966305040228172984e-01,6.133203862994243138e-01,-6.033250243342065389e+00,-7.998350643209690247e+00,-4.600545561229720803e-01,8.755998729581921936e-01,-1.810013545246046629e+00,7.834542427010204868e-02,3.470278937587168988e-01,-1.360133726665410325e+00,-5.801398878319561359e-01,3.955625239889117850e-01,-1.083298209904464571e+00,-1.137005145887337143e+00,2.958584930919279543e+00,-2.736661788777494664e+00,-1.178287914093248956e+00,-2.901993239416034154e-03,7.039089864822911657e-02,-7.394744608118393181e-01,4.160362566748062596e-01,1.576645498951527724e-01,-7.871305516995241724e-01,7.025712403558509678e+00
4.328434939049128904e-01,6.742422835453697472e-01,-4.650826469997657031e-01,-1.347470896645404315e+00,-2.281068106205881296e+00,6.235941172905840046e-01,5.591768123731504225e-01,3.533046182845951400e-01,-2.588455628876396575e-01,-6.150256693856849255e-01,4.450544706939776773e+00,-3.618945215019119810e-01,-1.076114527580368962e+00,-9.197626906285907289e-01,-1.271259079001077819e+00,-2.160959426827615104e+00,-2.754113964746786047e-01,1.325384655795119659e+00,2.922915007051895664e+00,1.318255300694544996e+00,1.796226689393153886e-01,3.435487580960435938e+00,1.831813666570239474e-01,8.961861917318445503e-01,1.599134948187770133e+00,-1.697106538022479905e+00,-2.608130118784871776e+00,1.326556161953161561e-01,-6.807557583597366735e-01,3.037106190180648646e+00,3.035180743890978361e-01,-9.725138528426671147e-01,-1.646823070419208834e+00,7.667530088959253476e-01,-1.564113347603555138e+00,-5.139400505012815756e+00,1.042592553415021772e+00,-3.710727822282841593e-01,-2.447689913535060491e+00,-2.183639533673760180e+00,-5.149211430211090290e-01,-4.060368039220149106e-01,8.492044893946764095e-01,-4.142227586728706168e-01,-7.349329830374918826e-01,-3.391627253860486357e-01,-9.432803415911310552e-01,2.004433227199637457e+00,-7.746577529484456326e-01,-8.961837140532527002e-01,5.792973910008746286e-01,5.107195928338019719e-01,-3.618906795073525196e+00,2.658354933018116650e-01,-5.085946518366331048e+00,-4.596420299750714200e-03,-4.952894341194210348e+00,-1.730987898172759998e+00,-1.427076288608613019e-01,-1.323290372226169076e+00,1.027115547640644166e+00,-2.075878517479166518e+00,1.123307530591264314e+00,2.402362079559892116e+00,-2.305042663520024515e+00,1.653397117355393853e+00,1.764667664098595878e-01,2.522668369771235763e+00,-6.378145596817074159e-01,-4.871828424212393926e+00,4.605612753582422059e-02,4.805255275112793045e-01,3.672355202782913164e-01,-2.232483639971869493e+00,-7.998124119306846413e-01,-1.611422644242938462e+00,-1.018971450779316168e+00,-6.048942636762100200e-02,-3.260845320262355518e+00,1.847707512531315599e+00,9.448990838702382433e-01,1.128637921289961765e+00,-2.579856753963333471e+00,2.051223277196982941e-01,2.797616820491715117e-01,6.225596494332190645e-01,-1.208705692694282519e+00,2.483561882980491742e-01,2.597039841066286492e-01,4.718088422529033155e-01,2.153032157433352189e+00,1.355802359639216581e+00,6.693389328885404055e-01,-6.661920891021810842e-01,1.019075230225664486e+00,2.201670676458431508e-01,1.524815426368200111e+00,-7.237130255165479253e-01,-5.915345230143120858e-01,-5.077311748666316404e+00
4.025696236349189938e+00,1.072756297480078835e+00,-4.104238954146890439e-01,-1.058118843660779795e+00,2.559840068616996422e-01,1.005179688044244735e+00,1.757160639646537792e+00,-4.159870070235863193e-02,1.197203963305732977e+00,-5.635468458448367191e-02,6.323974110564877016e+00,-1.762295954210422622e+00,-2.368268767448480916e-01,-2.953456720099900679e-02,-1.972366958279320848e+00,5.365940121761028081e-01,4.290955337993384688e+00,5.163133967509580202e+00,4.677902079031228233e+00,-3.192146825779478281e-01,-4.912195676503086972e+00,2.650783201232891351e+00,8.315759776924396274e-01,-2.324705721573149475e+00,-1.204807501413936333e+00,2.960311815821033310e+00,3.339462751463897483e-01,1.645163074417289817e+00,-3.185620704923110225e+00,4.063258278846367588e+00,9.824945662701502158e+00,-7.090410301313054831e-02,-5.555330208637052625e-01,3.909978600134715876e-01,-1.002442215870171793e-01,-4.538643174928850499e+00,-8.653738589751620580e-01,4.981346622812568015e-01,-6.806702092013461325e-01,-5.320178238875592491e-01,-7.185632323352220130e-02,-1.201681604651160251e+00,-1.131092242217246202e+01,9.216751196353811793e-02,-4.941443074702764449e+00,-1.251192477092154975e+00,-2.770267164389687231e+00,3.237958179607844933e+00,-3.587284299036275215e-01,-1.171335311077070784e+00,6.815426423316705007e-01,-5.185912021666565508e-01,3.853583652511530122e+00,-1.148502811938804991e+00,6.787249003082088450e+00,-3.301860963259535264e-01,3.282797839953540020e+00,-3.046692257109330892e+00,8.166302806532366176e-01,1.326322746867458768e-01,-8.826407503717814684e-02,-1.795711096801529072e+00,3.854800084643269287e+00,-2.578422180692699683e+00,-2.917772910567493772e-01,-6.387375469349712453e+00,2.697273422268631204e-01,-5.429522937187996945e+00,-7.027339793436548021e+00,3.917882893042783365e-01,-3.421372901155490531e-01,3.527859244256069005e+00,-7.787574193882882412e-01,7.906730656106488730e-01,-1.740965436089176865e-01,-7.068548237337404672e+00,6.991571584550326790e-01,-3.991226289577294306e-01,4.939764277671288006e+00,1.452280640403733614e+01,2.534139443953359550e+00,-1.398287999329764997e+00,1.128722819789073029e+01,-1.014832755512660611e+00,1.717654100997764166e+00,-1.027395050399094067e+00,6.580111213293253769e+00,-2.238802174781050702e+00,2.633129793824942055e-01,2.714990297441669753e+00,-5.114314935175263699e-01,3.377182666373965247e+00,3.218969428078951811e+00,-1.225183161888251382e+00,6.528115581681648294e-01,2.394275933547803881e+00,-1.295775578417912577e-01,2.782868384165393394e-02,-6.728250735945646710e-01,-3.440511324365282508e+00
-8.409012169958556271e+00,7.475256671667481756e-01,-4.001482136515940313e-01,-3.171754625841516351e-02,-4.091581185930469822e+00,-7.868980178260056579e-01,5.717301755083377124e-01,-1.955983870319630835e-01,-2.005302732763610818e-01,-1.558341456870785402e-01,5.528948586860895631e+00,3.324935865691820425e-01,-7.704652840894797849e-01,-8.112622834868787880e-02,-9.167467497006211996e-01,-4.013392019315811243e-01,-3.432379768638834872e+00,-1.072324765002818925e-01,4.280659304645184626e+00,1.024572178080908502e+00,2.267021709649047256e+00,1.338658503324721583e+00,1.698837442116312157e-01,-1.063974179158330813e+00,-1.091335492790414197e+00,-1.175495152642276775e+00,3.457557850797720711e+00,1.235690559410442813e-01,1.078102728076920425e+00,1.478518659765491794e+00,3.577108335399738159e+00,2.011311273859549775e+00,1.628522429078385514e+00,-1.828599598274998073e-01,3.522300458324130190e-01,-4.653056142071443357e-02,8.378547270340048314e+00,-1.763410653503286740e-01,-3.507550842453895368e-01,1.151945294632206185e-02,6.356014621844563450e-02,1.171134491951477452e+00,6.418709636614500225e-01,4.696475049419890357e-01,-3.577581266935359494e+00,-9.694273932191515009e-01,-2.256890403428932768e+00,-4.848676577401791477e+00,-6.124664148305569711e-02,-1.842180157995132461e-02,5.089118165717776421e-01,-1.055984800363850784e+00,1.584948965370057472e+00,-1.337731413498102429e+00,-2.196132884889586134e-01,-8.553316058439506264e-01,-1.579580371892485458e+00,3.958428576259516163e-01,-1.895375481172629772e-01,-7.779214988714993062e-01,-5.529399908166396926e-01,-1.417122514519995935e+00,7.124845775355845845e-01,-1.264567944843394409e+00,6.627924593256714125e+00,1.360779621709741427e+00,1.346890445346597964e+00,-1.704214760203609069e+00,-1.133408720932702174e+00,1.567103311572853208e+00,-6.310367715933009602e-01,-1.206066104545116424e+00,-1.999228787847825206e+00,-9.504255203844551581e-01,1.885820011840487087e+00,4.167593789991418163e+00,-1.537900657486971578e+00,-5.394555352328440634e-01,3.362242797986831455e+00,6.193660794750526222e-01,2.228414534464856267e+00,6.544139279874749970e-02,3.425183258991275181e+00,-2.057422816618235117e-01,1.285588972787614415e+00,4.515917482636558900e-01,7.950131373903324139e-02,-9.020427217484128235e-02,1.174819406352498596e+00,1.394695895148654774e+00,1.091360065767541521e-01,6.600692463736496096e-02,3.801198177970546155e-01,4.260685040901465159e-01,-3.908093754050003810e-01,6.285470105023587273e+00,-7.026094447689545941e-02,1.680661831841136600e+00,-1.347559708799035416e+00,-3.095666343913243246e+00
3.233823943456519245e+00,-4.545147299177016431e-01,1.292793557159624740e+00,-1.451280223095889055e-01,-4.534999049965899309e-01,-4.672234854583294794e-01,-2.595888998226572042e-01,7.064889845125387202e-01,-4.751572977439115220e-01,8.738525433693439259e-01,6.024215750037783534e-01,1.308279638704256342e+00,3.157208144838026254e-01,1.671551480855135718e+00,1.783284968853771968e+00,-5.711723812247043952e+00,6.832553932569115140e+00,4.950455179262392313e+00,-6.124924236098645558e+00,-2.164651028022518187e+00,-1.750817543907986273e+00,5.248251752082483179e+00,3.398303913003601351e-01,2.524845655291315882e+00,1.777902460324495282e+00,4.020467613806457230e+00,1.282137271038569004e+01,9.032843791111351273e-01,-1.249167325725858868e+00,-5.741611795900109172e+00,5.973355650702697694e+00,8.291278014305358823e-01,-2.341630683457724516e+00,-1.166391049192213814e+00,4.694020640346485695e-02,-6.612442485007461457e+00,-4.321661057297907504e+00,3.388713939798611463e+00,7.708063067393533530e-02,-2.369219731134873719e+00,-4.152265557544292385e-01,-1.302674848407903596e+00,-8.428908625205806970e+00,-2.157057644229695148e-01,-4.135898197046163460e+00,6.003662919070062998e-01,-8.085517502272119295e-01,8.632902263205693316e+00,-2.619479807457332221e-01,5.146453576108208638e-01,1.031942872484290286e+00,1.138770903026284920e-01,-4.107964016453315104e+00,2.045280714938725097e+00,4.621447285135477756e+00,-1.204402241080888558e+00,3.081331491062496042e+00,-6.823578891838728566e-01,-7.858030280705232684e-01,1.192594001066892062e+00,-2.131455877925460207e+00,6.362701770213317065e-01,1.588456184310653718e+00,5.233484559820288373e-01,-4.268748085621728028e-01,-5.901666738402735923e+00,7.372135789367151304e-01,-3.534373390386498670e+00,1.619535232466613017e+00,-2.292091681209500020e+00,-2.239577917592834311e+00,5.356142718365935806e+00,-2.370083064291871988e+00,-1.580329207968271366e+00,4.437220180463485875e-02,-2.999563783194099109e+00,-1.791023224067136432e-01,6.078955999952215805e-01,2.483150591536496421e+00,2.929424550734343491e+00,1.085476827944109379e+00,6.276640702934850324e-01,4.652131732087960714e+00,-9.770090502833106427e-01,-1.194475254164037992e+00,4.017445335356155667e-01,3.297336785929896763e+00,-7.353810256021691139e-01,-1.721994951289884668e+00,-1.454020415684739387e+00,-2.872699631764077388e-01,1.844169412090062021e+00,2.235127782004777686e+00,-3.334732485935467672e-01,-6.316605929997876068e-02,-2.249311676780230140e+00,4.561602711638563790e-01,1.835041503129874130e+00,3.788424980303184419e-01,6.435042640993967389e+00
6.528955232540006870e-02,-1.280623105113461169e-01,-8.830479411318101213e-02,1.652326712063407477e-01,-8.545147276802517872e-03,1.016603570012171581e-01,-2.859737313214948395e-01,3.331497149762021603e-01,4.830666090925728878e-02,-2.727743861558321048e-01,-4.316439169379383128e-02,3.045429381481589148e-01,-3.939336922186751494e-02,1.371090696283397414e-01,-4.595488894051651396e-01,-4.060923652373892891e-03,-1.001050819774323836e-01,1.696233198970140688e-01,1.800288882638330923e-01,-1.341190750897614525e-01,-6.061158231830746784e-02,2.017962370708362846e-02,-1.133736673654474614e-01,-9.156234411596075873e-02,-1.103048850515262747e-01,1.384925612462377664e-01,1.927363990749368042e-03,1.695718800885465463e-02,1.036691239719154251e-01,-4.502101164664966404e-02,7.386880183863421545e-02,4.882012965095802043e-02,-3.212820861953423757e-01,2.988107394066461669e-02,-3.750146044975928572e-02,5.633352798005419187e-02,4.228070583406480509e-02,1.193122628596631207e-01,3.269442996720789418e-02,1.511349457592392198e-01,-3.246747932860389318e-01,8.175740492838509677e-02,1.543046482631012795e-01,-1.458491206254876604e-01,1.225721394889852794e-01,-1.908079675308521073e-01,-9.253356709628093174e-03,2.291501828711181576e-01,2.253278283997132703e-01,-1.540031114166396098e-01,2.384078848672780207e-02,1.368390582683667953e-03,-5.994697240026892332e-02,-1.318216309986529888e-01,-1.467289901493141757e-01,-1.536209930163429938e-01,-2.925997783244808637e-01,1.501302809690210627e-01,-3.433417734658558707e-02,3.358216821508279160e-01,2.363064908898165895e-01,-6.307863295451421326e-02,3.018947281053455667e-01,3.848918429840740563e-02,-3.185188669802617167e-01,-8.279396135221746278e-02,4.070662335172022805e-01,-5.874804755468265860e-02,-3.366975615100914476e-01,1.327007938162609313e-01,-8.699874863043974629e-03,5.996105365410690086e-02,1.449761096988324942e-02,-1.061245435486172506e-01,-2.766771434357112591e-01,2.863429808263082688e-01,3.154120415351296391e-01,-4.843482492257384364e-01,1.660887371927791678e-01,-2.909273088284295913e-02,-7.208310537390769102e-02,-1.303015566159696770e-01,2.582223288331240707e-01,2.349366839486463909e-01,-1.029756068095639410e-01,-3.562054363521769407e-01,-2.158336958649732240e-01,3.007930688041118295e-01,6.278004936282347882e-03,-2.524050322113847167e-01,-2.021490602272956946e-02,-2.591998601833214178e-01,7.548169002662592775e-02,1.218632970562154444e-01,1.160185347734990768e-01,2.320309403947364013e-01,8.418504925798722671e-02,4.382399591314834475e-01,-1.014580056704968564e-01,3.801650758308959197e-03
6.299901749936207551e+00,-2.581723521707326441e-01,-1.657828195444690511e-01,-5.348903482710056778e-01,8.704061855700556904e+00,4.654754256597324336e-01,-2.114935329691135291e+00,2.867005476650249518e-01,-8.256189060416118108e-01,2.901154285493560137e-01,-7.330726489733594420e+00,-1.164331441468768435e+00,4.228758222825157453e-02,1.711107063848506860e+00,1.213411217981406054e+00,-6.079545387420310920e-01,6.538713815596672418e+00,3.397336646613635658e+00,-1.856298791101834045e+00,3.963141395913780118e-01,1.067616257088030096e+00,4.111502351595467175e+00,-7.324883468937399833e-01,9.978804778885380644e-01,-2.264071522932567859e+00,2.378026663768526561e+00,3.244786700457958251e+00,2.849590527826765807e-01,-2.888915586493681076e-01,-2.020336702784701011e+00,-3.260939442905166352e+00,-9.691184084228543494e-01,-2.909595023882983966e+00,-5.806686478803455564e-01,-4.659370798761859334e-01,-3.150420430002780492e+00,-6.306032065921614027e+00,-2.430880420913506423e+00,1.760504345798416193e+00,-1.822192145768152027e+00,7.426711104279704045e-02,-4.609279464034572449e-01,-5.998710414822097547e+00,-3.795523871455004361e-01,3.703772617771541764e+00,9.063416872271481406e-01,6.424381615998069339e-01,8.004720816686183849e-01,5.419805579617973379e-01,1.503502463685884027e-01,1.773218478535660836e-01,1.267134983568995565e+00,2.802829189080672911e+00,1.903833938476148013e+00,-2.426472458737038096e+00,7.224594129106263196e-01,-1.810418727770296776e+00,3.626548419391655287e-01,1.037792258715891647e+00,-1.976193953165124029e-01,-4.654376478531632166e-01,7.130387953363115372e-02,1.408533189255255280e+00,4.468829510749486644e+00,-2.272053159482550377e+00,6.426266809531709256e+00,-5.785889244736592829e-01,1.075415945111990457e+00,7.931189950227561791e-01,-3.078553263239697912e+00,-1.219692108964015809e+00,4.442761149451422753e+00,-4.926342081936070372e-01,-8.962587645824766636e-01,2.212846867163543507e+00,-2.643441468048965959e+00,8.192803854527450635e-01,2.077001323800538035e+00,-4.943843019239587022e+00,-8.211914265517091138e+00,-1.297457234367229928e+00,1.126936656970227935e+00,-1.900898464896699558e+00,5.008717186491340456e-01,-4.101418681180963866e-01,-9.700098273535355808e-01,2.789649922301981055e-01,-1.712383938247992177e-01,-9.541951769926995119e-01,-1.828162960940257875e+00,1.051719675788406860e+00,-7.319835397063205740e-01,1.095862827895444314e+00,-1.864696925430458174e+00,-7.420205209743540031e-01,-9.597765740109689414e-01,-3.524831735894633500e-01,2.299748396191680033e+00,8.962736727568449968e-01,6.511652746368261191e+00
-3.179570555995813841e+00,6.635699323407289185e-01,-7.918360635009467074e-01,-1.405930608853130703e+00,2.505204228222013274e+00,-4.713347547538832005e-02,7.716919947448250827e-01,-5.530486828706524527e-01,2.022810912809400730e-01,-5.177606261998874970e-01,1.549276873188996539e+00,1.772330352862538372e-01,-2.036847125240726086e+00,-1.784109121307422496e+00,-5.050368720346810614e-01,1.867029205061017105e+00,-1.512175142749977663e+00,2.049693792351068300e-01,-2.337426075039988893e-02,2.355848735428702212e-01,2.572332666901242071e+00,1.013577843141290291e+00,-5.627212791074960307e-01,-1.465286206169369443e-03,-4.064390986907461256e-01,-2.696405463487701493e+00,-3.008591542302468724e+00,1.523018464538790973e+00,2.965209155440372779e+00,2.868192309577436205e+00,2.977055346706733996e-01,-7.797260962785010907e-01,-3.585090910146004894e-02,-2.470903258215861875e-02,-2.168644248877300562e+00,4.213416469062064351e+00,5.571556294316263092e+00,-4.768757079195887982e+00,9.047035909462175507e-01,-2.644584391376143540e-01,3.691857279841663786e-01,9.794069562961312814e-01,4.723514777922650509e-01,7.881294229765024584e-01,3.740048777166748550e+00,3.053866892781985420e+00,-1.816264189451063604e+00,-8.954579261453639916e+00,7.437536604892227565e-01,-5.312185028642373297e-01,1.936218584891805095e-01,-5.549867480662885877e-02,-3.561980774895884494e+00,5.208417060741590277e-01,-1.072346946615307939e+00,3.028839051631134760e-01,-2.480479882596196006e+00,2.226071937200141626e+00,1.270901341754140157e+00,-1.256314463653673830e+00,8.104655703783992804e-01,-1.099630062355492210e+00,4.139241852051788739e-01,5.235272690823417285e+00,8.105406957551106739e-01,3.859270323873150499e+00,4.794497287475381064e-01,1.980973778711602851e+00,-1.996011138133573892e+00,-2.937068544022426675e+00,-1.450458917080182930e-01,-4.869898280242408006e+00,-1.655660171247841372e+00,-1.243935216552626288e+00,8.244209293163562435e-01,2.860973651727539924e+00,-5.221738891280085504e-01,2.177787837018030359e-01,-3.262842886081555704e+00,-6.330528275128661786e-01,-1.271320235380477337e+00,-9.700594127313282300e-01,2.125762212209437063e+00,-3.042739006616983488e-01,7.664986258380273032e-01,5.425043759192147430e-01,-3.862946179095931853e+00,5.114183793228841424e-01,1.034897334264783808e-02,9.196490586897758668e-01,3.496427847807503930e-01,-6.857110580079743833e-01,-1.580815723803627115e+00,1.837226969250886910e-01,-1.029408170184571869e+00,2.287615421428111251e+00,-8.378176903016842925e-01,2.909700330171298699e-01,-8.053520284495332415e-01,2.532551720938013951e+00
7.479574216438420464e+00,3.266895909144726384e-01,4.325871665387219234e-01,1.516842710347828804e+00,4.019907134117723380e-01,-2.642100692369913628e-01,-7.013752159832939981e-01,-4.548930135473552849e-01,8.763409266823407595e-01,-4.030942586754782675e-01,1.966717238841562576e+00,9.127638839927840753e-01,-3.858982207085849270e-01,3.652607887884477211e+00,5.745302479827636422e-01,2.120337366640619781e+00,4.170638755818093735e+00,8.789312262107474183e+00,2.304910113208840983e+00,-3.056113153590299669e-01,6.934474971737463189e-01,1.556513768151255306e+00,5.630398696997140906e-01,-5.561040826168689444e-01,5.373963647292384627e-01,-1.236831059420464562e+00,4.540536751150988870e+00,-1.392185539775026459e+00,7.151561273661463103e-01,-1.411389376056290335e+00,4.281958544136212907e+00,8.449488360235126727e-01,-9.524470595988869803e-01,-5.782666614304510233e-02,-6.827894607203921495e-01,-1.442283231711550151e+00,-9.874502511788991299e+00,1.048142433816803276e+00,1.019488145503985033e-01,2.228855229970534424e-01,-5.274469630074509752e-01,1.596052093340874389e+00,-1.080965900068593299e+01,9.349560356273460826e-01,1.926672740858975885e+00,-3.208976617074803528e+00,1.568610860768626658e-01,-4.155641798154001698e+00,4.284443799183914603e-01,-3.255981066533253365e-01,2.643800967312301964e+00,-2.002684994951526409e+00,8.159297334911119748e+00,-1.118066953756357673e+00,2.417833981324826187e+00,-1.962278155227723087e+00,-4.353771771037199256e-01,-1.463292403011557052e+00,-1.340475007167945876e+00,-8.628439400157577044e-01,-1.092644091385219340e+00,-1.228569996154524446e+00,2.122574388617239016e+00,-2.457982891187707075e+00,1.249858972055880590e+00,-2.954160787103712882e-01,5.376355799393188750e-01,4.846810053783445760e+00,-4.401274161740990287e+00,2.193218176691759336e+00,-1.472618762902405454e+00,-2.459249518347010333e-01,-1.396812973726222928e+00,-2.191192524748924453e-01,6.618960798221253938e-01,9.617883165168061854e-02,-3.435891973267899413e+00,6.512665010825997580e-01,-2.982013732682093909e+00,-2.529968624672471300e+00,3.271544752699729663e+00,-1.853013897611388572e-01,4.206229720658788196e+00,-7.859054780726202338e-01,1.488671816406189841e+00,-1.410056955765917053e-01,6.329148103377144174e+00,-9.477423441586223518e-01,-5.235406382416895044e-01,1.389716569608595798e+00,9.369083286939954291e-01,3.025136329856777273e+00,2.036364488115249394e+00,5.612631356956314654e-01,-2.657198194183433060e+00,-2.518195007223041681e+00,-3.984080358560015966e-01,1.758512291945534489e+00,3.192684666507314972e-01,3.537859996228691184e+00
-4.484887606225018253e+00,-6.998648717707705025e-01,4.680943575202458629e-01,1.638414085266609810e+00,-1.685618238189481088e+00,-5.649136993944816609e-01,3.505267969129780004e-01,-1.185936244234181147e-01,-1.074920756015176893e-01,1.202884616140234286e-01,3.910394138314848611e+00,-3.196085236937719065e-01,-3.389067101470725207e-01,-1.668459096550534815e+00,-6.913937382475804361e-01,-9.794648118419784222e-01,-1.693337396236060721e+00,3.484745626553178433e+00,-3.877488917962469417e-01,-4.853336072961856873e-01,-2.869569707218995180e-01,-1.014884659956791779e-01,1.560868171838076801e-01,2.611075252709945893e+00,3.764148400615043855e+00,-9.073490651155250442e-01,9.424451304260671236e+00,-1.466832734279094885e-01,-8.328274435629257066e-01,-4.452287397800455682e-01,-5.440885081954899505e+00,1.491170395491590472e+00,1.026481272911148990e+00,-1.332885443356279787e-01,1.835192493530533042e-01,-3.198508518138420076e+00,4.569510612791810589e-01,4.121444397535101167e+00,1.697574775135298975e+00,-7.187914165366779962e-01,5.530858242030356475e-01,2.520130837899763776e+00,-2.471723870707771553e+00,1.754427178618720662e+00,-2.527967565317299936e+00,-2.269770290986716788e-01,1.069808792069631753e+00,-7.402027175450607288e-01,2.971014811287382429e-01,-1.109937684047753059e+00,-4.919579383783332371e-01,8.360460491028971486e-01,-4.920494829078110754e+00,-7.083068217512420439e-01,-3.960918297780191999e+00,3.266667272285599388e-01,-2.881058790509152701e+00,2.729642557125389946e+00,4.202031005854716117e-01,-2.205062861228377358e-01,1.321656730657622791e+00,2.939950314649653063e-01,-2.232801417904948238e+00,7.754791149425690477e-01,3.475698687833138845e+00,-2.877335423787751978e+00,-4.797557419681486301e-01,2.226908816351695908e-01,2.836930911719931281e+00,4.102381661272540558e-01,-2.911699279080814939e-01,6.710965106550422776e-01,1.740362201982938117e+00,1.875023192807022010e+00,-1.290122824018282266e+00,5.861531930385159406e+00,-1.900017396789664526e+00,-8.362576809115249699e-01,5.443367905216333291e+00,-4.428624922624604388e+00,5.326307036137951645e-01,-5.899978559077223572e-01,-2.806179863265796826e+00,7.881593427507431748e-01,3.802995212676768544e-01,-1.063055643602572431e+00,-6.106152070641636120e-01,4.527409806562854300e-01,-3.691422521083538300e-01,-8.958551890992374478e-01,1.888203525682767836e+00,2.866478031564288376e+00,-2.336713381170778092e+00,-8.265125942594986341e-02,-1.536806971488987372e+00,-2.055711846087932226e+00,8.062554465296836170e-01,2.568281644574443856e-02,-1.070845853807894876e+00,1.020906744839153113e+00
9.262442265617190529e+00,8.143010608433248754e-01,-4.576202596328750039e-01,7.976049086210417194e-01,3.914691209658269777e+00,1.254068884605313849e-01,5.075373101882537652e-01,-6.165191945042046706e-01,-3.371740903701782588e-01,2.561266410689067019e-01,1.263933655439619130e+01,1.713524573257691586e+00,5.977586059891759618e-01,9.592074421973915133e-01,1.487923134359810384e-01,1.058690043594677110e+00,4.723713371105619174e+00,6.683252271119685117e-01,-6.115419415889699728e+00,-1.933698934760121446e+00,4.254977306089840816e+00,-1.038722463625170400e+00,-1.931478539347537549e+00,2.941559016543219496e+00,1.654360921662660910e+00,-4.940661160552376474e-01,-8.190381915784238132e+00,1.250507033792199740e+00,1.806289918909987691e+00,7.969853929038970719e+00,-3.526105083251040995e+00,-4.731753837516288197e-01,-2.504811236505450900e+00,4.634692169150580465e-01,-2.588559631708662323e+00,-5.422061153159157598e+00,-3.669602488024173770e+00,1.453391283198016470e+00,-1.048359709906094395e+00,-1.648783210738744121e+00,-1.155398012034165589e+00,3.315160221249691119e+00,-1.646477138591739164e+00,5.282216131917305546e-02,4.906989457561225620e+00,-1.698858381955876684e-01,1.343112786599573338e+00,4.944883197205092173e+00,3.325029001805406281e-01,1.471310762286597296e-01,-5.472276927735246765e-01,-7.227165943574753726e-03,2.395324871328805116e+00,-2.216361385595917000e+00,3.557494508362691654e+00,1.772803795933137749e-01,1.738015918298942530e+00,-9.241933269241719984e-03,-7.453706438946083868e-01,1.369760008091764902e-01,-1.277009008034506010e+00,6.391211382141079866e-01,4.988178360877713047e-01,-4.109942011803835449e+00,-1.185827085888062982e+01,4.547486912270180426e+00,-1.540825053586880600e-02,-5.053966568700145601e+00,1.856032820577588893e+00,6.479763845665170940e+00,1.939061100833025186e+00,6.205154992941500858e+00,4.871495544296114977e-01,-3.062525207610280908e+00,-1.478547728137308503e+00,-2.767745172030755541e-02,-2.317766552443225159e+00,1.053300390699067890e-01,-3.488776264457246867e+00,-1.095941971226469036e+01,1.624487653232045581e+00,9.483183865846132043e-01,-3.245065070933382145e+00,-7.831357812595611811e-01,-6.091190157015724527e-01,1.244385500789053411e+00,4.512586247439626774e+00,-1.355392424904402482e-01,7.505465427736126571e-01,-4.724288837194845492e-01,2.716232312676125638e-01,-5.387202590689891268e-01,-1.124244756600667250e+00,-7.886962304282585379e-01,1.997805223668648100e+00,-5.409892969925010675e+00,4.337405117730002146e-01,5.478673974427374915e-01,1.794934696080689562e+00,-1.539341342346492336e+00
6.853371701579830777e+00,-7.698111480547403795e-02,7.031039028723148343e-01,-1.493700486053923582e+00,2.416655279135484946e+00,1.350588120430166739e-01,9.728961855413967852e-01,2.858692109885475618e-01,5.586723836512541563e-01,4.929067563890562886e-01,-2.587914900707430910e+00,-9.477730225816763943e-01,1.084753912538191645e-02,3.241288456239665439e-01,1.135186657915629449e-02,3.826996630722780512e+00,6.485927283505511509e-01,2.604952762105564812e+00,-7.458129952802067253e-01,-1.122895699641920791e-01,-1.633971076448854864e+00,8.774198480865285088e-01,8.232219282656525472e-01,-7.157499800604525397e-01,1.027362951470288888e+00,1.987885413173084315e+00,1.269862820512114521e+00,2.053482736920478668e+00,1.865770530970393137e-01,-1.131687290023916992e+00,3.112732276559528444e+00,-5.284080829160352488e-01,-7.656733299800089210e-01,-1.202402404582358919e-01,-6.546852855911002855e-01,5.790723640171519193e+00,-1.188351661095110590e+00,1.019534671472039911e+00,6.931888611917239595e-01,-2.336068585677317344e+00,2.943636075074664848e-01,-2.979453434286871705e-02,-4.779305938516559493e+00,1.398326714338296028e-01,2.855385594629351154e+00,1.119268448580315045e+00,-9.373678031394416799e-01,-8.166534213220156602e+00,1.614243152471070974e-01,-4.708895008114895031e-01,-1.051736048974114546e-01,-3.711437372986182703e-01,1.533781018854753153e+00,-1.983433579212720566e-01,2.671144066694428609e+00,6.037080273304074041e-03,1.234902887283691353e+00,-5.205564587225954831e-01,1.078679819660290917e+00,2.006947484443051266e-01,5.427834899888251963e-01,1.318362961652950638e+00,-1.181073652240794081e+00,1.193989887532657779e+00,-1.544246445346875163e+00,-2.320052161444303263e+00,-6.030144345518491100e-01,3.171514239881355834e+00,-1.395298784515477397e+00,-1.279949239575324249e+00,1.703895317483483662e-01,-2.657731487751412214e+00,-2.373168093715795068e-01,2.557754421260981736e+00,-7.804196344636320504e-01,-7.547072166210193611e-01,-2.488632222379332237e-01,-4.068289483412736995e-01,-1.600847351536677898e+00,4.318738988885440833e+00,-2.890277860215325623e-01,-1.134791235974323742e+00,6.106762349535478585e+00,1.117759355722700576e-01,-1.945650915859935548e-01,2.286656666041746444e-01,-2.881076365077571921e+00,-1.991325428981332024e-01,-1.120006446369042674e+00,6.916394815083501957e-01,-1.150025257863177552e-01,1.856928175255805780e+00,1.063708456952471293e+00,-4.708843806175317948e-01,-1.249816011625639156e+00,1.041767371269988196e+00,-1.116122073963202510e+00,-4.271722406761679913e-01,-5.439630311925403028e-01,9.616319117544543715e+00
1.647997719354723500e+00,4.254157350528744441e-01,-1.231593630303037479e+00,-2.314273200282941811e+00,-7.512304762471085917e-01,8.930447392718776634e-01,1.468759873070984767e+00,-4.399088092797570626e-01,9.026965130554776007e-01,-7.702226942864894843e-01,-3.958046386920438753e+00,7.550270719333335157e-02,-1.350218752267784872e+00,8.246777221698736726e-02,-1.025907668913034199e+00,7.255032635961469190e-01,-2.834774722907869915e+00,-2.894043970064556159e+00,8.136932959087957329e+00,9.201337164813789826e-01,-3.094367233400503014e+00,-4.266810815943914648e+00,1.665557119444684986e+00,-5.715340484811230581e+00,-3.137271143290541353e+00,-1.853626786706470853e+00,-1.502142524318846917e+01,4.065343785332558579e-01,-3.354698044043528782e+00,8.097455901352411445e+00,4.306680198975091578e+00,-3.632580338437869205e+00,1.661582776392818595e+00,1.738906588980367651e+00,1.964959483564667764e-01,1.097994114408246702e+01,5.497467959008671023e+00,-6.525106255424325319e+00,-1.212101856541924594e+00,2.553469109088890576e-01,8.848113602916187759e-01,-7.753239694826429051e+00,4.023090552703931344e+00,-1.083879847396599150e+00,4.774937948553372280e+00,2.681046655523438460e+00,-1.870071051712090870e+00,-5.144542040863391286e+00,2.255604248631533082e-01,-1.234217938727375508e+00,-2.309566566072676075e-01,-1.444412797649266000e+00,5.292967394711437512e-01,1.736600536752312074e+00,8.365842238573367950e+00,8.724521807285787744e-01,-3.381004674199101778e-01,-1.846096185277887436e+00,-7.311874829618090210e-01,1.785953585964404233e+00,8.192770380390657081e-02,9.732881609950876367e-01,1.726815341477960342e+00,2.898816027775334092e+00,-4.057537750039705848e+00,7.217408003159841989e-02,-4.052611548424183141e-01,3.857697068620193903e+00,-8.984437509618979689e+00,-5.293639287707766705e+00,1.366881943627194396e+00,-8.154218648792062041e+00,6.706667965505440643e-01,-2.888726186451284761e-02,-1.441901880810317671e+00,-8.987964173234757936e+00,5.776768762914615607e+00,2.425889878830425062e-01,-5.521940091492655966e+00,1.303558985666334458e+01,-8.424740096735652273e-01,-1.128340873892980767e+00,6.682335157912597801e+00,-1.601250589982162742e+00,4.506940263570946570e-02,1.755928413334840066e+00,-2.938725249109984894e+00,-5.016771760443017314e-02,-6.191209545026843397e-01,2.816008334917986300e+00,-1.250637454164168494e+00,-1.699822953152325233e+00,1.566533843002491544e+00,-8.133652041451355785e-01,5.824440253764642250e-01,4.305669555221097511e+00,-7.302040577634434371e-01,-3.224578050419465214e+00,-5.521208122127587714e-01,-3.051515439341041080e+00
-4.214459665510553732e-01,6.818413765589982356e-01,-1.050295908402441303e-01,-8.403697120685033051e-03,-3.169476953973202615e+00,8.901940228776705766e-02,3.041490736827469621e-01,-2.350258624273501296e-01,9.022916473681534821e-01,-4.260414211107300675e-01,1.307666071784237882e+00,1.804543369621889992e+00,1.345447340429916372e-01,-1.411409151387746697e+00,-1.112474924525683750e+00,-1.717852848795572984e-02,1.417134218461669093e+00,-3.945168853348440807e-01,-6.276791318178568391e-01,-9.409161582561106907e-02,1.115217283866237086e+00,-4.435236365150695415e-01,-6.686232782380576722e-01,-1.580486498635003567e+00,2.371929829323926597e-02,-1.569495851555782195e+00,2.166171543446121506e-01,-6.802303945924544903e-01,-2.647205884509842289e-01,-3.622755388197353432e-01,9.628929470847436001e-02,-6.178437584058025234e-01,1.855520473887300348e+00,1.263040214439112296e-01,-1.142338958447120856e+00,-1.579631276116095995e+00,-4.586809857811713353e-01,-8.279375318317683252e-02,-2.185934431550165424e+00,4.220349396767408834e-02,-6.280746874674665303e-01,1.633530649886046016e+00,9.282011249291021171e-01,8.164541671561216241e-01,-2.398513779860497852e+00,-4.158161580083765685e-01,-2.366171054344807789e-01,1.225088563942258624e+00,-6.478070182305196711e-01,-1.643364016529180738e-01,4.008887027789730939e-01,-1.039985578022428303e+00,4.891761130627049203e-01,-4.956921695694984642e-01,3.632849660694427163e-01,-5.203035000027849133e-01,5.692623256901331308e-01,-9.337805139077186567e-01,-7.194575386930466276e-01,3.633375076035589846e-01,-5.772682704789168229e-01,-5.119947100944010066e-01,2.388750506540396890e-01,2.363505420247144606e+00,1.200637281471354789e-01,-7.913031791869443721e-01,1.180622582161675815e+00,-1.981454388594574345e+00,-2.073482269577563653e+00,-5.944460545766589998e-01,5.727907105359153483e-02,7.535653020058041829e-02,-1.886789227139825442e+00,-1.416946173419549870e+00,3.577724831816478712e+00,-1.255058428445438468e+00,-6.691409353944950400e-01,-3.246081065924559805e-01,6.831998528694445127e-01,7.462830882934406995e-02,1.590263832195313309e+00,-6.592612561997653886e-01,-9.419967685620733722e-02,-1.031629166093960492e+00,6.710121835530247214e-02,1.814961037783743958e+00,1.877924457099196642e+00,-4.100949472947936769e-01,-5.221829279225776999e-01,1.418532847249950990e+00,-1.512022505246854109e+00,-1.734075180996923926e+00,-1.272269283064668244e+00,1.270469413541530423e+00,1.976293418252529577e+00,3.123707986364475664e-01,-3.437630470797606863e-01,-2.066121460058152337e-01,5.484415254829323461e-01,-1.420800237401365518e+00
3.538520230680946010e-01,-8.172117463261818759e-02,-8.544598330064243075e-02,3.459105266941750467e-01,-1.897992428241542795e-01,-2.599400053747827344e-02,-3.965852200250650772e-01,1.179055173092473097e-01,-7.357567722981300795e-02,-4.279687846993746048e-01,1.662269078066659356e-01,-2.105599332686102776e-01,2.058384455132455937e-02,2.993583980829124247e-01,2.539037581013854350e-01,-4.922574176457593098e-01,-2.092239363037470823e-01,1.018315437869495299e-01,2.372560578810210263e-01,-3.429742730883278412e-02,3.945959679647180474e-02,1.529549685749465038e-01,1.959709637728462850e-01,-4.253727750303261113e-01,-5.385390008291301989e-02,3.460250313553402401e-01,1.012173462648464639e-01,3.417651264501967989e-01,-5.037913043743657004e-01,-1.733143377768533999e-01,1.750847641264482168e-01,1.064990570206359732e-01,-3.713302456062102519e-01,4.880243251827377504e-01,3.746169238196090934e-01,2.192963700467194521e-02,2.300507562254946459e-01,1.375528772412155931e-01,2.065255096388573797e-01,2.202369628185111283e-01,-3.580219068238958968e-01,-1.711366119776830397e-02,1.858977194870314320e-01,-2.666410351841252968e-01,1.108379858943457780e-01,2.851137839319963785e-01,1.247155814286339259e-01,-2.252699173380249276e-01,3.384746463602528177e-01,-3.953546769967716257e-01,1.811297296464052797e-01,2.680016371481845627e-03,-3.196761243892228821e-01,-2.607961984423881052e-01,-2.985205287234323213e-01,6.929903666480141666e-02,-7.100692779624988293e-02,3.678191792495043300e-02,1.635121578829377975e-01,-1.336263457072648930e-01,5.486187630989352026e-01,-1.666691879068410709e-01,-1.162083262629575453e-01,-2.886799698176031881e-02,-2.053303818449119800e-01,-6.184693433883931002e-02,-6.704627129972189070e-02,-1.682535276197522633e-01,-2.461561360980127344e-01,-5.799473685842659876e-02,-7.149073491752097609e-02,-5.250814729382109747e-02,-4.383854717912843979e-01,-3.937705458107458867e-01,-1.111562878802041521e-01,-1.989267611272313441e-02,-3.672062974378503264e-01,1.113728168838872268e-01,-1.038213120356161617e-01,-2.616701388267467787e-01,-2.877850157403775144e-01,1.314237502486169940e-01,5.663797639354712504e-02,-2.488785422738298836e-02,3.580826758518568798e-01,-1.036191945553945615e-01,1.751362910165789044e-01,4.777666626082049950e-02,4.724370774456404520e-02,-1.846918395656076961e-01,-1.609142488750823774e-01,-5.930984335595398949e-02,-4.111171297583962048e-01,1.957326542901302591e-01,2.419065341203801289e-01,1.226553915435999592e-02,2.259810832146399995e-02,-1.233665300304958301e-01,1.436286699459765615e-02,-5.440084401141935533e-02
-3.519487851935322542e+00,2.260144873066917803e+00,-2.816092536222245091e+00,-9.331287422626221018e-01,9.402884534195575128e+00,2.407548523418081121e+00,7.429358226439405355e-01,-7.633896061834342106e-01,-8.436575901647983544e-01,5.207241497646383777e-02,4.259634379369085622e+00,-1.376892512309894734e+00,-2.239338090681129323e+00,-3.926778499038313441e+00,-1.911644250687049462e+00,3.321039922843733727e-01,6.498128787760622416e+00,-2.108758126827914747e+00,5.071457594024506577e+00,1.100049693414299368e+00,-4.870244094972730586e+00,3.647850827742847191e+00,5.780910336393030313e-01,-5.240709392092916197e+00,-5.966116406349098789e+00,8.372462107046864332e+00,-3.350021325221502089e+00,9.115012973549714292e-01,-3.337505931254219238e+00,4.151938537929933837e+00,4.315728704294611084e+00,3.037385948586575068e-01,9.375073721533961901e-01,2.972483712035460801e-01,-3.149885650420163330e-01,-8.836171618587716381e+00,5.411792322008147416e+00,-1.991436805832189183e+00,1.602888797754546957e+00,-8.801529746504810348e-01,4.420772141429551993e-03,-3.440395076100073002e+00,-5.763361678030756607e+00,-6.597490271077255386e-03,-6.518421688069047093e+00,2.229936451400665653e+00,-2.486088046098258175e+00,7.135992009169129346e+00,1.038725372927626012e+00,-5.735149422487654247e-01,-5.365740894819122087e-01,-2.162883183073238680e-02,4.957390313380576785e+00,9.931428305967178183e-01,4.177056742543128642e+00,1.877204816327354031e+00,5.475749243847996439e+00,-2.468175311641543246e+00,5.736827054240256629e-02,-5.518308422334529117e-01,-1.011056961370325746e+00,-2.607011038666867897e+00,3.926484557202250425e+00,9.674025391910345828e-01,9.920243323544815084e-01,-4.338088561636419982e+00,8.659052162557934196e-01,-1.238693631332069778e+01,-6.368294440584832294e+00,8.954512230122935179e-01,-6.062386066286649111e-01,8.642911931917618418e+00,-2.472878105357332323e+00,-2.476492757879032336e+00,5.370619745579737980e+00,-7.937575931446275490e+00,2.970168306707257067e+00,7.817995136494060304e-01,6.472594382073681096e+00,1.102519257164814270e+01,-1.058015262023983549e+00,-8.991742596648985009e-01,1.299769967363158862e+01,-3.417244957573954967e-01,2.297403111574887191e+00,-2.265036630078641089e+00,1.060408937765756221e+01,-4.085626061858098623e-01,2.148372119066041641e+00,2.471188743944352950e+00,-3.768318951970970332e-01,-2.577390877013914228e+00,9.775253953541931384e-01,4.121882690608593691e-01,5.010211958768779894e+00,4.750483046216371186e+00,-7.296093685473965529e-01,6.601135621061473557e-01,-2.334039460146140499e+00,-1.078027174321512760e+01
4.533141761849631024e+00,2.469006614820138390e-01,-1.027218622077798793e+00,-1.700574749815052522e+00,1.600034067504935820e+01,2.808986119381087776e-01,-2.729940398988482952e-01,-4.381367050464846091e-02,8.208308523508434096e-02,-1.103422226445248677e+00,-2.515592837610394206e+00,-1.564970463669771883e+00,-1.261740082239111160e+00,-6.996064361972280654e-01,1.567901247271780596e+00,2.722067461383345321e+00,-2.581666865093283914e+00,3.136219014478750289e+00,2.621955744608743810e-01,-3.620518468836968484e-01,2.608058523806734197e+00,-4.709834193101347100e-01,-5.345227424000127403e-01,-1.057778190805791052e+00,-4.159758946857043505e+00,-7.850305320313529789e-01,-7.403110624273074869e+00,2.063355504273487906e+00,2.076680804253001611e+00,2.906066738952594264e+00,-2.106301581758617258e-01,-3.672517480389903888e+00,9.127679282275917849e-01,-6.145049775616929777e-01,-4.454338450230916346e-01,7.531607312063504978e+00,2.283263154419636454e+00,-7.981940937180066697e+00,2.750199828012328318e+00,-1.358789230240906809e+00,1.121866747208510873e+00,3.187646889330444377e-01,-9.955822981085828971e+00,4.935749898106860378e-01,9.089663389676438499e+00,4.707096952972444903e+00,-2.947837612398283014e+00,-1.362365318518693869e+01,1.029862443114680115e+00,-6.491861297041314760e-01,-6.587532419110004867e-01,-3.743602933561892554e-01,4.491784908563707823e+00,1.938540430546513260e+00,-1.727521714111522666e+00,1.040579684451033327e+00,-2.460537365930984821e-01,2.539605565608244131e+00,3.280176168976218776e+00,1.138215372883556897e+00,2.467620049771160673e+00,2.287960852865129624e-01,1.919016746988734257e+00,9.829439183337136399e+00,-1.283075495218809925e+00,9.798425971295221970e+00,-2.198992433174555838e-01,1.097602700535391440e+00,-3.317338593530189783e+00,-7.324940971113907295e+00,1.074163710662032756e-01,-1.473821028136771405e+00,-7.561294086567338368e-02,2.131408151010845131e+00,2.423288185994878052e+00,-9.533294385380894909e-01,3.070771727717375388e+00,2.105090420531028794e+00,-7.583152994641897848e+00,1.937599759129937427e+00,-2.854937958049721392e+00,-2.323229970402161726e+00,1.132762915868762477e+01,-5.118062973777579572e-01,9.472403977676702169e-02,-1.312066164122235534e+00,-1.188457620995923447e+00,-1.029244170064256281e-01,-1.522873735728591527e+00,1.923359647557454366e-02,4.679117421952739830e-01,-4.490491926549889712e+00,-2.044395136802571677e+00,1.323993914383279069e-01,-3.066974575631142841e-02,1.444802402910885686e+00,-5.158778716266185782e-01,1.140671128073763807e+00,-3.125614987143787715e-02,1.216419937633555648e+01
3.483619972652769903e+00,-4.506645269057927838e-01,2.327699115452235290e-01,-1.706183830911530919e+00,-2.628930064575472958e+00,9.673249271817416783e-01,2.467167674218066598e+00,7.674507259427899575e-01,1.298111140588067203e+00,-1.290233668672195355e+00,-2.172958423182567156e+00,-1.899249904779692688e+00,2.286408758948764497e+00,4.442076238820115708e-01,-9.848967407972130106e-01,3.304974704389285201e+00,-1.195363268981452798e+01,-3.227102769846799113e+00,-2.731924268400998113e-01,-3.714898348016364982e-01,1.854822226641691385e+00,-4.413074188343593995e+00,3.277779046445647992e-01,8.917154367458093311e-01,7.425868422339069186e-01,-1.901337086427659084e+00,-5.865495873059786369e+00,2.974278955621691534e+00,2.610827402249136231e+00,2.891771164616878664e-01,1.904771285162923711e+00,-4.229410715560695255e-01,3.748829320154172251e-01,-4.545239374347870287e-01,4.155927750582888436e-01,1.412452217517236441e+01,2.860882080950262640e+00,1.335025133459929680e+00,7.839451225441884663e-01,4.858838831495289057e-01,7.046320298017727524e-01,9.759561762228476933e-01,2.557182596540115149e+00,-1.960176191539251267e-01,4.616327461075973915e+00,7.248282084130774905e-01,1.452729534823603341e+00,-1.112641573908232395e+01,5.553659533261168235e-02,-3.007374102683475492e-01,-9.421521134583535906e-01,-3.813312237297219465e-01,-5.013311665381636750e+00,-1.042308614427697400e+00,-3.213817972245913701e-02,-5.207533385943914350e-01,2.684230267078568488e+00,1.759328736926638603e+00,1.758124462556708067e+00,4.789197295936012955e-01,2.379189002365850847e+00,2.232143469422557036e+00,-3.051141621823652894e+00,-1.939578462485558541e+00,-3.356577554868082736e+00,2.288394879604948251e+00,-8.222892796491754197e-02,5.673232300170962361e+00,1.932147791529227998e+00,3.025164470424162033e-01,2.008542519242985769e+00,-7.958767807515047643e+00,4.292348302394598747e+00,5.512164841726473696e+00,-1.530660765699934256e+00,2.815512639827316477e+00,3.621700195323783733e-01,-1.598031173513476233e+00,-1.590310059555746669e+00,9.068863372711364335e-01,-1.583832581399702288e+00,-2.379286910470835181e+00,-7.263636928707986051e-01,1.188663630716507713e+00,-9.201579118986242811e-01,1.287261349887668160e+00,-7.892152958711031729e+00,-1.986098749505796679e+00,-1.275588436944705917e+00,-2.441338445664293921e-01,-2.461421804336286989e+00,-1.796974583831203454e-01,-2.439563751708085704e+00,9.672827353958401986e-01,-2.956475177836427548e+00,-3.134531267747864280e+00,-1.500797652042427988e+00,-3.798663141064073656e-02,3.763644521194475789e-01,8.730812571872727190e+00
5.268261647380106938e-01,1.289986099421478905e+00,-9.582524686211459919e-01,-3.043136843361288868e+00,5.026202523545605372e-01,1.015113228065991802e+00,2.342713260600970848e+00,6.834779945954406744e-01,6.134222402544675656e-01,-1.127639057451815599e-02,6.329570669781753978e+00,-3.150698680832812570e+00,-8.180999869332875041e-02,-1.917391060569295425e+00,-2.128538674733980951e+00,-3.317191113832234084e+00,-2.327328084411875331e+00,1.166896739749651246e+00,4.645418997123680782e+00,2.264860875051736500e+00,-2.725158907409421349e+00,5.064012098090237224e+00,1.377217227745431705e-01,-1.120557842565140128e+00,-5.755965712436769133e-01,1.086776211180621621e+00,-3.149706998724499663e+00,3.028630665747326756e+00,-1.204758259758470729e+00,8.364966520950265050e+00,1.000333975857129865e+01,-1.978474514914517091e+00,-1.927228743292829005e+00,6.531675509139969193e-01,-1.031645883227968241e+00,-6.192469521716337244e-01,5.245604534724011891e+00,-2.131800522318379798e+00,-2.169689833596131656e+00,-1.015987006447168994e+00,5.301086846008233877e-01,-4.629840524605585372e+00,-8.198238960744149040e+00,-2.143474634740307749e-01,-4.201517364815619437e+00,-4.071573299101856058e-01,-1.926719257916377881e+00,3.317761642990632698e+00,-1.111822984034615214e+00,-1.276921758420374253e+00,3.453000218964631385e-01,1.519973078214712281e+00,-7.663367080699911682e+00,6.628673577371831938e-01,4.914967728800558433e+00,-1.163674003147243674e+00,1.929798307207328811e+00,-4.527256408997406112e+00,2.826618466639650773e+00,-2.047759838126920862e+00,3.813680477987411166e-01,-4.108617658374932979e+00,3.184990245432217204e+00,-1.718855286633354851e+00,-3.243239575514528461e+00,-1.444265480353543962e+00,9.400335963940653627e-02,1.872715514206588994e+00,-4.449756276346417572e+00,-6.584449840575239854e+00,7.513986009420707823e-01,9.982086690671890805e-01,2.439687068339381870e+00,3.368404989721636156e-01,3.490624878230805805e-01,-7.243573102996748503e+00,3.085988220837497131e+00,-2.853336607717937845e-01,-2.996659607262992797e-02,1.666041127095936503e+01,1.180464918694679621e+00,-7.309488952787375204e-01,8.683049915499550409e+00,-2.117913085639706594e-01,5.791027420182683905e-01,-8.873872778264075833e-01,-9.462672716415498897e-01,-2.029844163941375790e+00,-2.464951804123294288e-01,2.881196483650458440e+00,-1.093350527277644035e+00,2.026584589108828105e+00,1.636136233707850884e+00,-5.815625025690316363e-01,1.392069813587606397e+00,-6.693480642605487141e-02,-7.495202828790947791e-01,1.314890689088488163e+00,-1.315164728658406723e+00,-1.620480695937058124e+00
-5.725859391633584039e+00,6.975991398773692120e-01,-1.848267722781760991e+00,-2.636771244862272656e-01,1.368077619326592398e+01,1.853202607027924165e+00,-1.299481676809159048e+00,-3.382368522706732938e-02,-8.599342492064087073e-01,-7.848074917449407994e-01,-6.668353760863631408e+00,-8.727856066016944636e-01,-2.176592396389022355e+00,-3.176088759595036670e+00,-5.832918402043140160e-01,3.529995018773881998e+00,3.439261069491826639e+00,-3.385238015602783701e+00,2.859801507397767839e+00,6.790095772418480724e-01,-1.127396407561674696e+00,9.551929724532870480e-01,-3.063578450986406132e-01,-2.164850164742406324e+00,-5.371060790419461384e+00,5.608324613012070969e+00,-1.967875422647595629e+00,2.014446075074648457e-01,-1.313979389803698661e+00,-2.946223143700535729e+00,-1.649218928236054094e+00,-4.886994446053616326e-01,1.458879896602416348e+00,2.145471618918395329e-01,7.268445592393311117e-01,-1.070577601574534521e+00,5.792645070984439926e+00,-2.731099949938085025e-01,2.873386220847226724e+00,1.158708932733840236e+00,-1.275460161802568493e-01,-1.938575905625427698e+00,-2.389273852122301811e+00,-7.275444865002542727e-01,8.606576409477306733e-02,2.451780471512443604e+00,-1.254689184836200955e+00,-2.702021351653212555e+00,1.351814985787048951e+00,8.197236418715077022e-01,-1.718694320738826997e+00,6.947421974749552476e-01,7.526976441152075203e+00,1.060571870054473509e+00,-2.207646306964358374e+00,2.335358573837219787e+00,3.058742938387452259e+00,1.333546907970202478e+00,1.086535498354015417e+00,3.333711238986962755e-01,3.981538665396557874e-01,-3.406295881109350221e-01,4.993984400626925169e-01,3.269204518406827020e+00,8.272442550206086764e+00,-8.911017597553128056e-01,-6.286298899501367998e-01,-7.054117670373319271e+00,6.077501922861856531e-01,-2.071034479764033875e+00,3.666168364250044220e-02,2.626379949373653044e+00,4.484194273987176516e-01,-3.201565665329891286e-01,3.605160376475212480e+00,-2.564605065423718244e+00,3.096957441170866243e+00,1.268895498251667586e+00,6.537674897895401571e+00,6.519054134978087944e+00,-3.659782999891174615e+00,-3.479525460859027586e-01,6.375605786787136076e+00,3.278884374113926192e-01,7.462113772485627905e-01,-1.756100598993288742e+00,3.789570604752765970e+00,6.116431581490058278e-01,1.798287577946517501e+00,-4.619619454628409727e-01,6.658810437560318540e-01,-4.998208581369606662e+00,-2.304029137768532909e-01,8.258820269110511703e-02,3.660365189770983019e+00,6.325613639135073463e+00,-5.746009484829075475e-01,-9.758741332644351729e-01,-8.413319702710917447e-01,-2.500171429854975980e+00
-1.202615300499739470e-01,2.631349210740371869e-01,6.928128407047737941e-03,3.073420504399528366e-02,1.056657833129536969e-02,-4.276234425530761052e-01,-1.715671269483134975e-01,2.346285483136819616e-01,2.825794746509810995e-01,-2.207886881711588756e-01,1.421958319710171781e-01,-9.109250387131281879e-02,-1.072308027369587441e-01,6.410590995260137537e-02,-3.697727861491929002e-01,9.832403171365851346e-02,2.369874703837358543e-01,-5.737534982415651297e-02,8.603933696743835957e-02,2.680545229703371057e-01,6.650089135054455813e-02,-6.407871124343601787e-02,-4.919572463810376051e-01,-3.113328447495557552e-02,3.020679351430861637e-01,2.981256763597525672e-01,-8.788924720448262895e-02,4.552792326462591632e-02,1.243342029759549466e-01,-3.003195310363210649e-02,-2.983697907912678110e-02,2.565100245786731525e-03,1.335940389793204008e-01,1.228681605323561910e-01,-1.607453376581683135e-01,-2.675343059622374911e-02,-6.113155556238666910e-02,-1.313516481583051621e-01,1.167743303892331413e-01,1.936972256660736691e-01,2.400169534960837348e-02,2.325845613255270727e-01,-5.744242227125340855e-02,-3.425728326471163543e-01,4.727271838696332773e-02,1.852938053666124130e-01,6.482517413650031035e-02,4.096900543453019933e-02,-6.313981670649411460e-02,-4.987221666244235352e-01,1.827821622066592711e-01,4.675594276406120492e-02,1.325203858739401955e-02,-2.942279470522556062e-02,-7.510013402602423727e-02,-6.290835942427989644e-03,-1.291714743986080438e-01,2.346799391959848713e-01,1.334292089715418128e-01,7.219556728029000170e-02,-2.081022985404323289e-01,1.396321618819153509e-01,9.303170536471275232e-02,-2.006152994065230344e-01,1.723616460056072719e-01,5.415645833952415639e-02,-1.186504476820351983e-01,-1.231851422949348102e-01,-2.052066332543934224e-01,-1.036488030058219656e-01,-4.187658506153582594e-01,1.799947729428026319e-02,-1.081773844328473913e-02,3.312528537119032168e-01,-3.167502118865348493e-01,6.039234364490653206e-02,2.526044820156861936e-01,-1.551391947279019967e-01,-1.502694050342411047e-01,2.630085747995735204e-02,1.836886509257747435e-01,-5.987774897371646310e-02,-3.507499364952518239e-02,1.595537169332807842e-02,-1.977998724465393487e-01,-1.184299431985540996e-01,-1.767214187016635241e-01,-1.083359287668206328e-01,4.119666753242700978e-03,-1.661926036986981492e-01,-2.253953315212058051e-01,2.300413368363002919e-01,9.398100380951650290e-02,-2.211144249540211437e-01,6.032182953329896791e-02,8.216790047854334589e-02,1.406276783405505278e-02,2.255766997267001917e-01,4.015876076693603025e-01,-1.528811738588840008e-01
1.442981983764903653e+01,3.766639354696960651e-01,3.578894565377710446e-01,-4.892016238768407410e-01,-5.844501379124613649e+00,2.041701825917974777e-01,7.261580669010037070e-01,-1.723609623074394970e-01,1.649317596116181006e-01,9.509286388367312881e-01,1.855450945437966848e+00,-4.676640045373668952e-01,8.594797659350406072e-01,1.412611850312147199e+00,-3.579430960430396436e-01,-5.372286730838458979e+00,9.875738655636808971e+00,5.628113987134096163e+00,3.088861925172071032e+00,-6.937465169474577031e-03,-2.182398941132686510e+00,4.115055533335168825e+00,1.526346177087291034e+00,-2.056629795743096345e+00,-5.862958534843558667e-01,2.640240292143812173e+00,-1.503008605433860723e+00,-7.675976785114990708e-01,-3.229267152592140810e+00,2.073729486427385194e+00,6.998087450468700510e+00,-8.953146142596418722e-02,-2.805222814217559257e+00,5.357761423157390013e-01,-7.687515978800940619e-01,-6.750589377879905761e+00,-7.125071980004296535e+00,1.226650429835782097e+00,-2.094114298431041021e+00,-1.310501233500832363e+00,-1.301276105755074353e+00,-2.215851669269184754e+00,-5.688844123481376691e+00,-1.649055880287552789e+00,-6.683905031605183567e+00,-2.159316753516005605e+00,-1.179149436261453410e+00,1.373262906928517779e+01,-6.664616387446835599e-01,-1.442910315263947751e-01,1.820192280058752221e+00,3.946391733263028279e-01,3.162991435203281743e+00,1.746150382039499238e+00,9.646557309034433203e+00,-3.910025917743942259e-01,9.328523854775627733e-01,-5.811217128500519635e+00,-1.252317759325234592e+00,-5.096949916055759644e-02,-2.174668412052165767e+00,-3.348596742344824406e+00,4.747148227062283787e+00,-4.604309617256367559e+00,-7.199476883515194103e+00,-7.281363019426264849e+00,4.286148989896503281e-01,-5.297866372943621727e+00,-4.935887479574396330e+00,-1.330001632258858590e+00,-1.786340271318520578e-01,3.863445794506534359e+00,-1.302233322108126146e-01,-2.734766867676811319e+00,1.215110411682579050e+00,-1.270063216867678157e+01,6.537044891919918665e-01,8.378357920688732641e-01,2.659695831740213068e-01,6.775187761852265567e+00,2.429972631981556219e+00,1.262077421367669539e+00,2.426876906441648440e+00,-9.143300584819069599e-01,8.445159816363247973e-01,5.582100769738862489e-02,4.561263729921053667e+00,-1.975365476006878174e+00,-6.407987730126323278e-01,1.669871689250472357e+00,-2.014711101212552258e+00,4.422280106180330961e+00,2.994399752183021235e+00,-2.896300284278639392e+00,1.299032528213247772e+00,2.663232396538722124e+00,3.133446231851628738e-01,1.222007028809265261e+00,1.353823529339292620e+00,-4.282345062925655199e+00
2.865895579966002860e+00,4.668933759802967876e-02,3.636139147362092428e-01,-4.202250599726944924e-01,-8.146608650962211540e-02,-2.225183422233214525e-01,7.730936328918148748e-01,4.263766858332719289e-01,-5.949039930556476730e-01,9.250457757255516889e-01,1.955424123245096402e+00,-6.536855641239763814e-03,-7.266665269716996445e-01,-1.665663852656533495e+00,-1.023194801339691207e+00,-1.652316899619093782e+00,5.248932529538181679e-01,3.932412871387430897e+00,-3.237940131192505788e+00,-1.227330845911846491e-01,-3.361365030300650591e+00,4.599815642251874337e+00,-6.286876912493686298e-01,1.841209048989670194e+00,4.162394610821084306e+00,-2.781949133044221423e+00,5.275613967772408763e+00,2.102424622131977561e+00,4.715937070861699887e-01,-1.182185506920829798e-01,-1.178381926536736790e+00,-7.278336828674436543e-02,-1.329449995764566683e+00,-5.272427711262750449e-02,-1.813874761706161909e+00,-2.873110736677185528e+00,9.622495580238989987e-01,1.608854525746351127e+00,-1.662521714973386189e-02,-3.793539263988243704e+00,1.057131898258602209e+00,-2.475779066978655019e-01,-1.397105197790323050e+00,7.839628657771344766e-01,-5.739343126731801803e-01,1.891254115077384057e+00,-1.002931895373870175e+00,6.294148986818492997e-01,-6.236841739827598818e-01,-1.134531980774582394e+00,8.424955556983704241e-02,1.432575822737054416e+00,-7.590954204537219141e+00,8.095846010166174445e-02,-1.281668193481162454e+00,1.974182112426570157e-01,-5.053563270401397745e+00,2.637739526237109500e-01,1.954269582738758615e+00,-5.538585048871771388e-01,4.960505998691817631e-01,-1.140503668020920180e-01,-2.250744655782621173e+00,4.180232112871411942e+00,-2.045223629488175376e+00,-2.546655556984928737e+00,-7.202640427058919492e-01,2.523663316881865182e+00,1.985226478509563020e-01,-6.041668515689407215e+00,-8.239400939246124267e-01,-1.581955491425154792e+00,-2.112448187988055448e+00,-2.526104599581824317e-01,-2.741912600312200077e+00,7.802434306899215244e-01,-5.442438006036067755e-01,-5.923649846675116404e-01,-2.356332420933870075e+00,-1.827738434730315609e+00,-9.657626337467752897e-01,-1.318772217257273560e-01,-1.719240500591142196e+00,1.081913646576172949e+00,-2.748602014334400323e-02,-5.132116683398497692e-01,-4.818686433533105884e+00,8.623998920811004609e-02,-1.000124055379177035e+00,-5.508639991532189306e-01,1.785766110825363295e+00,3.136169181574212317e+00,-1.324997921134273282e+00,-1.460102630832941450e+00,-6.654129358548622752e-01,-2.215446607635657150e-02,-2.919624503280415784e-02,1.188970695775310116e+00,-7.226799160193735361e-01,4.051706923352480061e+00
1.123191615771715490e+01,-1.716020270835108552e-02,7.005874892765804329e-01,-9.448877484238741298e-01,-8.696011534255172482e-01,4.037553731688726666e-01,-7.842337069042606412e-01,4.568970185934334571e-01,6.066131398406935382e-01,5.080835616729624249e-01,1.961125371898605696e+00,-6.777668733168353832e-01,2.803033717781481915e+00,4.505795984810944788e+00,1.470427728669810641e+00,-1.663514171323997370e+00,2.865199295795288315e+00,1.769551733149644202e+00,4.545069325200718491e-01,-8.622522048228592473e-01,1.792550682812889207e+00,-1.664347849589429496e+00,1.186653409256615221e+00,2.612213719623705188e+00,2.061026049163958263e+00,2.731690451257235086e+00,-1.137646920184501642e+00,-3.856206268889277311e-01,-7.953830716150811497e-01,4.153384636812706976e-02,1.453992136845968508e-01,-5.890940546836590519e-01,-1.416893287387608780e+00,-5.609056338169868816e-01,-4.284338168434276284e-02,-2.021701539221775756e-01,-9.978890603901467315e+00,5.388785540744477132e+00,6.017756113895746939e-01,-7.039133818089160499e-01,-9.917767672915447363e-01,2.297859987082333522e-01,-4.006636164333098549e+00,-6.592466529730671709e-01,9.337336145097203666e-01,-2.391115335131822395e+00,2.878770032996325945e+00,5.690956365201404132e+00,8.819491747406704718e-02,-2.558935315183514803e-01,9.603492737164267545e-01,-1.628061073960600291e+00,5.341705772504092842e+00,-1.877106304294062777e-01,3.898294450808264866e+00,-7.174698499663523243e-01,2.271431526950749458e+00,-1.043485271374368750e+00,-2.857341369822253618e+00,7.450644167515925176e-01,-2.522949070956821416e-01,2.244507937099088135e+00,-6.628142351434616053e-01,-8.741135890771719374e+00,-7.597877795546633450e+00,2.529644544190692290e-01,5.707370501262400975e-01,3.438637046429318112e+00,2.026906273789617963e+00,3.278162991591201170e+00,2.310764870947601413e-02,5.017346929654909360e+00,2.709752323594638135e+00,-1.362057219745942627e+00,4.056771414853543867e-02,-3.976119367128672089e+00,-4.166142312586638141e-01,-7.954214119271019179e-02,-3.575294381149600742e+00,-3.796908656357737222e+00,2.271657424403132897e+00,3.920142844845449503e-01,-4.584799016443227293e-01,-9.696607830314500909e-01,-9.827326216937303238e-01,1.346100588687953792e+00,2.076976888521294029e+00,-7.581744371496045298e-01,-9.672882972292190518e-01,-3.449159760318858403e-01,-2.785321588374374713e+00,1.841115592832243575e+00,1.321046323729242022e+00,3.729126291959179440e-01,9.658814191346576372e-02,-5.780489269252183426e+00,-1.389530358188930670e+00,2.406197803213522945e+00,1.555846863347178033e+00,3.283976787441422296e+00
-4.371648398814910741e-01,1.175433572959798112e-01,7.101318892450256270e-02,1.452166615535617489e-01,-1.385268437296339306e+00,-2.466714893883312776e-01,3.357465584682020054e-01,9.332153375665190598e-02,-1.957725624959901489e-01,-6.519070939258707620e-01,1.353344536863082315e+00,-5.291055943185285493e-01,7.795259941961218964e-01,-2.917907963555477213e-02,5.451271122494507626e-01,-8.421342013723026598e-01,7.866930937303356908e-01,-3.428081832091826042e-01,2.386096177533648666e-01,2.518757040875740927e-02,-4.994154966707006205e-01,-5.813422912286969613e-01,1.132183980583818805e-01,-6.750318541895490299e-01,1.111583921748256487e-01,-4.680771817403428514e-01,-1.702367549044369044e-01,8.194525899377188560e-01,7.286601874568878756e-01,-1.839780426651143053e-01,1.170574192038237316e-01,3.584028416044227061e-02,-6.688270572248207202e-01,8.237922195352861410e-01,-5.353071666847458721e-02,-6.597264604720362025e-01,-4.014736630285635766e-01,9.620308950855210872e-02,2.581679195365944146e+00,-1.686137831587618097e+00,-3.209356604744744157e-01,6.340914955206498060e-01,6.581187721574276450e-01,5.454632661428054918e-02,-8.835525867044413673e-01,1.048795528449081305e+00,-8.046408385516359285e-01,-2.879791207895046057e-01,4.491416108791357886e-01,-6.743682618750437285e-01,3.356209931731845009e-01,3.447350164685121232e-01,-3.642056233308331725e-01,3.423609012065021995e-01,2.306187910570228761e-02,4.457038689452573754e-01,-1.515331375812572490e-01,7.647299534214484495e-01,7.564693599176011141e-01,5.700508940227871912e-01,-1.748161563707388844e-01,8.955213289314921665e-01,-1.539058880280111730e+00,1.940352434034462170e-01,7.172089993915296835e-02,-4.233258588204009687e-01,2.197118878843022927e-01,-1.307666578103616750e-02,-3.996214247245791773e-01,-4.453279044897062167e-01,-2.000091613185586148e-01,7.271989319019875331e-02,-1.739272088253700221e-02,-1.662002593366676884e+00,4.999226335548306865e-02,-1.321924936312638688e-01,-8.207201703563714590e-01,-6.965916959254163654e-01,-9.469965439836911525e-01,1.147040563545362324e-01,-1.151574795143627705e+00,-1.065832992295757897e+00,1.108777427881149080e+00,-9.494753568657949838e-01,4.613482728189253201e-01,6.989442669968322086e-01,4.289944349113071764e-01,-5.869432772784322072e-02,-2.589333322088932521e-01,4.143612753880770438e-01,1.017139857836779071e-01,-9.993010439846085058e-01,-1.108692545277566888e+00,1.022616973901667725e-01,-9.258670367089010256e-01,-4.051473270014974704e-01,-9.139651220743776339e-01,5.982264834196477921e-01,2.526134569157674203e-01,-7.575112455747310403e-01
8.031980534456717891e+00,1.874134234511052044e-01,2.047440056173485790e+00,-2.089174120800934009e+00,-1.667494210632316509e+01,-2.730177862908947928e-01,2.184814970507522602e+00,6.759706258812998581e-01,1.462104862596340205e+00,3.578130317012625516e-01,9.585148916048757073e+00,-2.413758460876312295e+00,1.449411474786215681e+00,1.426477461042516826e+00,-2.989450561060546185e+00,-2.044672272210692920e+00,-6.179035678953731514e-01,5.944188065262339116e+00,7.713452982531248558e+00,4.509721617230227908e-01,-3.448871293816047512e+00,3.970398819472045204e+00,1.692286213924966809e+00,-8.972518919271785798e-01,3.715409636082751987e+00,-2.176943857414156969e-01,4.753086947930243333e+00,1.184405419728484787e+00,-1.078595872275665002e+00,3.463668970246290613e+00,1.580405443305274460e+01,6.865322497811097158e-01,-2.462172865186257109e+00,7.114130093800206112e-01,-4.979728660001599971e-01,-2.857621733588209700e+00,-1.701532030762186176e-01,6.638204830463475759e+00,-4.969819420229314666e+00,-7.129402440706122945e-02,-4.777300216983775272e-01,1.144318125955594123e+00,-7.859570680876531767e+00,-1.199819530647895149e+00,-7.909501766480077301e+00,-4.787591196597523080e+00,-2.061468196246209139e+00,4.647146954445034339e+00,-2.511116236136059499e+00,-1.114744911013815898e+00,1.596490222236219836e+00,-1.075695935314955332e+00,-4.099155960716855063e+00,-1.544563460338818306e+00,9.968474552435207414e+00,-1.898589703181502220e+00,1.648599061032215651e+00,-6.725708823762499122e+00,1.093035680043846547e+00,-1.358960613450123311e+00,-3.437408439625697643e-01,-2.477192192851864760e+00,3.096857530075347142e+00,-8.241228143813254192e+00,-3.262259910564636378e+00,-8.196013878902336458e+00,5.038542210569363355e-02,4.548094581254674473e+00,-5.182243003183463870e+00,-1.913404916605382589e+00,-1.808462376454951226e-01,-1.968612267840796681e+00,4.770813524286817042e+00,1.429307235904897055e+00,-3.701529518296078347e+00,-6.983212437856320953e+00,-2.187681777912806602e+00,-1.117887145462418630e+00,3.666413146117962540e+00,1.827051120802615714e+01,6.281449574232246036e+00,5.832730059990298699e-01,4.469314338521633623e+00,-7.518299559080627859e-01,1.246122459791337844e+00,9.186371837056812595e-01,1.296321199680893876e+00,-1.449339486691199053e+00,-6.858769087681704235e-01,3.528538176287143280e+00,-1.485000351359619941e+00,9.456896133986823827e+00,3.635289824318569618e+00,-1.103754142651675929e+00,-2.457529325735057668e+00,3.931441539802260632e-01,9.330219495726357337e-01,-7.640079822691108191e-01,-5.726402540850004108e-01,-3.982957532241556908e+00
3.932232284524435517e+00,-9.772931975084548917e-01,1.870687706438348030e+00,-1.070206637493427593e+00,-7.270929780594697966e+00,-1.617470600017266502e+00,4.160954861572998542e-01,2.177828391817390186e-01,1.003080395341847453e+00,-3.016032557242429579e-01,1.427740052747949573e+00,-3.798226099288215529e-01,1.986176113534261933e+00,3.333051282291549455e+00,1.427092810738193607e-01,2.543775576544134331e+00,-9.685512237296380889e+00,1.355731199974691714e+00,-1.757890842256889963e+00,7.269736300072913160e-01,3.421241330579980477e+00,-4.055184303060828555e+00,3.530125002241499832e-01,-8.511269234944742745e-01,1.309622009177385582e+00,-7.118677398906619658e+00,-6.761722097206451565e+00,-3.787476318969984490e-01,2.461124658988446345e+00,-1.556302608888344263e+00,2.434390594166137678e+00,6.039915435324769710e-01,8.936143623286216808e-01,-9.943299952563799948e-02,1.042646371404480909e+00,1.200498829183949034e+01,-2.698778746589476363e-01,2.206191215624371260e-01,-1.938469205435929599e+00,7.959887891809890315e-01,-1.898429722031227396e-01,4.008165442932915212e+00,3.232959889482547311e+00,-9.961406399247816346e-01,2.218514337903337186e+00,-6.766711002070801007e-01,-1.109533793869372120e+00,-9.200278969193059098e+00,-6.836135034678774147e-01,1.928570026830911388e-01,3.968746372458014093e-01,-1.411667062611588364e+00,2.876461263731176832e+00,-1.508233689022449475e+00,2.489247516796943227e+00,-1.875000764669791709e+00,-2.197490477592254798e+00,-7.714852914569315656e-01,4.313971950900490349e-01,1.476122697341131884e+00,8.998793560616868970e-01,1.451625560364381728e+00,-2.669120811276678662e+00,-2.323586999572238021e+00,-4.751944676394750378e-01,4.283783898489712527e-01,-2.728832109244088144e-01,3.707289098085208678e+00,-1.439259729237528651e+00,7.052017147405003072e-01,7.962068859074440397e-01,-8.496422275565139515e+00,1.869934166305126766e+00,1.957874828680749024e+00,-2.581477307778628827e+00,3.525311151803109500e+00,-1.506773116468722806e+00,-1.683073511089971053e+00,-2.321567537610785603e+00,1.911966909670783643e-01,1.031124384656886717e+00,-7.873075917598011397e-01,-1.762179375102045142e+00,-9.077910455319981864e-02,-8.517849920292377419e-01,3.111332155465697191e+00,-8.502315879415315081e+00,-4.222389412289453414e-01,-9.562474321304625935e-01,1.430690646512036146e+00,-2.276480423045359025e+00,1.908118710000230145e+00,-1.691517009492866652e-01,-9.075334607953731147e-01,-4.335128359402955489e+00,2.821199602743892143e+00,-1.002720153682682414e-01,-3.452564650015244041e-02,9.082179467222050162e-01,7.971148490707776091e+00
-3.590496833434957846e+00,-5.009995983587360868e-01,4.766681096230293013e-01,2.523861179148120470e+00,-2.777021296668926720e+00,-1.686179217841213607e+00,-1.434117728905206723e+00,-9.814843028665651836e-01,-1.183130298129700053e+00,2.805734236745389687e+00,3.206630463615675719e+00,3.929507589183628413e-01,8.757844866752945157e-01,-1.516895186949854146e+00,-9.427455877184263144e-01,3.658683451338309744e+00,-5.810100563559513098e+00,-3.885489001521019503e+00,-1.996103865349557083e+00,-2.214901580564617722e-01,-5.221658363088872434e+00,9.620152060711106845e-01,-1.978475969983068405e-01,-4.389843788741717434e-01,3.492517723839499766e+00,4.186908853609620174e+00,2.881438825049766894e+00,-8.502287288544886357e-01,5.653790971312456781e-01,-3.123927367475811234e+00,-3.189452157657993503e+00,1.762277341727311653e+00,-2.293280749857493639e+00,-7.181137393448456807e-01,2.892838384390305606e+00,3.642155457472990854e-01,6.419731730828414085e-01,2.691029460697743847e+00,1.068048779648312019e+00,9.483227679378247732e-01,2.605442824667015822e-01,-4.686496930740777778e-01,2.584306632184080854e+00,-1.513792604780417328e+00,-2.414762217008378231e-01,-1.666098848702747937e+00,3.788129447541157546e+00,-6.251011010059192019e-01,1.500032233181263885e+00,5.151707845235351524e-01,5.661460919754754961e-01,1.927846971004982146e+00,-2.220791072677078759e+00,2.735786962148666568e+00,2.239562943005856344e+00,7.020153027426911940e-01,2.845814476762347667e+00,2.615529831083458046e+00,-3.306304168226180451e+00,-2.961843230948110861e+00,-1.277586998371922355e+00,4.857423107565148612e-01,-7.481816777611702829e-01,-3.838296953850945492e+00,-1.250830135250130537e-01,-2.322213994949382077e+00,-7.255091395347887939e-01,-3.709565974591364945e+00,4.426304698507366631e+00,5.308950208316257857e+00,-9.003603898177316989e-01,2.169436080195348726e+00,2.288021456696535338e+00,1.509199432102789284e+00,1.431558106519813300e+00,3.906014781582487494e+00,-2.666084699383976631e+00,-5.256508283590108910e-01,2.023942681078545025e+00,-4.616172621096749751e+00,-2.303954442132039482e+00,-2.871334164007635081e-01,-1.658357615103615457e+00,1.231495764150378314e+00,-4.376409672131806872e-01,-2.595417451626925498e+00,2.122078418738839733e-01,1.033789966915301228e+00,2.145749185524043590e+00,-7.990159481133007890e-01,2.201011927292799708e+00,2.682096826957906188e+00,3.005529042600313616e+00,-1.107689004630362684e+00,-1.403098353756374816e+00,-2.309537873282447862e+00,-4.698611575724693790e-01,-1.119516093061838635e+00,-1.357851100935421051e+00,-5.863717101155483391e-01
-1.081912611693200432e+01,2.490193001989063071e-01,-9.758415180319935933e-01,5.556813808369068242e-02,-2.436978857042112701e+00,8.354932960229100036e-03,-2.148893951919738643e-01,-9.915915586399075554e-01,5.430386004135332456e-01,-7.580483238210847796e-01,9.267590372706171475e-01,7.617941737241292754e-01,7.115265370507085907e-02,7.784651399031133900e-01,-4.206682220028094554e-01,3.466767653816615891e+00,-5.674698154261511363e+00,-7.004505873998517096e+00,1.133260878733015897e-01,8.208710877619193047e-01,1.371248088848440627e+00,-6.070871943855863151e+00,-5.603735108370160312e-01,-2.302898210987448735e+00,-1.225159387721280302e+00,-2.740487120404061727e+00,-5.847528395159516279e+00,-1.495600982738466644e+00,1.120143300175497680e+00,1.264317848449047821e+00,-4.163985803284493414e+00,-3.243614042446278378e-01,2.437314501756949081e+00,3.489100300992538095e-01,8.735410432688544002e-01,6.303288074083466697e+00,4.451291130015384567e+00,-2.576058729604859820e+00,5.972831923611288119e-02,3.375035846355052715e+00,-7.531386563816777624e-02,-7.075229827831464036e-01,9.772174845214584238e+00,2.482857310682713425e-01,1.792467117067135129e+00,-2.433787231307138477e-01,2.808340460176151687e+00,-6.246237469654976948e+00,5.165638695122964918e-01,1.905156237253180507e-01,-4.424194592368380086e-02,-1.012962613654232680e+00,2.763639281153005278e-01,-1.574355241693062846e+00,-2.106863592240594940e+00,-8.139961873684331550e-02,-6.248868229333015556e-02,1.319287458141769287e+00,-1.901104420680078677e+00,-4.919143121095235216e-01,-1.403942605897090523e-01,2.346754831972135413e-01,-1.239875554247369616e+00,-6.511586406596974186e-01,8.656228816766955436e-01,5.461940999977885625e+00,1.083031660274301089e+00,2.077771444111015775e+00,-1.070382797404986208e+00,5.800908640015778772e+00,1.140566715330737502e+00,-1.789339437173214087e+00,-1.043621145522118265e+00,-1.199058094248086626e-01,8.971032705649999439e-01,5.530834963050394570e+00,-6.780300899078949284e-01,-6.106933193663941495e-01,-8.976919908470198939e-01,-3.898193085818726367e+00,6.249686436513929300e-02,-1.133897994165897760e+00,-3.269693209213156315e+00,-7.681112202853057624e-03,-2.335667290520551109e-01,1.114787049532032892e+00,-2.749901571817800594e+00,3.270125025115252493e-01,1.818676496849284341e+00,1.415289869477119211e+00,-9.343999856456135511e-01,-3.982394238994634073e+00,-4.285720981769136628e-01,2.199059231958842009e+00,1.258313629144380830e-01,3.535833929005971488e-03,-2.949640045366381802e-01,-2.851749797909159945e+00,-2.123065112727949844e-01,-3.412808529221868614e+00
-7.437502688133782236e+00,8.483505041632305455e-01,-8.337876597777960086e-02,5.241911547381418179e-01,-2.910682512961843216e+00,1.181531814179594742e+00,1.008727636818247397e-01,8.539751348608578541e-01,7.426627414636177704e-02,-7.436936827780231685e-01,2.291989662961879670e-02,-3.668951571429505121e-01,-1.130589015288606003e+00,-4.820413439566862968e-01,-3.611598830260672743e-01,1.096021227906877726e+00,-1.520936428656520123e+00,7.934535669699196436e-01,6.548661614384426066e+00,-4.754045256333628844e-01,-1.703744378412056948e+00,2.671212326618468857e+00,9.180961136213188212e-01,-1.092286865168338172e+00,-1.955788994886489274e+00,4.305749485841926294e+00,5.611549405132036483e+00,7.629704135797352738e-01,1.466640004186379187e+00,-2.697717108778479478e+00,8.789590178087179240e+00,8.807302433148511689e-01,1.287280039452448399e+00,-4.178032300943193000e-01,1.279327501422233615e+00,-8.371267087774633353e+00,4.702230977576830284e+00,4.400119638515231024e+00,2.565171594704828140e-01,-2.553793182612167367e-01,-1.204324292936989060e-01,-9.543572659274124348e-01,-2.923831758401083114e+00,1.598670080236721303e+00,-4.351424250220802037e+00,-1.866528123220910995e+00,-1.443444009942520978e+00,-2.633359015991987295e+00,-8.990752025141934833e-01,-3.193119892449982622e-01,-3.661300433179572877e-01,-1.170762230157816441e+00,6.603217717568193201e+00,-8.173286544344069426e-01,-1.503659956000802378e+00,-5.956547623760570787e-01,2.834080427277650749e+00,-1.598773094769903924e+00,2.230393027750334767e-01,-2.810971685272754539e-01,-1.555011163699329124e-01,-1.789102270045814791e+00,1.867914758170559963e+00,1.328420621044468675e+00,1.428404829597277370e+01,-4.234138369190356244e+00,6.910498791260228924e-01,-4.695799500118685188e+00,-7.234493316975774135e-01,-3.372776560353035968e+00,-1.102764976784336604e+00,1.847004612016972080e+00,-1.108285445273459846e+00,1.382052567418151412e+00,1.963061201811676204e+00,-1.277941776497974580e+00,-4.364878616795713206e-01,-7.635654907193774044e-01,9.041219731820429928e+00,1.085606765965793308e+01,3.103807512036434790e+00,-1.198373952197950842e-02,5.304266906842240559e+00,-1.019411424557881141e+00,1.830537517380993240e+00,-1.128561203792915357e+00,9.761872562151454602e+00,-3.521808045786167796e-02,-3.682370625883332194e-01,3.270878795346692236e-01,6.344698543831919224e-01,-8.904751758433963049e-01,8.402217098870914391e-01,8.255634228324579826e-01,4.412607048792787090e-01,4.993580419265423842e+00,4.125189492782695422e-01,-6.748828448302393035e-01,-1.539936173651538898e+00,-6.606795446987400844e+00
-5.016519733366434863e+00,1.236774416321006764e-01,-2.975132347697871937e-01,8.124842581500729688e-02,2.194195762996244525e+00,5.155339776146162789e-01,-8.306329740409885698e-01,-1.318304352238142130e-02,-2.048706699749870963e-01,-6.496383671462580001e-02,2.623724678369548702e+00,9.638817422782129940e-01,-1.995315479697057581e+00,-1.411793883012398165e+00,-1.005190412304324266e+00,1.164468955254394977e+00,1.196567055655470391e+00,1.471445824098310595e+00,3.317905335417356660e+00,-1.331325217028014318e-01,-2.127228952422092867e+00,2.213595903536836218e+00,3.068302814675465812e-02,2.643791975768575719e-01,-1.687606841791355061e-01,2.897327069435318592e+00,9.423842413539329499e+00,6.140744846561529968e-02,-9.214127124442107464e-01,-6.647464850279820148e+00,3.099738595661608365e+00,1.946027612351231895e+00,8.122518622535399579e-01,3.717778594343723597e-02,6.442236605307956054e-01,-2.235293018676411947e+00,5.974773386524261376e+00,7.523916498540932807e+00,1.478348984855205384e+00,1.130649820025266372e+00,5.919993162287194854e-01,-1.027335887500019806e+00,-7.538572423330884398e+00,9.067509559920574613e-01,-3.086694760002450799e+00,1.136870401262012331e-01,3.055538550244083495e-01,-1.721578158496907207e+00,8.047354152166885655e-02,4.521784162280537700e-01,-2.089780949216413219e-01,-1.175429283794180879e+00,7.878554422931953738e-01,1.042130891908152890e-01,3.981532624880624649e+00,2.724177233316664726e-01,3.127944824611211150e+00,3.017275964920120845e-01,-6.155420528072541586e-02,1.896592317239225167e-01,-2.719275396498348485e-01,4.745920034983235336e-01,-9.554711503100852266e-01,4.458130810017867374e-01,8.084855596845033077e+00,-5.423629147270743189e+00,1.729000541031862070e-01,-5.676289702280556959e+00,2.307037281585955668e+00,-1.609306579023014105e+00,-1.277174375579811283e+00,4.824559879497887227e-01,7.667156944482197423e-01,-1.639204950939552319e+00,5.570181385832115861e-01,-1.190886114973509491e+00,2.227141913980548726e-01,8.487836257818370811e-02,8.987554962048683649e+00,7.630177357894774914e+00,6.505739245804272874e-01,-6.103594517065702441e-01,6.754060414347347496e+00,-1.329620546764676003e-01,6.092186164815658334e-01,-9.073644954919934946e-01,5.018324209130788027e+00,1.094402676917813455e+00,6.705205925331356731e-01,3.433706987586053749e-01,8.314663741812006181e-02,2.049558374070215017e-01,8.994849040442653987e-02,8.768649006215978314e-01,-4.712104804664939972e-01,3.482248782599136838e+00,-9.612153443783326701e-01,5.203414211767416475e-01,-1.345290652127602904e+00,-1.183159951136792287e+00
4.739651100704230124e+00,-1.877737629750371728e-01,-3.299087377190798587e-02,1.133337166299628884e-01,1.245695415785290416e+00,-9.006902866035743083e-02,-4.954438661522450049e-01,5.389089788741999731e-01,-3.836340480277798948e-01,-4.739888750281218144e-01,-1.018400012699987300e+01,-1.856082961623930938e+00,-2.014251020591628638e-01,1.527862722312532950e-01,-1.201896314860245063e+00,7.685534449971846982e-01,-7.433322601900993476e-03,1.814093684583616195e+00,-7.451146284433624034e-01,4.741701796885772202e-02,-2.080595998124288748e+00,2.237662250750349635e+00,7.694891843352619221e-01,-4.245915509137176080e+00,-2.792809126650513285e+00,-3.819332198009054657e+00,-6.003242173881900179e+00,-4.630116152036532484e-01,-1.710540421914411802e+00,-2.994843179097776975e+00,-3.844154528660632231e+00,-1.683398634981919439e+00,9.747223479559901094e-01,6.180148407696295365e-01,5.806805919991482323e-01,2.815539518813161557e+00,-2.807218573018780194e+00,-7.059615070478965748e+00,-2.416075596190061514e-01,1.085552967227959131e+00,6.130458465229338128e-01,-3.742726882288511803e+00,3.514198659254701873e+00,-1.411509272635236290e+00,1.972064340757523571e+00,3.382365676130609344e+00,-1.732392887950199301e+00,-3.670217034852836679e+00,-3.530456196956186510e-01,-7.369039240061305840e-01,8.671196182117588691e-01,8.633314544631933707e-01,5.473631404141292123e+00,2.803288307343175134e+00,-9.830150643678579048e-01,-4.160443173584185139e-01,-6.201893805369390833e+00,-1.237625306808495473e+00,-5.124116852068892891e-01,5.676315734333436946e-01,2.404334181569414142e+00,-3.569229835263267425e+00,8.452045607142784078e-01,9.183073785970419678e+00,6.704951537688306207e-01,1.931445388864468704e+00,-1.329368027714545875e+00,1.365330755320867118e+00,-6.131623340649977827e+00,-1.036632563119920647e+01,2.352580793552315752e-01,-3.710608110294292938e+00,1.580613045740284051e+00,4.038496894800221781e+00,1.604020340213300866e+00,-3.070710335960992854e+00,3.636064870252352588e+00,1.375554363469778441e+00,-8.342632961205410425e+00,5.442963738008523844e-01,-2.868433170616813133e+00,-1.413881016639604304e-01,5.292156817783781886e-01,5.972414713249971641e-01,-2.503774768726185762e-01,-8.999062885784234744e-01,-5.274642467995955819e+00,-1.380366283877350941e+00,-2.095718030862723680e+00,1.039267605108636694e+00,1.716109532442462005e+00,4.517381964561817398e-01,-6.736930426344461820e-01,-2.919150952737340710e+00,-4.487929066212688056e-01,6.158208633738314397e+00,1.463411346669865942e+00,-3.660276859355650281e+00,6.295126897806162525e-01,5.166498134091059846e+00
1.826838039402213454e+00,1.039383765784465119e+00,-1.033332187056845264e+00,-1.683533976353742967e-01,-1.345708569030547697e+00,8.080888079618722131e-01,1.050982909845944224e+00,-2.900516621180087018e-01,4.425407140394349015e-01,7.575449310497750499e-02,4.053256133632809899e+00,-7.167038791667307285e-01,3.352775885642956810e-01,-5.173943724246848896e-02,-1.798175247781260033e+00,-1.611527231778309144e+00,1.082565024356645811e+00,3.083615733890704647e+00,4.442622712546348218e+00,9.776676980224959790e-01,-2.645042756068600731e+00,-3.750630541942266416e-01,5.813492949156580103e-01,-1.439768475999234632e+00,-3.857119981869339131e-01,3.113945057909724312e+00,2.996987788219082627e-01,9.459292662976430399e-02,-2.005896847549059281e+00,5.198571620923736702e+00,6.696568552091908266e+00,6.831240042760653441e-01,-6.506471682734287221e-01,1.193436621229804206e+00,-4.908174119921815404e-02,-2.008999225376576270e+00,1.296145598059003090e+00,1.573638956040561476e+00,-1.462747630913655783e+00,6.433941091861905548e-01,-6.590946719056318681e-01,-5.620717196906421798e-02,-7.164877737259565116e+00,-2.183532890143972116e-01,-2.720512062344976556e+00,-1.976044860936243541e+00,4.449269909424244940e-01,3.358136741118429303e+00,-3.551996711847571486e-02,-3.397885005588825447e-01,3.809873100610490226e-01,-6.659766323636198138e-01,4.526411365016783650e-01,-6.721232059185229257e-01,8.475920241109555775e+00,-2.071579006835080339e-01,4.355652703749987253e+00,-3.379530543560164801e+00,8.090776639704970741e-01,-3.444952643920735635e-01,-9.625799965743129238e-01,-1.455993148365845702e+00,1.944057890624953711e+00,-4.233310302932614455e+00,1.214508414855038243e+00,-5.534509154789574836e+00,7.965349549928113504e-02,-5.799737985268964557e+00,-3.008303149368350304e+00,1.502434617280231643e+00,6.581587896637619561e-01,1.296570355059271096e+00,2.305667862922686329e+00,-2.567613652146940595e-01,-2.274397597010184846e-01,-5.476138322378250933e+00,1.128525084239266896e-01,-4.272885196919093964e-01,7.751005487549254447e+00,8.147430313925941192e+00,1.756112761730557414e+00,-8.809473954432154308e-01,4.442062530328986902e+00,-5.698866401956088623e-01,9.920604523418850018e-01,-1.128947344946997777e+00,5.594392337899450673e+00,-1.248970405330735556e+00,1.137342215396178524e+00,1.973186782067774203e+00,-1.598125508858638799e+00,2.877383008161089606e+00,7.191164470497191097e-01,4.422535412000031529e-01,8.842242327476483865e-01,8.657884897677508018e-01,-3.289274617489770236e-01,9.247985213842789820e-01,-5.347928929579635060e-01,-3.125450033861623567e+00
-3.516257761847378038e+00,9.470945050918022634e-01,-2.829412733454933715e+00,-1.202240610572471446e+00,9.808599004932045062e+00,8.410538043961359733e-01,9.113329969123020735e-01,-3.048427796368483600e-01,-1.191711186514560650e+00,4.595583125756141918e-03,-1.144411827278950788e+01,-1.748922920428372496e+00,-8.221714359137261008e-01,-3.864653523913495370e+00,1.473877742314481099e-01,-2.437279561008698359e+00,1.066514120514683084e+00,-5.126734794674413287e+00,2.000112431879220942e+00,1.726316538889550944e+00,2.590267181067874569e-01,2.360232746758050837e-02,-8.184956047387004219e-03,-2.165734687994598673e+00,-6.128672057741111345e+00,6.646837240384600776e+00,-3.324815867130221037e+00,1.246039444378776118e+00,4.220252819363063956e-01,5.546290182817324776e+00,-3.790379749840692369e+00,-1.540812421656950093e+00,4.983543703546542414e-01,2.392460830039100372e-02,-5.500059998502928593e-01,1.979394735327223209e+00,3.297935509106672214e+00,-1.071727517350126746e+01,3.248963833570356563e+00,-8.857442446390864088e-01,2.084450603179988093e-01,-2.061879369829991759e+00,2.348195357994633081e+00,8.989648464232704583e-01,3.652062937007648280e+00,3.622545145701959957e+00,-4.396020234731157217e-02,2.266467667543899278e+00,1.688745139203671641e+00,-2.580134318581812636e-01,-1.265485620502651898e+00,1.668767758229705578e+00,-5.886954988636070141e+00,2.846851012429026273e+00,-2.956292065668332025e+00,2.905548713458020682e+00,3.983100939006766872e+00,1.128119652337895129e+00,2.327749906471878738e+00,-8.410469910130360383e-01,6.752857214901273331e-01,-1.595903343746234881e+00,1.869341429305916513e+00,5.071256655009771741e+00,-5.447773448419556130e-01,5.604163062963681163e+00,1.374583730995748709e-03,-1.789094949802318979e+00,7.745000620498486699e-01,-1.271439891542470280e+00,8.968223835240110020e-01,1.434530391719486264e+00,-1.646690469179265204e+00,1.376786035685883536e-01,5.989175935321783939e+00,-3.891592071815701104e+00,4.089135918026480354e+00,1.046355185441020685e+00,-1.087834073278084013e+00,-2.891558225101447999e+00,-4.713983206458389752e+00,3.036017814318672237e-01,-4.469682270412804748e-01,8.602719590685683482e-01,-3.465703898499810087e-01,-2.678553272740496372e+00,1.234923875002208238e+00,-6.387263927849478051e-01,-3.144419353085816660e-01,-9.524341649050525049e-01,-1.473074200047996163e+00,-5.080608617935201465e+00,-3.298847685437624744e+00,-7.454704648600896100e-02,3.601237941975211410e+00,-1.645555246295715035e+00,-1.468636200110843060e+00,1.446610183087178259e+00,-4.626772453998442280e-01,-7.070949302646520884e-01
1.468132147658778841e+01,1.245842215825738453e-01,3.704703606991185394e-01,-2.139437111380471102e+00,-1.010915399860038022e+01,-1.768979845457335776e-01,1.756833404453662428e+00,-4.081613618726311898e-01,2.471532263744278257e+00,3.184548361848723586e-01,-3.988915614762104767e+00,-1.140134819344468919e+00,2.867445091720969064e+00,3.235803459259182446e+00,-3.489194454225550412e-01,1.707842087765748751e+00,-3.677671788237086847e-01,-5.071646675450414143e-01,5.908843390305738907e+00,8.138128553674967014e-01,-5.059107194320059397e-01,-6.793844969071627382e+00,2.604602176364947397e+00,-5.360682139206382146e+00,-7.224012113682292124e-01,-1.182445330759608559e+00,-1.231653176004807904e+01,-7.483009045802473391e-01,-4.572974334163455445e-01,7.502364706577928644e+00,8.200481956502791547e+00,-2.971407825214273490e+00,-3.289078312961013495e-02,4.883837598091160803e-01,7.859900952152907294e-01,8.879511027949062552e+00,-5.616488878672388552e+00,-1.548645968667051953e+00,-1.594026274693750134e+00,1.571134268808075607e+00,-1.114701151641618315e+00,6.806956457155698414e-01,2.691794018079932904e+00,-8.745777035534612054e-01,3.195243386459249990e-01,-2.627589810107693324e+00,2.293829735520592550e+00,4.464064504245590648e-02,-4.509276159132049600e-01,-7.766896756488006481e-01,9.046923059510210141e-01,-2.519349375384561718e+00,4.587151434933649519e+00,-1.355649462515573500e-01,1.196638373631676444e+01,-6.337843446028381678e-01,4.697121264355936354e+00,-4.196496632163381868e+00,-2.066398829431164152e+00,1.274383416417744996e+00,-1.988176103353822555e-01,4.918095235973796164e-02,2.900014309078988717e+00,-6.698643967132109189e+00,-1.068742928079947774e+01,-1.449884868333506382e+00,2.878331379515355337e-01,2.101477517756324520e+00,-6.290855977425700019e+00,6.109498320693820261e+00,1.607759249216679898e+00,-4.576801791995768198e+00,3.619700468409135841e+00,1.346411823644199313e+00,-4.259106619915296044e-01,-9.677631946144744646e+00,1.541762640478479440e+00,-8.575768093038020901e-01,-1.122064902043596657e+00,6.160430834864651928e+00,1.782658312317331184e+00,-1.035966050295362040e+00,-1.338549571892994283e+00,-1.306224132663696302e+00,1.143119564718046988e-01,1.173079487885996919e+00,-3.166412946536744100e-01,-1.705880604426606162e+00,-1.788713841398824833e+00,3.453158241034320675e+00,-5.878029323588024546e+00,2.925087858169596711e+00,9.231780855287547993e-01,-1.781589148323836636e-01,-9.291968683623763603e-01,-6.978977595519220145e-02,-1.590998438831461748e+00,-1.533794442852404405e+00,1.652752531330849095e+00,-1.016869285576402104e+00
6.668991073920198520e-01,6.486379443195289252e-02,-1.197183105400543290e-01,1.683441310937204283e-01,-1.904450432397833959e-01,-6.433854934704497097e-02,3.607564135021479323e-02,-2.839116853646478367e-02,-2.014911477143842000e-01,-9.042046977139214792e-02,-1.857896680478970941e-02,-2.099937426235909677e-01,2.696965687954326618e-02,4.692424895541347230e-02,3.357068240216382615e-01,-3.253961488420968884e-01,2.721467606810061279e-01,-3.355537212326961116e-01,-1.761988849824025483e-02,5.155677851802815681e-01,7.297777813579919837e-02,-3.236396738680336060e-01,1.290143636977717501e-01,2.567320871540026972e-01,3.960944627807825857e-01,-1.998184821354752061e-01,2.188867241099411165e-01,2.524893985579447220e-01,-3.567832166773532987e-01,-1.631616163265854347e-01,1.900709008063861116e-02,6.420771444132498118e-01,-5.013092965466175999e-01,2.070057545098236695e-01,5.074882539512604041e-01,-2.993778529885177675e-01,5.473931480656595294e-01,1.666423911005642799e-01,-1.941276671662704456e-01,-1.025893864333059791e-01,-4.070061212530451389e-03,6.270662661748083178e-03,1.866981398981138740e-01,9.367284619303265503e-01,-4.545328742602643135e-02,6.034536345876894137e-01,-6.020881720357777744e-02,-6.555383334426861941e-01,-1.422625322571499096e-01,6.557166738562064667e-02,-5.308601862704215302e-02,3.156375229557588646e-01,-2.300663753708806492e-01,9.708863436907799738e-02,-2.479879803897840906e-01,-2.458152997299403175e-01,4.321797607435304833e-01,2.312545667062636534e-01,2.124543211788811059e-01,-3.522749017109631509e-01,2.094260240339763379e-01,-7.062207601040697280e-03,3.945975865148892980e-02,-2.698597156351117965e-01,-9.944578801618454700e-03,2.597896551563003142e-01,-7.406586387916985759e-02,-2.608216674878074404e-01,-1.103086979134411949e-01,-2.045251711028795161e-01,-4.966608761947012285e-01,-1.416269482991218687e-01,-3.563300724413366871e-01,4.054771699678380026e-01,2.284179922654170913e-01,-2.172558598031172628e-01,-3.665861300595758543e-01,6.183490886978415535e-01,-4.178867147504579105e-01,-5.895422451470166969e-02,-2.458097881293025144e-01,-7.447417696848049329e-02,-1.072976066580215992e-01,-3.140228968673748344e-01,4.787254359619829147e-01,-9.177079291972348729e-01,3.880720983264200896e-01,-1.723234383391828162e-01,-3.369147296661059166e-01,-1.079702374959475020e-02,-6.151061137685803759e-01,1.249782011170302576e-01,-1.428918839120324469e-01,-2.456982725586971394e-01,-2.138992457806487835e-02,-1.496837946419743992e-01,-1.397457608634675719e-01,-5.985057350677933652e-01,-3.747800837790001699e-02,-1.957393328569504987e-01
-5.592712999098221616e+00,1.155222322547323710e+00,-2.232100818641615803e+00,-6.694781888576365469e-01,6.953621433367848326e+00,9.128700778939292659e-01,3.585290412989841635e-02,-7.355519793678021445e-01,-1.011390571752370349e+00,-5.203394940544825431e-01,-9.216288984649401161e-01,8.113260488287467043e-01,-2.044113532158819080e+00,-1.741327834545695286e+00,-9.013111030512503952e-01,1.774750071022016762e+00,1.801178881158024270e+00,-5.621557058884846469e+00,-9.922280672131498225e-01,1.141209475111875538e+00,2.400610749714581771e-01,-1.067951208428446597e+00,-1.120472351317989279e+00,-3.327962021209062371e+00,-3.420663019848660724e+00,1.215061243884885123e-02,-8.104442681609089760e+00,1.027586932073092374e-01,1.006886012054714064e+00,2.827867875479503912e+00,-4.663528623304054932e+00,-1.614679405760639508e+00,1.136244007328167882e+00,5.766342450818751075e-01,-1.472783064318472945e+00,2.538330645328035207e+00,5.791362316133477073e+00,-5.475329250195631658e+00,1.086062641041219301e+00,5.368996010053472823e-01,1.525590043986095878e-01,-2.263227288920641289e+00,5.311547090156471640e+00,-2.856410943490397258e-01,5.330091569790395667e+00,4.073299718240434686e+00,2.942108500281719330e-01,-2.416585506651895088e+00,1.442248390031320548e+00,-1.850619544563779639e-01,-4.336812749867542394e-01,7.736175589654559204e-02,-3.602516782334354239e+00,1.104476856449378097e+00,1.206576978636928033e+00,2.289847542512237766e+00,4.011489092594604511e-01,1.626419973787908368e+00,-6.708991324920243748e-01,2.339385389407429017e-01,-1.114646000880666676e+00,-3.845531982864711651e-01,-1.922912395199065649e-01,4.407687768018096364e+00,-1.409862531924921392e+00,4.675160272733947409e+00,-3.737673296058914296e-01,-3.710537257790356147e-01,-2.067403434119327699e+00,-1.555266862902310088e+00,5.305195975969860811e-01,-2.093585823230960763e+00,-3.004776529844741972e+00,-1.759403540452417758e+00,1.345792466172157198e+00,-2.049265676158952942e+00,1.635249308969838333e+00,4.845538912845444024e-01,-4.076280320870004914e+00,-2.301354751963581524e+00,-3.741451946117648752e+00,-7.799516348383761510e-02,-1.795414818672397494e+00,1.038892790379897235e-01,5.374652730943372259e-01,3.171452816241493444e-01,-3.157649859231857481e-01,6.972061365069026628e-01,1.036808399212211684e+00,7.101748976841286698e-01,8.185838159819995852e-01,-4.899723904361499294e+00,-2.404058140884475225e+00,-3.217607162092197548e-01,2.119905730528745647e+00,1.336619471783312418e-02,-4.971684387338193289e-01,-1.539939032229052707e+00,-6.895024863315680763e-01,-4.287504636679935643e+00
2.565108080670737145e+00,-7.571503560816279510e-01,1.497423655296008072e+00,1.132604287915980557e+00,-3.400808495134377107e+00,-6.834498692881763038e-01,-2.088351107613983793e-02,5.719859650075010959e-01,3.148077706325658198e-02,-1.100516093230091141e-01,5.134429797254344230e+00,-6.213658900321723522e-01,8.690385381066391135e-01,1.611479664815278934e+00,1.858112276509594096e+00,-1.878169442325095195e+00,-8.274291352751494966e-01,3.524805623952157241e+00,2.236500860363840548e+00,-1.019233014740664967e+00,4.096534603993098322e+00,1.211629652779618205e+00,7.595810116438610482e-01,2.725502389131322367e+00,1.887750283563252029e-01,1.273689234668964776e+00,3.664879179792716712e+00,-6.813872379618942654e-01,8.067754646362277349e-01,-1.503090415758285614e+00,1.765321727350625203e+00,1.355734328418364054e+00,-4.110380996006598453e-01,-9.392440094470311251e-01,5.611960978008156964e-01,-5.269610811172648290e+00,-1.918307850898409272e+00,6.432512875425456578e+00,8.543520778698625584e-01,-5.537688011327314141e-01,3.397568324664677064e-01,2.750006924179341006e+00,-4.641220732187152365e+00,2.252437866444134684e-02,-1.107380803106495559e+00,-2.638321640590015171e+00,1.375303476303164629e-01,1.794295968928333096e+00,-5.370770240844313648e-01,4.428863260202295926e-01,-9.925823821236212652e-02,-8.321467205917103538e-01,7.245259043952590794e+00,-3.893443544494745723e-02,1.429657434010670247e+00,-7.747278651252822446e-01,1.192302638569868733e-01,-1.739702627948982450e-01,1.319333007427436755e-01,2.471717256694905274e-01,6.490715932381805331e-01,1.157809167777093196e+00,9.584041729199436199e-01,-2.887465468288660020e+00,3.541839872850540250e+00,8.018466624110418550e-01,2.329464860868717402e-01,-3.373409079113920406e+00,3.852325772337686693e+00,2.380541446405537442e-02,-1.088864992441119339e+00,4.185814976519734998e+00,2.404866083432215529e+00,-1.799556029389512979e-01,1.268000512417723158e+00,1.298116304964562984e+00,-1.137769018339598315e+00,1.892381372165732323e-01,2.939525128923291319e+00,-3.413431429509643067e+00,3.746834260786149340e+00,1.740086718578926384e+00,1.387308756733880877e+00,-6.105375451564554190e-01,-8.635282825055479172e-02,-4.669798604550194909e-01,4.870490281894781504e+00,-3.628552462787615340e-01,-2.074798443747341015e+00,-1.244944691420717398e+00,-1.104606608854552974e+00,1.644700350190429594e+00,-2.569730602935424990e-01,-5.490060637727900428e-01,-1.669774520938959839e+00,1.296150179030215233e+00,5.560611968019255613e-01,3.575836428045993554e+00,1.344311320841247603e+00,4.496497455033929835e-01
-3.233411584726150423e+00,-6.031167171049766074e-01,-5.291977488496504289e-01,1.450572752176861657e+00,4.664694958639486799e+00,3.507291706189404890e-01,-1.560615577400460641e+00,2.766295476761709837e-02,-9.894770187445434129e-01,1.173981475125598362e-01,-1.019594875363033992e+01,8.485280280878656489e-01,-3.754686722745559369e-01,-1.085500168901767148e+00,6.839203977634850107e-02,1.708657493414150297e+00,5.580927202180999025e+00,-4.872973469953843839e+00,-2.041061522470945633e+00,-8.424863323570952467e-01,-1.501794206986697633e+00,-2.099841568746071641e+00,-3.208628125254331387e-02,-1.487515736998543225e+00,-2.479941647836990892e+00,4.280509187880740640e+00,2.644160714718342575e+00,-1.237724877261006551e+00,-1.208919747427487312e+00,-8.875340052816822478e+00,-6.513065606924551609e+00,9.321226336528942724e-02,1.718180184273736089e+00,-1.672699640256780640e-01,1.270529240966231210e+00,-1.248710324803218308e+00,2.767662690652138213e+00,2.786363281620525711e+00,3.257934239474190807e+00,2.391199050085883737e+00,9.336430653998917251e-04,-7.002749574172308922e-01,5.541362395387383621e+00,-9.802647377362214698e-01,-8.191994891593072925e-01,2.439126489669289466e+00,2.344585986565737468e+00,1.149715022226365013e+00,1.207391930405953495e+00,1.292883566493153058e+00,-1.366814128721039800e+00,-7.429387701717793391e-02,4.305754112431800174e+00,1.932252953013813279e+00,-1.522313196265907109e+00,2.317436884999077851e+00,2.433995085819033122e+00,3.030588056428895172e+00,-2.120332651980123106e+00,1.686025741028674974e+00,-5.420876504520264483e-01,1.435007152402915986e+00,-2.067182671506781588e+00,2.386138477508076949e+00,7.113097588517006464e+00,-3.459169017943971358e+00,-1.008543215884877720e+00,-8.338530515580011127e+00,4.509627649053745913e+00,-1.342415363509054549e+00,-2.125257559773974236e-01,1.191747588132989089e+00,-4.570891622880441929e-01,-1.813162772926228961e-01,1.159482706606564939e+00,-2.628717711435637039e+00,1.818023640709012234e+00,5.268053997240458308e-01,6.154223864832966129e+00,1.290489922044368853e-01,-3.846916789109759094e+00,7.836648289742713658e-01,-3.927866467436622600e+00,4.754993710891584069e-01,-2.187885602807155827e-01,-3.779060568155632183e-01,1.288517352995728116e+00,9.784827850413304606e-01,3.639392165390953338e-01,-2.048156904030546510e+00,-1.193180798123383290e-01,-3.696422077225030023e+00,-1.156591930778581911e+00,-5.123450177819883766e-01,1.577051917876272746e+00,5.168050879420412969e+00,-1.084769667258913550e-01,-2.967947804355206998e+00,4.124071096925236990e-01,-1.274220684874507903e+00
-5.485683391707328660e+00,7.385055695584911151e-01,-1.256490497558894637e+00,-5.933409167643508564e-01,5.416772863234216473e+00,1.549193655057551133e+00,1.147744981673848974e+00,-2.120516044258830557e-01,-1.140356807811243600e-03,1.335078111597248207e-01,5.289066292041658457e+00,-1.166951515416217333e+00,-1.105298789249465452e+00,-2.231296720158872038e+00,-2.287351037628634898e-01,-1.020969720537280523e+00,-1.215991267250623231e+00,7.597190980394283866e-01,3.748676229587657893e+00,9.669269452093447459e-01,-1.542145372447401686e+00,1.073988131414340907e+00,4.333772571954047081e-01,3.448504464486031873e-01,-1.272397149185057197e+00,2.872794632724521957e+00,1.661171215390787603e+00,1.559012474958493710e+00,-8.928331015179532537e-01,4.180226975460580086e+00,4.701846998652167819e+00,-1.061585823148959440e+00,3.137354988276130907e-01,1.207972077759027485e-01,5.492354317901142480e-01,-2.660844909347669152e+00,6.911002131266167581e+00,1.504837318929168610e+00,1.259173475369198769e+00,1.959412886732225800e-02,1.482150725753624276e-01,-2.594356529103264641e+00,-8.134994071786522341e+00,8.141209515349054904e-01,-1.774959728668784820e+00,1.180619938256128432e+00,-9.820932583964885332e-01,-1.547555865883849746e+00,-4.130842412485614679e-01,-5.473619784382206532e-01,-1.127950331460599864e+00,6.707238259960930371e-01,-1.239945511551869606e+00,-1.615203623446962444e-01,1.811251163902538819e+00,8.127590757393581278e-01,2.602490827060325973e+00,-8.247676446944324224e-01,1.935611096419408206e+00,3.279315847757828806e-01,1.350280990593437647e-01,-2.405608860745483302e+00,1.202951936620369811e+00,8.140888226928395532e-01,3.091953076285273827e+00,2.018128771633230789e-01,2.119005723734410651e-01,-4.565737135702751637e+00,-5.592308676647361754e-01,-2.504085094924559218e+00,7.606994073774013820e-01,4.382206045480163681e+00,2.178271886685099634e+00,9.936017105331610422e-01,5.863473957219524912e-01,-1.895893346349231123e+00,2.346977385856503950e+00,1.771357710771723770e-01,6.090235038459676176e+00,9.312972745877262426e+00,4.592720686968165822e-02,-1.492691442167404681e+00,9.195481000750266531e+00,-1.220484688505012461e-01,8.387617186301130623e-01,-2.237313096408225732e+00,3.635936657385998583e+00,-6.627578131508440329e-01,1.982972926703052696e-01,5.410502566297241689e-01,-1.651923068658684990e-01,-2.457143869693555693e+00,-1.020709182746201371e+00,-2.513775260533247513e-01,2.246570954272862242e+00,1.554156200429984702e+00,3.266528260129999417e-01,1.720169473692683138e+00,-1.497621207656840259e+00,-6.908736623271396482e-01
4.031950649887976468e+00,-9.084457514686660184e-01,2.122951236364149619e+00,-3.220209617927580203e-01,2.263654797278605635e+00,-1.989931756208026314e+00,-2.085644625933373408e+00,1.114196887976771633e+00,-1.756497831473148086e+00,-4.641617501036460203e-01,1.718978915816938402e+00,9.328499401558716375e-01,-5.095503989420983870e-02,2.282726142523488821e+00,2.813873189390353247e+00,-3.410638119481173902e+00,-2.293946422903458071e+00,3.417225716585449380e+00,-1.101285666603873636e+01,1.546081579902422731e-01,3.371798325913822225e+00,9.087838532664797242e+00,-2.293954347700654317e+00,4.471218070510230902e+00,2.808699451465973773e+00,-7.561109098628644887e+00,3.539513641092875140e+00,3.380419082319493507e-01,4.834301172827320414e+00,-6.468054246433862176e+00,-2.147421105695123789e+00,6.288998844964611701e-01,-3.527772972334213719e+00,-1.166387079781579406e+00,-2.725467811694063602e+00,-3.752621106616464086e+00,-4.660913887336882055e+00,-1.160878877393515918e+00,-3.703148701907044593e+00,-4.536497329098533093e+00,6.209649497423246345e-01,2.175250823801907707e+00,-6.888866654143710466e-02,-5.516554517920613243e-01,1.456396283247703538e+00,-4.198736046164741609e-02,-3.052577995013009193e+00,1.423989458764893801e+00,-1.434691154565337801e+00,9.740002607103812604e-01,1.890366498780677862e+00,1.445968365052644033e+00,-7.436435111697491607e+00,-2.754838652288635892e-01,-8.930202122449248492e+00,-3.073122165312342169e+00,-8.554499204592241668e+00,-9.709868238334036228e-01,2.687741556616250804e+00,-1.849562264754220031e+00,-5.927286189028704300e-01,-1.705440406075444670e-01,-1.505322423110137198e+00,6.423606266664227071e+00,-2.983458025729090135e+00,6.690386979633613507e+00,7.293149031747070410e-02,1.333470999647639488e+01,2.074215833743906945e+00,-1.001517455215003949e+01,-1.970008012072268500e+00,-2.433278240621502331e+00,-4.529309904563570299e+00,-1.056388440159598652e+00,-3.364190716639437362e+00,6.640056346830321310e+00,-3.724556197843804206e+00,1.209497147780326465e+00,-1.530912724685158821e+01,-9.798182371994764495e+00,9.366862475904844665e-01,2.692660332261608502e+00,-6.634521953764315860e+00,1.383805606018882806e+00,-4.861348555038637054e-01,8.955234321562892674e-01,-8.278280221860411459e+00,1.062284515704171373e+00,-1.539381881350294634e+00,-2.279987277547134372e+00,4.469896333731982807e+00,1.018441238304167218e+00,7.856710722022017812e-01,7.186580808899858397e-01,-3.788491760207515213e+00,-4.755544679873200842e+00,1.735572935848523013e+00,4.811591036238911379e+00,1.050863465727560175e+00,8.270104247938723674e+00
-2.589278659766082402e+00,-4.577733874648957646e-01,4.483552100593614087e-01,6.298211568643394820e-01,-2.109796036365031657e+00,2.615368822887484956e-01,-2.602901607226952296e-01,3.274482168863601106e-01,1.984604819070013015e-01,-8.072370832783801187e-02,-2.954145993769809131e+00,-2.252322851691611061e-01,-4.639115117064835925e-01,1.876240600496323463e+00,1.096764601313881538e-01,2.404757114522471095e+00,-3.881749764005619774e+00,-2.034934866503608664e+00,1.840662803252959057e+00,2.511839354540155167e-01,2.391363935052890355e+00,-2.223685607668322906e+00,4.871911535984707609e-02,6.517684863682808860e-01,-5.038208423753280929e-01,-2.189432356140414537e+00,-1.857064825315195788e+00,-2.151734641165385653e-01,9.231075511513657794e-01,-4.589059617638667987e+00,-3.938680201157597427e+00,-6.642318194259523301e-01,8.934521457381635612e-01,-7.915222592535986479e-02,4.199661245365544637e-01,1.381724379780434830e+00,2.043009520627333764e+00,3.092378274572427088e+00,3.531789930147583578e-01,4.124385687667706524e-01,-5.310698511191589422e-01,9.457930843391249009e-01,5.947196091275515961e+00,-3.779716637733882001e-01,3.776625494853928178e+00,6.769510608471629443e-01,-2.966745601266324028e-01,-8.190840528916057295e+00,8.665877871123056631e-01,2.949686637499882025e-01,-1.564891515793258581e-01,-6.983940345056446342e-01,5.824389827844571599e+00,9.112208106190000656e-02,-4.647679898720361358e+00,3.338074642163806338e-01,-3.199518775783781965e+00,1.965154656641562303e+00,-3.065485577703737086e-01,4.650560688015548116e-02,7.855476028397370136e-01,1.279198991363946547e+00,-1.678038401199189789e+00,2.222055243941544855e+00,6.244103304062775806e+00,3.424013555023672772e+00,-7.712261909129174420e-01,3.185972855951995086e+00,2.126897603030586836e+00,-4.199809698286149917e+00,-5.721168683479160855e-02,-2.568833858316441621e+00,1.769074990925099122e+00,5.238666687926576415e-01,-1.064660248668616305e-01,2.847295534132801897e+00,-4.228921294506147177e-01,-7.948636128328563366e-01,-2.293391415443755577e+00,-1.547004174482055516e+00,-7.677679715416729778e-01,-3.234514193722537456e-02,-3.020441958441823616e+00,-2.361977654800506699e-02,-4.485734921097557226e-01,8.288372137513984050e-01,-1.887692493878010858e+00,2.756222796922989104e-01,2.032659913762486781e-01,-7.332940382229082843e-01,1.521464211112198317e+00,-1.114169064723544489e+00,-1.374918256574952924e-02,-1.372890937577459169e+00,-9.531897820643820962e-01,3.413831394882794967e+00,1.668579740887232710e-01,-1.833548670098666955e+00,-5.721809800202759533e-03,9.415487804200424193e-01
-3.087642856162531313e+00,5.754024400943197337e-01,-1.272914278675594257e+00,-1.897316244879704739e+00,3.772039579898637918e+00,-3.803127704535280706e-01,7.052316253612282981e-01,-1.002243626282198097e+00,-7.644626653519703829e-02,-1.151287842171753728e-01,-1.768319674572865985e+00,9.176156874732073199e-01,-1.206133169981820963e+00,-2.212161792853588160e+00,-5.141569547887009373e-01,6.276940633963921101e-01,-6.834261517040960410e-01,-1.348603766205805465e+00,-3.472443586234555735e+00,5.505931828863750432e-01,-5.332560823842239728e+00,-2.069252132856506110e-01,-8.591106619569863767e-01,-4.263383619793875923e+00,5.811159884813543730e-01,-4.636335569354955055e+00,-4.075500590497419751e+00,6.462667870362920342e-01,5.887001958283154535e-01,7.283270841260945261e+00,5.575121020827686902e-01,-2.943478051677817398e+00,5.390608879408902432e-01,8.341483214852560835e-01,-1.146717978574474550e+00,6.811912147645229787e+00,3.490437627178456736e+00,-1.222984651976632620e+01,-9.127737893245722045e-01,-6.260388470235498382e-01,2.002740308748168108e+00,-4.850596392258063716e+00,2.594693097618806288e+00,6.877438870360341738e-01,2.277218836336626584e+00,3.583476161061083687e+00,-3.312181601473113135e-01,-2.429096993375588376e+00,-4.990455986218997886e-01,-1.488692785947879127e+00,1.241249180562859156e+00,4.657055401263657801e-01,-1.279716151433471794e+01,1.779126788183587715e+00,1.444159984834753052e+00,-1.744712711513751735e-02,-2.903662920271590675e+00,-4.428610237182535325e-01,1.948241082983184214e-01,-6.178252369959782442e-01,-6.956973771251926397e-01,-1.738037375544869922e+00,1.061162815871434129e+00,7.493935430309205614e+00,-8.080460192066963643e+00,3.646017846224535397e+00,1.963756170849442206e-01,7.327121612003989704e+00,-7.830092013325126388e+00,-2.049245526552424757e+00,-2.608809668131542026e-01,-5.632643712642837031e+00,-6.865824980360820007e+00,1.874946459043342895e-01,-3.046149794995709481e+00,-7.038929929100457006e-01,1.462129756877888376e+00,8.016020558304742805e-01,-9.357265464311684156e+00,1.512848243158433581e+00,-2.743386607066644167e+00,-8.310300237575336535e-01,3.671550732117194737e-01,-1.672941061027044540e-02,8.137089335099274567e-01,-1.695956996529681682e-01,-7.317575472553626170e+00,9.732439199297733268e-01,-1.776391504929768494e-01,1.884979593072841908e+00,7.994865759472800093e-01,-5.451487918693489476e-01,5.949291675482415442e-03,4.881938030444932242e-01,-6.023915228818055301e-01,-2.452395975352362534e+00,-3.353811554264456429e-01,-1.881978890798718274e+00,-1.251846658173868088e+00,1.855401517170898629e+00
4.258351809933201615e+00,-6.568166828806693003e-02,3.596550044514605360e-01,8.831180411964736354e-01,2.923931458002158035e+00,-8.033226288769803602e-01,-1.431223491130472203e+00,-5.342577665728707181e-01,-6.744282052848080689e-01,5.373159458282419365e-01,-1.071848457728743487e+00,9.166471323573298635e-01,2.260853457150624468e-01,6.374646866983280091e-01,1.271759478452676229e+00,-1.042134664463278959e+00,6.688317145875380731e+00,1.031876964610448866e+00,-6.416851769389921856e+00,-9.504015698358450059e-01,-1.021945457493201037e-01,6.933412748218596988e-01,-6.716736360037358633e-01,-1.601669952716007650e+00,-2.006071390379177810e+00,3.593333847215270938e-01,-1.439215351261323939e+00,-1.892716609158824337e+00,-1.763205856708219388e+00,-2.909768170866108949e+00,-3.533925383874953141e+00,7.051232699527547609e-01,-9.446184178871752657e-01,-3.637013805870892291e-01,1.313747728358302114e-01,-2.499494597456692890e+00,-7.595775886512240227e+00,-3.351091607431635033e+00,-1.001443400990641441e-01,6.494404818562884429e-01,-7.147445576862785366e-01,1.965505310565959229e+00,-4.163407051384033775e-01,-6.430798049298578345e-01,2.369387826908302408e-01,1.113423108264621764e+00,2.088823404252944105e-01,6.396467181482908160e+00,6.630002149172957715e-01,8.922850465652691909e-01,-9.464510159277805812e-02,6.219540712837082763e-01,2.803269559677228795e+00,1.367732867894127846e+00,1.546889748181432545e-01,2.338285271890301331e-01,7.117771046595419149e-01,-2.217057564018081184e-01,-9.011106895739948719e-01,1.241677063969944150e+00,-9.466536085729728711e-01,7.365602091338567803e-01,4.484572128234232125e-02,1.090829355593141203e+00,-4.683996136334410032e+00,-4.865751835198757203e-01,-2.306907550622150360e-02,-4.075180182951362085e+00,-9.533423251107018270e-01,2.847770752223453883e+00,-1.283250818704584351e-01,4.040326949891605679e+00,-2.777566685691589932e+00,-1.205185564371227036e+00,1.497922709509394767e+00,-1.758378738833308752e+00,5.910692181980150561e-01,1.245759680489348264e+00,-2.938188600005926077e+00,-4.924127611337469013e+00,-2.062084994452585196e+00,3.449963763962289320e-01,-9.091315526081715781e-01,4.133203450899101128e-01,-8.916885455637153512e-01,-6.659453628444955697e-01,2.007111296563995673e+00,2.670972960364872417e-01,1.232517970905844251e-03,1.687154054837614048e-01,1.587264281659739318e-01,-1.520081282648760634e+00,-1.808720399379839527e-01,-1.223667444541110871e+00,4.593969942948294971e-02,-2.035930619492984484e+00,5.232731016538352264e-01,-1.278878442393356352e-01,9.239335379105348967e-01,1.045114089059618889e+00
-1.720900887879619923e+00,3.306016461178859500e-01,-6.747599321262532923e-01,7.098917987512320948e-02,-3.079500027482601876e+00,6.001163428578553116e-01,1.449864117732458269e+00,-8.039502167814026601e-01,6.370641923133099072e-01,9.471281938790448995e-01,1.195863671481901847e+01,2.100797121448880311e+00,-2.043203748920668250e+00,-9.727218374582513594e-01,-1.483211156098663164e+00,3.864890891634336523e+00,-4.605362391364955066e+00,-8.240409696814392504e-01,6.353741264218424334e+00,3.249523217090966587e-01,-2.600957289598329059e+00,-2.650838138356379048e+00,-9.353389106787826646e-02,3.844661841307220329e-01,3.511793950076731896e+00,1.615443411967846243e-01,-2.093362002246239584e+00,1.233302674415424516e+00,-8.462293625830915600e-01,5.957446815121068440e+00,3.603482349361057047e+00,-6.711307219445283856e-01,6.095637917465370759e-01,1.063775096408499099e+00,-1.722672987628614205e+00,3.131657311491483853e+00,1.021450312045237929e+01,8.610745549129489973e+00,-3.503828674329644288e-01,3.436569983227992786e-01,2.659130808362415443e-01,-1.743283894869874784e+00,-2.948119935631708266e+00,3.622324502650644540e-01,7.661077139418311255e+00,4.094964300783305866e-01,1.698893070128874250e+00,-1.070252984548482544e+01,9.550154211278094607e-02,-1.205921359890049782e+00,-5.813790188994616415e-01,-1.388040597241788188e+00,6.270407980366059508e-01,-1.089533145091186483e+00,1.246214991637761393e+01,1.411542073885562187e+00,3.703743055444888910e+00,6.020434154360922996e-01,2.352726933812316901e-01,1.154625430097143024e+00,-1.170632368854189975e+00,1.971751996834195886e+00,-1.706362266780052872e+00,-1.994670134354625812e+00,-1.254973318697514273e+00,-8.961569728820251157e-01,-4.127910733796791298e-01,-2.033306609138944676e+00,-1.178961092165922153e-01,3.252366291486553429e+00,1.131525119201840290e+00,-2.031472555110690248e+00,3.055387363658541133e+00,-1.158378010959106863e+00,-4.091983214348076103e+00,-1.286074472997912777e+00,6.589538393465672605e-01,-1.619440272507520540e+00,4.784846789358143226e+00,8.518893944377731842e+00,1.693572044209990413e+00,-2.545650933821232087e+00,7.730102066577774877e+00,-1.185602448878083415e+00,6.795446610030975165e-01,7.013170644319401958e-01,4.522881654890953840e+00,6.310506228719185984e-01,1.999861995951935256e+00,1.448770153696139484e+00,4.164008291501418713e-01,7.453695160312375778e-01,1.442508307703225912e+00,1.669471103943043211e-02,5.213304576996355966e-01,1.293443906979086844e+00,-5.619043958682450324e-01,2.070995905466155307e-02,-2.133750158975500355e+00,-2.671335338646929625e+00
7.000396074512579503e+00,-8.704595755318881301e-01,9.307233073785184940e-01,3.090289143077674661e-01,-9.104396663918237209e+00,-9.574510650485523744e-01,8.942317629724392258e-01,1.934540195340229141e-01,-4.795475039772876813e-01,6.439183613453678401e-01,-4.578757666415355310e+00,-1.273955110761311627e+00,1.607215896177483172e+00,-5.525352176293255591e-01,-8.363229990136669123e-01,-1.523178299746026809e+00,1.626532778323213912e-01,-1.871471228288054678e-02,-2.509498470499030187e+00,-2.502292727374316739e-03,2.825822202264302030e-01,-4.843813105192548707e-02,-1.397155682767329266e-01,1.423083868796944707e+00,2.169174246306445841e+00,-2.325063719414846908e+00,3.956774213381755168e+00,4.462739419781726058e-01,6.182304370824309725e-02,-5.620472006506471274e+00,-3.619467709890650031e+00,7.407380499806623941e-01,-3.491707182112402386e-02,-8.400787034908846485e-02,-6.286545528463189925e-01,5.341903705858584317e+00,-2.344603072409083389e+00,-1.342466340231551314e+00,3.163650211940929324e-01,6.873089676766714895e-01,5.687397545459811354e-01,1.466321080373896635e+00,6.067305786976309179e+00,-8.580639035646493440e-01,-4.021301525880457639e+00,4.803703616036036905e-02,6.577090695618001970e-01,5.194069821944329313e+00,1.222351176697196173e-01,2.891614868888576773e-01,6.410970205787296372e-01,7.552719722796243929e-01,-9.461047015841671737e+00,4.186874751278661932e-01,-3.299733297838173929e+00,-8.855116574318029343e-01,-2.625830988454565418e+00,4.957499517099830388e-01,-9.587374362126503957e-01,-7.908213748526695674e-01,5.014131806173760530e-02,-3.741973332393860874e-01,-1.928965718882667213e+00,-1.217361793598810360e+00,-5.571997419757864556e+00,-3.376105396907448597e+00,-6.264366943709775981e-01,3.481693347805053573e+00,3.187465507790990582e+00,-1.494089223727614435e+00,6.996541526815236445e-02,-5.387162217058927283e+00,-1.241588621711181784e+00,5.739277035395613513e-01,-9.664614800095865377e-01,3.989440580747072307e-02,-1.318038568910668396e+00,1.700482344447094007e-01,-4.006483083379990262e+00,-2.976807887530118713e+00,-7.301012355723039970e-01,1.582370925717003107e+00,-7.070116113589069329e+00,6.026085658000710499e-01,-9.623878542116504065e-01,7.302399656727089905e-01,-8.869373106224088588e+00,-9.416568783572181189e-01,-1.247749846461052137e+00,-4.692238769090609773e-01,-6.203879168419096368e-01,2.292456310814566578e+00,-3.900022861998475587e-02,-1.646388878663624933e+00,-2.115475613878606609e+00,-3.977357062947579625e-01,-1.094093348937716925e-01,-8.138141232253709445e-01,8.315874164896093212e-01,3.403536987416746484e+00
-7.188353804897638533e+00,-3.571097484038799341e-01,-4.335308234503030822e-01,1.583458220989692578e+00,-2.460975793078325147e+00,-1.112380621717374396e+00,-1.713194106610377854e-01,-8.091357827498351085e-01,-3.467834709912106517e-01,1.052095382486086805e+00,2.709811660083706553e+00,9.730899739570785245e-01,-9.911759664661767832e-02,-1.953131681980128653e-01,3.972524959725697857e-01,1.925143738267731386e-01,-2.395164000791971226e+00,-3.786165632011229576e+00,3.657080645506529670e+00,7.008399498739887878e-01,3.513302127732759850e+00,-3.179393488509971277e+00,-7.429391563584126779e-01,6.449890242822262643e-01,1.303645942373733158e-01,-1.828669859636011141e+00,-8.741551315230793318e-01,-1.857436898938847225e+00,-2.030208587962949451e-01,8.773976505982518104e-01,-3.832140045459653255e+00,-5.889163635389937923e-03,2.639263106950177740e+00,5.166455172615904701e-01,6.682280357543444183e-01,-2.155429821248300737e+00,6.143608423501714100e+00,4.676474765647035348e+00,8.158725554647583422e-01,2.630948871939707612e+00,-3.067345150315905489e-01,4.347965012107248839e-01,5.378820491163891049e+00,-3.112914700604885176e-01,-1.228968186661181239e-01,-9.256767593633941082e-01,1.533733538506218075e+00,-6.947449606318278903e-02,1.276991527736268672e-01,5.510876895293209676e-01,-1.392525819516178487e+00,6.890325687080534056e-02,5.723723388378349597e+00,-1.499781251070280708e-01,1.790605963377930099e+00,1.186158773230473251e+00,4.261811605303910122e-01,1.813995373363557650e+00,-1.344857368861519742e+00,1.008248682830750198e+00,-5.669486495002784565e-01,1.093474126170708161e-01,-1.473454056997706374e+00,-2.919289887278684770e+00,5.521484768030470391e+00,1.834826609169300626e+00,-6.861698567801823856e-01,-4.238294214455375908e+00,4.074468688418035001e+00,3.321190827563508474e+00,1.259751548937151799e+00,1.242048097915513960e+00,3.328876901202913352e+00,-1.322265857694429281e+00,2.474424333214844396e-01,1.685137188790021945e+00,6.878126880090769113e-01,-7.930857957077184217e-01,6.212218076242993270e+00,-2.342794489215338949e+00,2.686593958512483171e-01,4.074294653938546062e-01,-3.849996633411907787e+00,-5.061015541466602485e-01,-5.485173528569089463e-01,1.269471736211580382e-01,3.299302630151925264e+00,9.343924849039684233e-01,1.903613222375525771e+00,-7.277816257752967033e-02,-5.550201334793212204e-01,-2.519774496244998385e+00,-7.364538382271423878e-01,-9.060859814669735002e-01,1.919705126201284306e+00,3.550313381634794041e+00,2.920678548934582119e-01,-2.281065320540913710e-01,-1.852091217418392333e-01,-7.354328798825114255e+00
6.540205812216233205e+00,5.098952272434824629e-01,3.968606259775499523e-01,-4.230011435859111213e-01,-8.154225131349489564e-01,-5.595092929049835240e-01,1.316101485663025539e+00,-4.323160106366992217e-01,6.720324238699262875e-02,1.096481677327018345e-01,5.378199226126972654e+00,4.681374946400414516e-01,-1.545466127490480457e-01,-5.441576669696676083e-01,-1.352001823028762262e-01,-2.456917427521542852e+00,4.960053231867673773e+00,4.577810730361853153e+00,-7.245442099105771305e+00,-1.397170637389962833e+00,-2.620412959827257637e+00,3.044526020699503732e+00,-1.109697068136307863e+00,1.450298748948709582e-01,2.270064049935719641e+00,-2.124969315527961200e+00,1.591680650985645151e+00,1.260617552202477176e+00,1.101031132262694445e+00,1.028733387660307308e+00,2.456273648716699398e+00,-1.074662608604278091e+00,-2.516794755599105482e+00,-1.623701337899232655e-01,-2.887428436320776726e+00,-2.973931707137720259e+00,-5.816388435561002268e+00,-5.103216710127806977e+00,-1.259121793582346438e+00,-1.606066542352502236e+00,1.315072248633253338e-01,1.527626300958136119e+00,-4.275515088854501045e+00,2.889101189622014232e-01,1.499979558431361992e+00,1.040614556053254258e+00,-7.041153727024604958e-01,6.182141761839544003e+00,-2.158033302899082795e-01,-9.509531467359197965e-01,1.574544198125643391e+00,3.461076286206545838e-01,-1.072518203306879059e+01,7.681982687591053516e-01,1.268611710598126718e+00,-1.299796201889020786e-01,-8.433159614749109467e-01,-1.211747107448577943e+00,6.498302264599851163e-01,-5.635371513435987190e-01,-4.521620098664336229e-01,-1.565023167435958484e+00,2.021686210082240365e+00,3.230086477922195609e+00,-9.757766065626629626e+00,-4.190727691402725830e-01,4.106993618437588811e-01,3.329714175778635710e+00,-4.034364623920336790e+00,-3.083593253640509957e+00,-7.887564005341083373e-01,4.874923931130946686e-01,-5.347950067435336408e+00,-9.123495620137959117e-01,-2.012914167119179254e+00,-1.699260726093350105e+00,-2.042676047881376800e+00,7.234470875233167675e-01,-8.541455928821394039e+00,-1.782265503063640288e-02,3.934651392877497322e-01,-3.081476839169816628e-03,7.667071879033626747e-01,-2.060386489288092982e-01,6.517289583620120563e-01,-5.079948025374316778e-01,-7.720962885428654943e-01,-8.009682506941780966e-01,-1.373433489108739636e+00,5.607946432476516030e-01,8.817441968190937729e-01,2.455434129503981211e+00,-7.821876116332214801e-01,2.093531336901588435e-01,-1.003217394770569149e+00,-7.113040941901099146e+00,4.086615228187147064e-01,-3.146086862268113737e-01,4.492012530197022624e-01,3.498691738028451681e+00
-6.854598642903489414e-02,-3.325901667823882857e-01,1.384161202531260793e-01,1.143812921258853671e-01,-1.020139296437924670e-02,-9.439043022184337439e-02,-2.141594898987658063e-02,-2.095890789398881793e-01,-6.647068599907694775e-02,3.199879328948057600e-01,-5.623583707379763152e-02,-2.993141366227058953e-01,1.785322476248571988e-01,-1.918728992869617456e-01,-1.415207514598608995e-01,-8.552394152027274765e-02,1.402077892948329352e-01,-9.824106390913231457e-02,7.972477219527168701e-02,1.838863918544518181e-02,-2.907307113672128601e-02,-6.967406226210975939e-02,-1.277664281729843365e-01,1.580429753350549860e-01,6.038974727684095350e-02,8.462732290001448443e-02,-9.352404628624803873e-02,2.698360860993364030e-01,3.047159489467226104e-03,-1.408180707283281374e-01,9.964760393260183036e-02,1.449011351063803910e-01,-1.391284319874505973e-02,1.086205492443367004e-01,3.831016733226806116e-03,-3.156044694764556513e-02,-2.303969468294505413e-02,1.334930858994619156e-03,-7.140616250637447926e-02,1.198466297065383657e-01,-3.082102023992664419e-01,1.557562636137604407e-02,-7.612279434076451440e-03,1.644757167144417220e-01,9.813564416091616338e-03,9.580393232497372291e-02,8.878821241246384610e-02,-7.681618730375706916e-02,3.816315976101210261e-02,-2.923841186992991448e-01,2.366615162020967444e-01,-3.060135809083072700e-01,1.799088332824588105e-02,1.048298815378126275e-01,1.046221965326864624e-03,-3.767078140835534994e-02,-3.785091433303462011e-02,-1.043157982082176978e-02,1.534089659316642540e-01,1.960160325339724841e-01,1.308568892064064342e-02,-3.203345475545371634e-02,7.076649660861816793e-02,5.759485052836760960e-03,-6.437504809041401724e-03,1.714167819717170305e-01,3.663424623028922050e-03,-1.259406192905627997e-01,-1.191113097879172023e-01,-2.998971580603951997e-02,-1.151974029778547043e-01,4.453282459827810624e-02,4.582484232064990698e-02,1.786349530212304193e-01,-1.674953260951710377e-01,-1.197365327874357066e-02,-2.387315758249051179e-01,1.500251379621985459e-01,-7.791981588681842763e-02,-8.759323045585626702e-03,5.717416061464405258e-02,-3.126891189147858879e-02,-2.774307899711269537e-02,1.373593482273139516e-02,-1.511706944228197180e-01,6.097461512686368212e-02,-8.635582308154883535e-02,1.594060969256638205e-01,-3.431930510094626831e-03,-4.483350118459374783e-02,3.868029134388151907e-02,1.093521684253662279e-01,-5.907560685664983713e-02,4.830703290551957574e-02,1.015515208030824956e-01,-1.354297104843588421e-03,-2.141373756587093280e-01,5.682155773236505225e-02,-5.805934372223622852e-02,-1.067950121382201939e-01
