nan,nan,nan,nan,nan,nan,nan,nan,nan,nan,nan,nan,nan,nan,nan,nan,nan,nan,nan,nan,nan,nan,nan,nan,nan,nan,nan,nan,nan,nan,nan,nan,nan,nan,nan,nan,nan,nan,nan,nan,nan,nan,nan,nan,nan,nan,nan,nan,nan,nan,nan,nan,nan,nan,nan,nan,nan,nan,nan,nan,nan,nan,nan,nan,nan,nan,nan,nan,nan,nan,nan,nan,nan,nan,nan,nan,nan,nan,nan,nan,nan,nan,nan,nan,nan,nan,nan,nan,nan,nan,nan,nan,nan,nan,nan,nan,nan,nan,nan,nan
0.000000000000000000e+00,-6.734799063073721240e-03,1.282570489219274357e-02,-4.065491971414000871e-02,0.000000000000000000e+00,1.357269495868159911e-02,0.000000000000000000e+00,4.095858758959494694e-02,-2.478790839212087482e-02,4.373077022636354116e-02,0.000000000000000000e+00,4.285474926642211801e-02,2.896285508927282787e-02,0.000000000000000000e+00,7.584639004351667602e-02,0.000000000000000000e+00,0.000000000000000000e+00,0.000000000000000000e+00,0.000000000000000000e+00,1.654545091005109672e-02,0.000000000000000000e+00,0.000000000000000000e+00,-2.980875242707855047e-02,0.000000000000000000e+00,-4.614263613238642203e-02,0.000000000000000000e+00,0.000000000000000000e+00,6.568484584827821889e-03,-2.282903499639175188e-02,0.000000000000000000e+00,0.000000000000000000e+00,-7.592970787654571008e-02,-2.752060936228080401e-02,-9.433332860524411279e-02,5.497322539719787238e-02,0.000000000000000000e+00,0.000000000000000000e+00,0.000000000000000000e+00,0.000000000000000000e+00,3.642554055085282100e-02,3.414153531228572569e-02,0.000000000000000000e+00,0.000000000000000000e+00,-1.339707243690337057e-02,0.000000000000000000e+00,5.978564238192752428e-03,0.000000000000000000e+00,0.000000000000000000e+00,1.193793399075644690e-02,3.744091474146536702e-02,2.995344596037988194e-02,-2.901521542304179302e-02,0.000000000000000000e+00,-4.554137434011801266e-02,0.000000000000000000e+00,5.054085078854878010e-02,0.000000000000000000e+00,1.960725703843779061e-02,4.001056759368001002e-03,1.461382288366382988e-02,-4.124368997025368300e-02,3.225881209086183150e-03,-7.720631153893452170e-02,0.000000000000000000e+00,0.000000000000000000e+00,0.000000000000000000e+00,-2.228905983615508610e-02,0.000000000000000000e+00,0.000000000000000000e+00,0.000000000000000000e+00,1.407231440330752870e-02,0.000000000000000000e+00,0.000000000000000000e+00,0.000000000000000000e+00,0.000000000000000000e+00,0.000000000000000000e+00,-6.334230364075725539e-02,5.709214146523713257e-02,0.000000000000000000e+00,0.000000000000000000e+00,-1.989283246790645929e-02,4.507804504014714664e-02,0.000000000000000000e+00,-4.967602901111625030e-02,3.912843587533547905e-03,-4.782710471731235063e-02,0.000000000000000000e+00,-9.891571895834674888e-02,1.425861182045028326e-02,1.897630752548675609e-02,-3.474005204877311792e-02,0.000000000000000000e+00,1.597264672213004333e-02,6.442736765022055723e-02,3.936573365286314546e-02,0.000000000000000000e+00,3.545912882722063175e-02,0.000000000000000000e+00,-6.762012268847177043e-02,0.000000000000000000e+00
0.000000000000000000e+00,-2.787260239325115713e-02,-1.428878091794476279e-03,-1.762119179713507108e-02,0.000000000000000000e+00,-9.852626032587727400e-03,0.000000000000000000e+00,-1.693894105815810236e-02,-5.346425794446495877e-02,5.935899466661403653e-03,0.000000000000000000e+00,3.145418191902259880e-02,4.014446699767445365e-02,0.000000000000000000e+00,1.948084891469899216e-02,0.000000000000000000e+00,0.000000000000000000e+00,0.000000000000000000e+00,0.000000000000000000e+00,-6.123163581829918489e-02,0.000000000000000000e+00,0.000000000000000000e+00,-3.397267587700109059e-02,0.000000000000000000e+00,-3.471868772093109068e-02,0.000000000000000000e+00,0.000000000000000000e+00,3.887115874758416412e-02,-5.408199745994165565e-03,0.000000000000000000e+00,0.000000000000000000e+00,-5.080470028321253453e-03,-3.580620487391530937e-02,6.145918369253632746e-02,7.955857876199841361e-02,0.000000000000000000e+00,0.000000000000000000e+00,0.000000000000000000e+00,0.000000000000000000e+00,-1.094478332781647148e-02,-1.196678900319630284e-01,0.000000000000000000e+00,0.000000000000000000e+00,-2.606655259501192839e-02,0.000000000000000000e+00,-4.959729729457596284e-03,0.000000000000000000e+00,0.000000000000000000e+00,-2.007369876902538250e-02,1.383760313513063972e-02,6.768749963991644442e-03,3.766723766486289836e-03,0.000000000000000000e+00,-2.058102672393613899e-02,0.000000000000000000e+00,3.813802314829729118e-02,0.000000000000000000e+00,4.616905119295368343e-02,-4.058263031914297915e-03,-1.063792748422888804e-02,6.131422249202126036e-03,-5.251482298903162316e-02,4.801327085846548298e-02,0.000000000000000000e+00,0.000000000000000000e+00,0.000000000000000000e+00,1.445639588029786794e-02,0.000000000000000000e+00,0.000000000000000000e+00,0.000000000000000000e+00,-7.492904395350315216e-02,0.000000000000000000e+00,0.000000000000000000e+00,0.000000000000000000e+00,0.000000000000000000e+00,0.000000000000000000e+00,-1.282976422016276867e-02,8.034678712038886839e-02,0.000000000000000000e+00,0.000000000000000000e+00,-1.667197553373542945e-02,-2.054897320168864311e-02,0.000000000000000000e+00,1.228366625500593688e-02,-9.784294859087128496e-03,-2.168669261594953490e-02,0.000000000000000000e+00,-5.161757671365580641e-02,-3.460215168183212314e-02,2.166019607103309222e-02,-3.125767487124096744e-02,0.000000000000000000e+00,-3.972738872934447607e-02,1.335906785262183649e-02,-1.671781345621281209e-02,0.000000000000000000e+00,-2.670061087506024611e-02,0.000000000000000000e+00,-2.922528303675795899e-02,0.000000000000000000e+00
0.000000000000000000e+00,5.318847266777458616e-02,-2.204796000231864367e-02,-3.975731672831657459e-02,0.000000000000000000e+00,-5.703600587875756744e-02,0.000000000000000000e+00,3.360143720889598173e-02,7.337398015161963882e-02,4.377425218064390222e-02,0.000000000000000000e+00,-8.904099190491956972e-02,-2.731863945787889325e-02,0.000000000000000000e+00,-5.017461459992167416e-02,0.000000000000000000e+00,0.000000000000000000e+00,0.000000000000000000e+00,0.000000000000000000e+00,-7.865729757343385697e-02,0.000000000000000000e+00,0.000000000000000000e+00,9.994624729710837457e-03,0.000000000000000000e+00,4.689380908165312334e-02,0.000000000000000000e+00,0.000000000000000000e+00,3.764746866265663433e-02,6.647354175914309271e-02,0.000000000000000000e+00,0.000000000000000000e+00,7.443384841012228026e-02,1.191335388040637155e-01,-5.145508845860635727e-02,-5.228090271195207084e-02,0.000000000000000000e+00,0.000000000000000000e+00,0.000000000000000000e+00,0.000000000000000000e+00,3.582116300256634432e-03,-2.870945656327936191e-02,0.000000000000000000e+00,0.000000000000000000e+00,8.850951105049857659e-02,0.000000000000000000e+00,1.022787291611264304e-01,0.000000000000000000e+00,0.000000000000000000e+00,-6.796172974666436772e-02,-3.503174225430250033e-02,-8.523457457054736675e-02,2.931294235240139434e-02,0.000000000000000000e+00,1.694135951798938014e-02,0.000000000000000000e+00,-5.184331200727313599e-03,0.000000000000000000e+00,-1.454071116199220567e-02,-4.271221362113471892e-02,-6.989687593464096078e-03,3.059666686160101429e-02,6.157382401263209598e-03,-2.993883314982084820e-02,0.000000000000000000e+00,0.000000000000000000e+00,0.000000000000000000e+00,3.293923598357179072e-02,0.000000000000000000e+00,0.000000000000000000e+00,0.000000000000000000e+00,-4.336972791139101502e-02,0.000000000000000000e+00,0.000000000000000000e+00,0.000000000000000000e+00,0.000000000000000000e+00,0.000000000000000000e+00,-1.266801418366894083e-01,-1.785635276702975116e-02,0.000000000000000000e+00,0.000000000000000000e+00,-4.686570682397745227e-03,3.355621344313490517e-02,0.000000000000000000e+00,1.147815154599741809e-02,6.241632247614447432e-02,1.152357239438959666e-02,0.000000000000000000e+00,5.224556285855856685e-02,-2.271843660715812743e-02,-1.127530960846048411e-04,2.106249857945287698e-02,0.000000000000000000e+00,5.458347804174818602e-02,-3.330196067688732942e-02,1.809733517554996257e-02,0.000000000000000000e+00,2.534459699174471808e-02,0.000000000000000000e+00,-4.071340045119523077e-02,0.000000000000000000e+00
nan,nan,nan,nan,nan,nan,nan,nan,nan,nan,nan,nan,nan,nan,nan,nan,nan,nan,nan,nan,nan,nan,nan,nan,nan,nan,nan,nan,nan,nan,nan,nan,nan,nan,nan,nan,nan,nan,nan,nan,nan,nan,nan,nan,nan,nan,nan,nan,nan,nan,nan,nan,nan,nan,nan,nan,nan,nan,nan,nan,nan,nan,nan,nan,nan,nan,nan,nan,nan,nan,nan,nan,nan,nan,nan,nan,nan,nan,nan,nan,nan,nan,nan,nan,nan,nan,nan,nan,nan,nan,nan,nan,nan,nan,nan,nan,nan,nan,nan,nan
0.000000000000000000e+00,-4.048979720957345332e-03,-9.481875463930419107e-03,3.932057511990923182e-02,0.000000000000000000e+00,-7.508340542759128940e-03,0.000000000000000000e+00,-7.591955503694690355e-02,2.282881076497557393e-02,-3.368052589910620204e-02,0.000000000000000000e+00,4.105853499411249441e-02,2.794353537997437686e-02,0.000000000000000000e+00,7.083629260005521594e-03,0.000000000000000000e+00,0.000000000000000000e+00,0.000000000000000000e+00,0.000000000000000000e+00,-6.382672580884440894e-02,0.000000000000000000e+00,0.000000000000000000e+00,1.860790963237348231e-02,0.000000000000000000e+00,9.289820028671093993e-04,0.000000000000000000e+00,0.000000000000000000e+00,3.313630046595517770e-02,1.447302172348096348e-02,0.000000000000000000e+00,0.000000000000000000e+00,2.275696466414985769e-02,-1.514346136140118891e-03,-6.396222220333211417e-02,3.055638201975889243e-02,0.000000000000000000e+00,0.000000000000000000e+00,0.000000000000000000e+00,0.000000000000000000e+00,-2.177960434027175624e-02,-5.257178051832934323e-02,0.000000000000000000e+00,0.000000000000000000e+00,4.116062946546267774e-03,0.000000000000000000e+00,-7.058619629566264056e-03,0.000000000000000000e+00,0.000000000000000000e+00,-1.222101497196488584e-02,-4.472094800337569898e-02,3.830680407596673970e-02,-3.775415045398011586e-03,0.000000000000000000e+00,2.139783306502408486e-02,0.000000000000000000e+00,4.989741484058834997e-02,0.000000000000000000e+00,-3.187747141913090804e-02,-5.139284551230853537e-02,-5.791335429637986532e-03,2.055741065869007289e-02,-6.194836445925445273e-02,5.729141268716634455e-02,0.000000000000000000e+00,0.000000000000000000e+00,0.000000000000000000e+00,-2.856659376546887702e-02,0.000000000000000000e+00,0.000000000000000000e+00,0.000000000000000000e+00,-7.989104910452781219e-03,0.000000000000000000e+00,0.000000000000000000e+00,0.000000000000000000e+00,0.000000000000000000e+00,0.000000000000000000e+00,-2.544407862075522345e-03,-1.041430636976288515e-02,0.000000000000000000e+00,0.000000000000000000e+00,6.066706686114035213e-03,-1.644768720819742014e-02,0.000000000000000000e+00,-1.755047503719554119e-02,-1.774053660162551406e-03,1.314024141924920175e-03,0.000000000000000000e+00,-4.060259720693753377e-02,-6.058982338426598460e-03,5.629092383061899511e-03,-2.509932286434038429e-02,0.000000000000000000e+00,-1.022482440999355757e-01,2.757888284928626532e-02,1.292748515172913518e-02,0.000000000000000000e+00,4.137951608790739130e-03,0.000000000000000000e+00,1.322649762584177189e-03,0.000000000000000000e+00
nan,nan,nan,nan,nan,nan,nan,nan,nan,nan,nan,nan,nan,nan,nan,nan,nan,nan,nan,nan,nan,nan,nan,nan,nan,nan,nan,nan,nan,nan,nan,nan,nan,nan,nan,nan,nan,nan,nan,nan,nan,nan,nan,nan,nan,nan,nan,nan,nan,nan,nan,nan,nan,nan,nan,nan,nan,nan,nan,nan,nan,nan,nan,nan,nan,nan,nan,nan,nan,nan,nan,nan,nan,nan,nan,nan,nan,nan,nan,nan,nan,nan,nan,nan,nan,nan,nan,nan,nan,nan,nan,nan,nan,nan,nan,nan,nan,nan,nan,nan
0.000000000000000000e+00,5.598468311877910324e-03,1.757923056545589516e-02,-5.367658478313230147e-02,0.000000000000000000e+00,7.177304808013888759e-02,0.000000000000000000e+00,-3.825386737342408115e-03,4.065830860045933914e-02,-5.996029254838217094e-04,0.000000000000000000e+00,1.729276853494960547e-02,2.334934350054794841e-02,0.000000000000000000e+00,-7.189597031981156960e-02,0.000000000000000000e+00,0.000000000000000000e+00,0.000000000000000000e+00,0.000000000000000000e+00,3.779860816870442720e-03,0.000000000000000000e+00,0.000000000000000000e+00,2.923878255122640008e-03,0.000000000000000000e+00,2.626034256926064805e-03,0.000000000000000000e+00,0.000000000000000000e+00,-3.215596157567120195e-03,4.050324640689768885e-02,0.000000000000000000e+00,0.000000000000000000e+00,-6.427544809551288818e-02,-1.077519358102121960e-02,-3.161779360887080614e-03,4.118559929777448197e-02,0.000000000000000000e+00,0.000000000000000000e+00,0.000000000000000000e+00,0.000000000000000000e+00,-1.593438512757057099e-02,-4.137806484030053661e-02,0.000000000000000000e+00,0.000000000000000000e+00,-1.423744965900143947e-02,0.000000000000000000e+00,1.597179570327471668e-02,0.000000000000000000e+00,0.000000000000000000e+00,1.037398740890123290e-04,2.545439061954656371e-02,-1.225593410037648275e-02,-5.351243474273032624e-02,0.000000000000000000e+00,3.725168298509126674e-02,0.000000000000000000e+00,-3.679242157262659768e-02,0.000000000000000000e+00,-5.026004937637106040e-02,-2.079618612850930512e-02,5.330749548517604852e-02,-1.620962204565294662e-02,-4.852039586877983542e-03,7.535553638207893867e-02,0.000000000000000000e+00,0.000000000000000000e+00,0.000000000000000000e+00,4.132647434781404165e-03,0.000000000000000000e+00,0.000000000000000000e+00,0.000000000000000000e+00,1.180237986608734420e-02,0.000000000000000000e+00,0.000000000000000000e+00,0.000000000000000000e+00,0.000000000000000000e+00,0.000000000000000000e+00,1.368625699491816949e-01,-3.482291874514484298e-02,0.000000000000000000e+00,0.000000000000000000e+00,4.602556856025603188e-02,-3.342417936858223942e-02,0.000000000000000000e+00,1.869616357810540905e-03,-1.155408690218176146e-02,-1.870629922406874535e-02,0.000000000000000000e+00,2.771948098242518060e-02,-1.644930828802164402e-02,-2.417439127476212618e-02,-6.815979703173631610e-02,0.000000000000000000e+00,-2.401254281787904704e-02,2.058116718254358185e-02,1.129192116427079647e-04,0.000000000000000000e+00,2.234733014455494993e-02,0.000000000000000000e+00,6.880250346755764634e-02,0.000000000000000000e+00
0.000000000000000000e+00,-1.164254263013604802e-02,4.454598027952632461e-02,-8.390819045800482212e-02,0.000000000000000000e+00,-3.022214760414832641e-02,0.000000000000000000e+00,-3.447288182718205585e-02,-1.605814510960264230e-02,-1.369429841384841445e-02,0.000000000000000000e+00,-7.075222547104124959e-02,-3.778195772549215736e-02,0.000000000000000000e+00,-6.789372717595898443e-02,0.000000000000000000e+00,0.000000000000000000e+00,0.000000000000000000e+00,0.000000000000000000e+00,3.985632746620180328e-02,0.000000000000000000e+00,0.000000000000000000e+00,-2.869635790268140751e-02,0.000000000000000000e+00,1.911141735237283784e-02,0.000000000000000000e+00,0.000000000000000000e+00,-2.172238981780446124e-02,4.152720744390606816e-03,0.000000000000000000e+00,0.000000000000000000e+00,-1.133975535088164038e-01,1.916262749772775290e-02,-4.446488812186837926e-03,2.730308524699626496e-03,0.000000000000000000e+00,0.000000000000000000e+00,0.000000000000000000e+00,0.000000000000000000e+00,2.011796058895297216e-03,1.807348402407333654e-03,0.000000000000000000e+00,0.000000000000000000e+00,2.548397370873059162e-02,0.000000000000000000e+00,6.400266988859273920e-02,0.000000000000000000e+00,0.000000000000000000e+00,-6.024013961813376450e-02,5.290799284545451980e-02,-5.221663009804326794e-02,-1.792812113627049661e-02,0.000000000000000000e+00,9.252203521742106973e-02,0.000000000000000000e+00,-5.829634125679596796e-02,0.000000000000000000e+00,2.884082108038801134e-02,-2.764877986986066100e-02,-5.218644405830897420e-02,1.119341512090776640e-02,2.217302087045155273e-02,7.528261223970027227e-02,0.000000000000000000e+00,0.000000000000000000e+00,0.000000000000000000e+00,-1.456635588699753403e-03,0.000000000000000000e+00,0.000000000000000000e+00,0.000000000000000000e+00,4.538681921115483159e-02,0.000000000000000000e+00,0.000000000000000000e+00,0.000000000000000000e+00,0.000000000000000000e+00,0.000000000000000000e+00,6.941079195630690812e-02,3.451588843458966958e-03,0.000000000000000000e+00,0.000000000000000000e+00,6.536833787691564979e-02,6.287843193246596407e-02,0.000000000000000000e+00,-5.089609158270165523e-02,-5.503179036624410506e-03,-1.689280169879076726e-02,0.000000000000000000e+00,-1.438282845150341480e-02,5.992861874703722148e-03,4.095446080359340518e-02,7.268829202340060247e-02,0.000000000000000000e+00,3.345694179049497896e-02,6.329520841955961485e-02,2.139257898032480721e-03,0.000000000000000000e+00,-2.790023702655852061e-02,0.000000000000000000e+00,2.303206169888416532e-02,0.000000000000000000e+00
0.000000000000000000e+00,-3.375060712428683274e-02,4.602904183755231887e-02,-4.450215944528741058e-02,0.000000000000000000e+00,3.881953577009873702e-02,0.000000000000000000e+00,2.461275320019896615e-03,-4.304612487402456264e-03,-5.956208840103074942e-04,0.000000000000000000e+00,-4.175016346383898791e-02,1.250964438512609800e-02,0.000000000000000000e+00,-8.976459489881051523e-03,0.000000000000000000e+00,0.000000000000000000e+00,0.000000000000000000e+00,0.000000000000000000e+00,4.914149754115303137e-02,0.000000000000000000e+00,0.000000000000000000e+00,1.017748189428318017e-01,0.000000000000000000e+00,1.817482554134271927e-02,0.000000000000000000e+00,0.000000000000000000e+00,7.790306952261573381e-02,6.635869996111390390e-02,0.000000000000000000e+00,0.000000000000000000e+00,5.041305847399313311e-02,-5.580295567348114976e-04,8.644804312651712536e-03,8.947297554808320702e-03,0.000000000000000000e+00,0.000000000000000000e+00,0.000000000000000000e+00,0.000000000000000000e+00,-2.125188692740045265e-02,-1.795405587154943680e-02,0.000000000000000000e+00,0.000000000000000000e+00,4.613971656046846059e-02,0.000000000000000000e+00,-8.349980298861968062e-03,0.000000000000000000e+00,0.000000000000000000e+00,-1.038587664310044491e-02,-4.160347260250570750e-02,2.664041603090779725e-02,-7.837411775514613321e-03,0.000000000000000000e+00,3.772124079768968824e-02,0.000000000000000000e+00,-1.825987628803646054e-02,0.000000000000000000e+00,-5.622734580662724913e-02,-3.082658590316889394e-03,4.976582105257153915e-03,-9.750794056876616392e-04,-1.175005332583654166e-02,-1.113639850809304034e-02,0.000000000000000000e+00,0.000000000000000000e+00,0.000000000000000000e+00,-6.088764541345952075e-02,0.000000000000000000e+00,0.000000000000000000e+00,0.000000000000000000e+00,-8.971046041836449117e-03,0.000000000000000000e+00,0.000000000000000000e+00,0.000000000000000000e+00,0.000000000000000000e+00,0.000000000000000000e+00,5.231303941559933141e-02,-2.278697631069643084e-02,0.000000000000000000e+00,0.000000000000000000e+00,-4.543918738782923988e-02,7.109196200826373158e-02,0.000000000000000000e+00,-2.053237215303542647e-03,7.031493285849953721e-03,-4.600202837228140051e-02,0.000000000000000000e+00,-2.041566080074315101e-02,2.856152859352994663e-02,5.663732665320173054e-02,1.901700601164951418e-02,0.000000000000000000e+00,-2.226705572264634989e-02,-2.460420361628962854e-02,-1.008136294898394347e-02,0.000000000000000000e+00,9.169274144131364657e-03,0.000000000000000000e+00,5.606103989118937231e-02,0.000000000000000000e+00
nan,nan,nan,nan,nan,nan,nan,nan,nan,nan,nan,nan,nan,nan,nan,nan,nan,nan,nan,nan,nan,nan,nan,nan,nan,nan,nan,nan,nan,nan,nan,nan,nan,nan,nan,nan,nan,nan,nan,nan,nan,nan,nan,nan,nan,nan,nan,nan,nan,nan,nan,nan,nan,nan,nan,nan,nan,nan,nan,nan,nan,nan,nan,nan,nan,nan,nan,nan,nan,nan,nan,nan,nan,nan,nan,nan,nan,nan,nan,nan,nan,nan,nan,nan,nan,nan,nan,nan,nan,nan,nan,nan,nan,nan,nan,nan,nan,nan,nan,nan
0.000000000000000000e+00,-7.130422058251997819e-03,-1.000737669613093600e-02,1.421505762878557712e-02,0.000000000000000000e+00,-1.174204662555843222e-02,0.000000000000000000e+00,-1.034734481909460602e-02,1.049867618260168223e-03,-1.362864146138176649e-02,0.000000000000000000e+00,-2.466602002867276759e-03,1.623780903213373553e-02,0.000000000000000000e+00,2.026349097976689467e-02,0.000000000000000000e+00,0.000000000000000000e+00,0.000000000000000000e+00,0.000000000000000000e+00,2.181858284209381785e-02,0.000000000000000000e+00,0.000000000000000000e+00,3.091919090653385410e-02,0.000000000000000000e+00,-1.919380084491613403e-02,0.000000000000000000e+00,0.000000000000000000e+00,1.357761178325987868e-02,8.294903413920282770e-03,0.000000000000000000e+00,0.000000000000000000e+00,-3.008885985668614121e-02,-1.942064314645175482e-02,1.888823977521777303e-02,2.304565179372461414e-02,0.000000000000000000e+00,0.000000000000000000e+00,0.000000000000000000e+00,0.000000000000000000e+00,0.000000000000000000e+00,-7.790148504254941833e-03,0.000000000000000000e+00,0.000000000000000000e+00,2.542154810812114960e-02,0.000000000000000000e+00,-2.281107469301402527e-02,0.000000000000000000e+00,0.000000000000000000e+00,-4.415326074937910711e-03,2.511496877975250008e-03,-2.226716840000240484e-03,2.081201543027047518e-02,0.000000000000000000e+00,-4.731334688118672693e-02,0.000000000000000000e+00,2.957617439617105798e-02,0.000000000000000000e+00,-4.553651391050623359e-02,-8.389060047552743260e-03,-5.975873151186665566e-02,1.476160683424051004e-02,-1.871212014191298706e-02,1.485463906220977313e-02,0.000000000000000000e+00,0.000000000000000000e+00,0.000000000000000000e+00,8.596115790875741292e-03,0.000000000000000000e+00,0.000000000000000000e+00,0.000000000000000000e+00,2.403174733573987254e-04,0.000000000000000000e+00,0.000000000000000000e+00,0.000000000000000000e+00,0.000000000000000000e+00,0.000000000000000000e+00,9.634148875840915782e-03,5.409178823223159682e-02,0.000000000000000000e+00,0.000000000000000000e+00,-1.356783766426959345e-02,3.024238804271351527e-02,0.000000000000000000e+00,8.919908241903806712e-03,-8.588855862677989214e-03,-4.017029552953184368e-02,0.000000000000000000e+00,-2.307067957354580479e-02,1.997905293905258978e-03,3.796665415781538822e-02,-5.361036095208779675e-03,0.000000000000000000e+00,-3.378941376620334114e-02,5.632746033961081450e-03,0.000000000000000000e+00,0.000000000000000000e+00,-1.885664059976541185e-02,0.000000000000000000e+00,2.127672889966113201e-02,0.000000000000000000e+00
0.000000000000000000e+00,-4.972082497316341471e-02,-2.811850079608187516e-03,-4.596202867625575304e-03,0.000000000000000000e+00,-3.177970838019526182e-03,0.000000000000000000e+00,3.412209857677898917e-02,1.376579493169673846e-02,2.631336893924840579e-03,0.000000000000000000e+00,-3.298663710678587796e-02,8.035908484421724982e-04,0.000000000000000000e+00,-9.861586212744225324e-04,0.000000000000000000e+00,0.000000000000000000e+00,0.000000000000000000e+00,0.000000000000000000e+00,3.574333945542253720e-03,0.000000000000000000e+00,0.000000000000000000e+00,-5.113874826949010161e-02,0.000000000000000000e+00,2.321733231039433114e-03,0.000000000000000000e+00,0.000000000000000000e+00,1.732562565016523143e-02,0.000000000000000000e+00,0.000000000000000000e+00,0.000000000000000000e+00,9.014873679874413348e-03,-1.656266843971465619e-02,1.906253547414678978e-02,-4.614117006145831285e-03,0.000000000000000000e+00,0.000000000000000000e+00,0.000000000000000000e+00,0.000000000000000000e+00,0.000000000000000000e+00,-1.076135286266803603e-02,0.000000000000000000e+00,0.000000000000000000e+00,-1.224100589262673913e-05,0.000000000000000000e+00,3.292709484347576543e-02,0.000000000000000000e+00,0.000000000000000000e+00,1.187622487717740830e-02,4.053152533466528734e-03,-1.098564649520354305e-02,2.294308268384184779e-02,0.000000000000000000e+00,-3.942839809807264714e-03,0.000000000000000000e+00,4.058046034938625826e-03,0.000000000000000000e+00,-1.459249753541683875e-02,0.000000000000000000e+00,-4.817048062374917894e-02,2.673450181529682303e-03,-9.367218208044031727e-03,-4.026447985726070919e-04,0.000000000000000000e+00,0.000000000000000000e+00,0.000000000000000000e+00,3.331116234052172720e-02,0.000000000000000000e+00,0.000000000000000000e+00,0.000000000000000000e+00,8.671048888995646839e-03,0.000000000000000000e+00,0.000000000000000000e+00,0.000000000000000000e+00,0.000000000000000000e+00,0.000000000000000000e+00,-2.602787404585467715e-02,1.781081670782427850e-02,0.000000000000000000e+00,0.000000000000000000e+00,-3.234999153496917121e-03,2.096708826795599077e-03,0.000000000000000000e+00,-1.708435122293244877e-03,-1.351665486946993650e-02,-8.256696111883003730e-03,0.000000000000000000e+00,-1.784178701087243274e-02,1.199436061246727430e-03,-7.896758881976643010e-03,1.699201451285688516e-02,0.000000000000000000e+00,-1.465829971052699104e-02,0.000000000000000000e+00,0.000000000000000000e+00,0.000000000000000000e+00,1.606073604906831792e-02,0.000000000000000000e+00,-1.382709265467659335e-02,0.000000000000000000e+00
nan,nan,nan,nan,nan,nan,nan,nan,nan,nan,nan,nan,nan,nan,nan,nan,nan,nan,nan,nan,nan,nan,nan,nan,nan,nan,nan,nan,nan,nan,nan,nan,nan,nan,nan,nan,nan,nan,nan,nan,nan,nan,nan,nan,nan,nan,nan,nan,nan,nan,nan,nan,nan,nan,nan,nan,nan,nan,nan,nan,nan,nan,nan,nan,nan,nan,nan,nan,nan,nan,nan,nan,nan,nan,nan,nan,nan,nan,nan,nan,nan,nan,nan,nan,nan,nan,nan,nan,nan,nan,nan,nan,nan,nan,nan,nan,nan,nan,nan,nan
0.000000000000000000e+00,-8.568007128642106396e-02,6.771266912738429719e-03,2.914758101548090702e-02,0.000000000000000000e+00,4.759395043372359989e-03,0.000000000000000000e+00,4.821015064547632539e-02,6.005331388646094337e-02,-1.341038182089177369e-02,0.000000000000000000e+00,2.890328891145573301e-03,1.907001755748183314e-02,0.000000000000000000e+00,2.427107081089664720e-02,0.000000000000000000e+00,0.000000000000000000e+00,0.000000000000000000e+00,0.000000000000000000e+00,8.497487325407006298e-02,0.000000000000000000e+00,0.000000000000000000e+00,7.362411679518916785e-02,0.000000000000000000e+00,-3.983453531497028327e-03,0.000000000000000000e+00,0.000000000000000000e+00,9.676867072366751588e-02,3.613960936857033707e-02,0.000000000000000000e+00,0.000000000000000000e+00,2.933245819141507005e-02,3.257493903289534337e-02,4.123971127190445563e-02,-6.505702856955557223e-03,0.000000000000000000e+00,0.000000000000000000e+00,0.000000000000000000e+00,0.000000000000000000e+00,4.396742275420989499e-02,2.529434020599775554e-02,0.000000000000000000e+00,0.000000000000000000e+00,2.767467182540317081e-02,0.000000000000000000e+00,7.106709178317628661e-02,0.000000000000000000e+00,0.000000000000000000e+00,-2.166264661458968885e-02,-3.032104680652478700e-03,-6.962274921714958764e-02,9.267689887457230061e-03,0.000000000000000000e+00,6.655585227110077939e-02,0.000000000000000000e+00,-4.203899419109462243e-02,0.000000000000000000e+00,-1.390956070864671212e-02,2.648814165094844075e-02,1.901864740761054218e-02,-1.877273381320889410e-03,3.993870395872967105e-02,-1.245803290773998817e-01,0.000000000000000000e+00,0.000000000000000000e+00,0.000000000000000000e+00,1.685984987248341851e-02,0.000000000000000000e+00,0.000000000000000000e+00,0.000000000000000000e+00,-5.879509930694393205e-02,0.000000000000000000e+00,0.000000000000000000e+00,0.000000000000000000e+00,0.000000000000000000e+00,0.000000000000000000e+00,4.934589539117077706e-02,5.652941571155696565e-02,0.000000000000000000e+00,0.000000000000000000e+00,-2.066470559153898035e-03,7.514510327873039769e-03,0.000000000000000000e+00,-1.291244610116956681e-02,-9.263050137565226674e-03,5.300876118225783529e-02,0.000000000000000000e+00,4.280371659515869870e-02,3.612473078806267834e-02,7.926984624841940108e-03,3.746026261018366166e-02,0.000000000000000000e+00,-6.886355879583738564e-03,1.097071242578499459e-02,2.787655039102618273e-03,0.000000000000000000e+00,5.982949204658626410e-03,0.000000000000000000e+00,-4.901934973121510608e-02,0.000000000000000000e+00
nan,nan,nan,nan,nan,nan,nan,nan,nan,nan,nan,nan,nan,nan,nan,nan,nan,nan,nan,nan,nan,nan,nan,nan,nan,nan,nan,nan,nan,nan,nan,nan,nan,nan,nan,nan,nan,nan,nan,nan,nan,nan,nan,nan,nan,nan,nan,nan,nan,nan,nan,nan,nan,nan,nan,nan,nan,nan,nan,nan,nan,nan,nan,nan,nan,nan,nan,nan,nan,nan,nan,nan,nan,nan,nan,nan,nan,nan,nan,nan,nan,nan,nan,nan,nan,nan,nan,nan,nan,nan,nan,nan,nan,nan,nan,nan,nan,nan,nan,nan
nan,nan,nan,nan,nan,nan,nan,nan,nan,nan,nan,nan,nan,nan,nan,nan,nan,nan,nan,nan,nan,nan,nan,nan,nan,nan,nan,nan,nan,nan,nan,nan,nan,nan,nan,nan,nan,nan,nan,nan,nan,nan,nan,nan,nan,nan,nan,nan,nan,nan,nan,nan,nan,nan,nan,nan,nan,nan,nan,nan,nan,nan,nan,nan,nan,nan,nan,nan,nan,nan,nan,nan,nan,nan,nan,nan,nan,nan,nan,nan,nan,nan,nan,nan,nan,nan,nan,nan,nan,nan,nan,nan,nan,nan,nan,nan,nan,nan,nan,nan
nan,nan,nan,nan,nan,nan,nan,nan,nan,nan,nan,nan,nan,nan,nan,nan,nan,nan,nan,nan,nan,nan,nan,nan,nan,nan,nan,nan,nan,nan,nan,nan,nan,nan,nan,nan,nan,nan,nan,nan,nan,nan,nan,nan,nan,nan,nan,nan,nan,nan,nan,nan,nan,nan,nan,nan,nan,nan,nan,nan,nan,nan,nan,nan,nan,nan,nan,nan,nan,nan,nan,nan,nan,nan,nan,nan,nan,nan,nan,nan,nan,nan,nan,nan,nan,nan,nan,nan,nan,nan,nan,nan,nan,nan,nan,nan,nan,nan,nan,nan
nan,nan,nan,nan,nan,nan,nan,nan,nan,nan,nan,nan,nan,nan,nan,nan,nan,nan,nan,nan,nan,nan,nan,nan,nan,nan,nan,nan,nan,nan,nan,nan,nan,nan,nan,nan,nan,nan,nan,nan,nan,nan,nan,nan,nan,nan,nan,nan,nan,nan,nan,nan,nan,nan,nan,nan,nan,nan,nan,nan,nan,nan,nan,nan,nan,nan,nan,nan,nan,nan,nan,nan,nan,nan,nan,nan,nan,nan,nan,nan,nan,nan,nan,nan,nan,nan,nan,nan,nan,nan,nan,nan,nan,nan,nan,nan,nan,nan,nan,nan
0.000000000000000000e+00,1.463509674077373771e-02,2.383678116625721766e-02,6.636060510235410048e-02,0.000000000000000000e+00,3.688790310325787414e-02,0.000000000000000000e+00,4.465041518126679210e-02,-2.042613492342445353e-02,-6.833383576995719598e-03,0.000000000000000000e+00,-4.198805274279984040e-02,7.503976148395311019e-02,0.000000000000000000e+00,-2.837882484858417556e-02,0.000000000000000000e+00,0.000000000000000000e+00,0.000000000000000000e+00,0.000000000000000000e+00,-1.805122808244302712e-02,0.000000000000000000e+00,0.000000000000000000e+00,-2.056517115463612350e-02,0.000000000000000000e+00,2.166744627749377788e-02,0.000000000000000000e+00,0.000000000000000000e+00,4.013667673300321675e-02,-2.558371990667093060e-02,0.000000000000000000e+00,0.000000000000000000e+00,-8.768044105949519135e-03,2.973709471244501829e-02,1.463895479136863298e-02,4.505144127734955761e-02,0.000000000000000000e+00,0.000000000000000000e+00,0.000000000000000000e+00,0.000000000000000000e+00,-9.455265282652940140e-03,-3.454779567190764678e-02,0.000000000000000000e+00,0.000000000000000000e+00,-3.737245758095223552e-02,0.000000000000000000e+00,-2.939813677533964845e-02,0.000000000000000000e+00,0.000000000000000000e+00,1.993280835369270684e-02,-3.057089804454709431e-02,1.599694105035451980e-02,7.402163831537270089e-02,0.000000000000000000e+00,-1.596408684086187899e-02,0.000000000000000000e+00,6.600131935819774504e-03,0.000000000000000000e+00,-6.264529783588146383e-02,-2.825040226678544441e-03,1.314927451631313186e-02,-1.177740547459634052e-01,-6.079087902983830449e-02,9.533078297294347511e-03,0.000000000000000000e+00,0.000000000000000000e+00,0.000000000000000000e+00,-9.936634875211139417e-03,0.000000000000000000e+00,0.000000000000000000e+00,0.000000000000000000e+00,1.094926351260338757e-02,0.000000000000000000e+00,0.000000000000000000e+00,0.000000000000000000e+00,0.000000000000000000e+00,0.000000000000000000e+00,1.012214128580705697e-01,-1.834762031481192504e-02,0.000000000000000000e+00,0.000000000000000000e+00,3.749833082135532042e-02,-4.617518744078012716e-02,0.000000000000000000e+00,-3.124690914754450419e-02,-1.081475899367321039e-02,1.041671554339490824e-01,0.000000000000000000e+00,-3.889828129324333916e-02,-9.396570893064894181e-02,-4.343473575361357988e-03,-7.297209683464891961e-02,0.000000000000000000e+00,-9.240015726205542956e-02,4.130495240465385104e-03,7.521818042296339601e-03,0.000000000000000000e+00,2.419101503340197971e-03,0.000000000000000000e+00,1.381618355454787908e-02,0.000000000000000000e+00
nan,nan,nan,nan,nan,nan,nan,nan,nan,nan,nan,nan,nan,nan,nan,nan,nan,nan,nan,nan,nan,nan,nan,nan,nan,nan,nan,nan,nan,nan,nan,nan,nan,nan,nan,nan,nan,nan,nan,nan,nan,nan,nan,nan,nan,nan,nan,nan,nan,nan,nan,nan,nan,nan,nan,nan,nan,nan,nan,nan,nan,nan,nan,nan,nan,nan,nan,nan,nan,nan,nan,nan,nan,nan,nan,nan,nan,nan,nan,nan,nan,nan,nan,nan,nan,nan,nan,nan,nan,nan,nan,nan,nan,nan,nan,nan,nan,nan,nan,nan
nan,nan,nan,nan,nan,nan,nan,nan,nan,nan,nan,nan,nan,nan,nan,nan,nan,nan,nan,nan,nan,nan,nan,nan,nan,nan,nan,nan,nan,nan,nan,nan,nan,nan,nan,nan,nan,nan,nan,nan,nan,nan,nan,nan,nan,nan,nan,nan,nan,nan,nan,nan,nan,nan,nan,nan,nan,nan,nan,nan,nan,nan,nan,nan,nan,nan,nan,nan,nan,nan,nan,nan,nan,nan,nan,nan,nan,nan,nan,nan,nan,nan,nan,nan,nan,nan,nan,nan,nan,nan,nan,nan,nan,nan,nan,nan,nan,nan,nan,nan
0.000000000000000000e+00,-3.827512927113245478e-03,-1.602116665303327664e-02,-1.187056568301599578e-02,0.000000000000000000e+00,2.726663103402671845e-02,0.000000000000000000e+00,3.879286037062142090e-02,2.601279111855874307e-02,-2.093974010165770838e-02,0.000000000000000000e+00,-1.369339640365634797e-02,4.845354591798620159e-04,0.000000000000000000e+00,-4.343707799797277141e-02,0.000000000000000000e+00,0.000000000000000000e+00,0.000000000000000000e+00,0.000000000000000000e+00,2.745819159126806561e-02,0.000000000000000000e+00,0.000000000000000000e+00,2.128076334098301988e-03,0.000000000000000000e+00,0.000000000000000000e+00,0.000000000000000000e+00,0.000000000000000000e+00,-1.254953767853228194e-02,1.057466638731019079e-02,0.000000000000000000e+00,0.000000000000000000e+00,-6.383489537706857342e-02,3.867534943250107438e-02,-6.490130226048895778e-02,-1.655324464340354913e-03,0.000000000000000000e+00,0.000000000000000000e+00,0.000000000000000000e+00,0.000000000000000000e+00,0.000000000000000000e+00,-2.141354401050855547e-03,0.000000000000000000e+00,0.000000000000000000e+00,4.399811245215122513e-02,0.000000000000000000e+00,5.099350811137545042e-02,0.000000000000000000e+00,0.000000000000000000e+00,6.617422859377358746e-03,1.653618116548492487e-02,-3.054144105643118168e-02,3.870451358304742573e-02,0.000000000000000000e+00,2.164612510849718910e-02,0.000000000000000000e+00,1.257297524308728306e-02,0.000000000000000000e+00,-6.278881062675530610e-03,-3.177028837476616411e-03,6.673563917159855419e-03,-1.109380898482680358e-02,-4.063446345790008157e-02,4.231295113068294506e-02,0.000000000000000000e+00,0.000000000000000000e+00,0.000000000000000000e+00,6.936101367304018869e-03,0.000000000000000000e+00,0.000000000000000000e+00,0.000000000000000000e+00,3.634408992687862463e-03,0.000000000000000000e+00,0.000000000000000000e+00,0.000000000000000000e+00,0.000000000000000000e+00,0.000000000000000000e+00,3.601391325116923281e-02,4.423316817357506384e-03,0.000000000000000000e+00,0.000000000000000000e+00,-6.133160753189989892e-03,1.444508278832036009e-02,0.000000000000000000e+00,-3.422249685664528751e-02,2.042807948332616905e-02,-3.867772603934808984e-02,0.000000000000000000e+00,3.961021306010840265e-03,-9.017121247957338159e-03,-8.670998518791866311e-04,-2.665360346180298268e-02,0.000000000000000000e+00,-1.000611602824431207e-02,-1.226833663157779128e-02,0.000000000000000000e+00,0.000000000000000000e+00,-2.952026151459026526e-02,0.000000000000000000e+00,-1.642026858764544447e-02,0.000000000000000000e+00
nan,nan,nan,nan,nan,nan,nan,nan,nan,nan,nan,nan,nan,nan,nan,nan,nan,nan,nan,nan,nan,nan,nan,nan,nan,nan,nan,nan,nan,nan,nan,nan,nan,nan,nan,nan,nan,nan,nan,nan,nan,nan,nan,nan,nan,nan,nan,nan,nan,nan,nan,nan,nan,nan,nan,nan,nan,nan,nan,nan,nan,nan,nan,nan,nan,nan,nan,nan,nan,nan,nan,nan,nan,nan,nan,nan,nan,nan,nan,nan,nan,nan,nan,nan,nan,nan,nan,nan,nan,nan,nan,nan,nan,nan,nan,nan,nan,nan,nan,nan
0.000000000000000000e+00,-2.442650970736618028e-03,-1.469816939478542361e-03,1.105215494913510695e-04,0.000000000000000000e+00,-8.951475868272955241e-05,0.000000000000000000e+00,1.140602113919677891e-04,-1.340535851574040571e-04,2.347272988928475424e-04,0.000000000000000000e+00,-3.534459604356705300e-04,1.061741790805759145e-03,0.000000000000000000e+00,-4.460282624648556822e-05,0.000000000000000000e+00,0.000000000000000000e+00,0.000000000000000000e+00,0.000000000000000000e+00,2.415912812550812211e-04,0.000000000000000000e+00,0.000000000000000000e+00,0.000000000000000000e+00,0.000000000000000000e+00,-8.390188481643373977e-05,0.000000000000000000e+00,0.000000000000000000e+00,2.970056037321594598e-05,0.000000000000000000e+00,0.000000000000000000e+00,0.000000000000000000e+00,1.402175959004071330e-04,0.000000000000000000e+00,1.068704853430925070e-03,1.218304172437924965e-03,0.000000000000000000e+00,0.000000000000000000e+00,0.000000000000000000e+00,0.000000000000000000e+00,0.000000000000000000e+00,-6.863771967660205284e-04,0.000000000000000000e+00,0.000000000000000000e+00,-4.594049725073765303e-05,0.000000000000000000e+00,5.091782821567689468e-05,0.000000000000000000e+00,0.000000000000000000e+00,-4.653601161532189365e-05,-7.638888710584585458e-04,-5.264988031901086333e-04,5.999053895828050046e-04,0.000000000000000000e+00,2.028846938457547406e-04,0.000000000000000000e+00,-3.897134617412512190e-04,0.000000000000000000e+00,-1.501464577397479752e-03,0.000000000000000000e+00,2.181310504465720931e-04,8.811514669742676791e-05,0.000000000000000000e+00,2.254660401635602074e-04,0.000000000000000000e+00,0.000000000000000000e+00,0.000000000000000000e+00,-7.402486049318576355e-04,0.000000000000000000e+00,0.000000000000000000e+00,0.000000000000000000e+00,-6.608597921764595984e-04,0.000000000000000000e+00,0.000000000000000000e+00,0.000000000000000000e+00,0.000000000000000000e+00,0.000000000000000000e+00,1.266229292572978657e-03,1.229582094406430921e-03,0.000000000000000000e+00,0.000000000000000000e+00,1.443041141492084917e-03,-1.782586163040683397e-05,0.000000000000000000e+00,-2.421269371464243787e-04,-1.070050709694058202e-03,1.106872605111398986e-03,0.000000000000000000e+00,-3.111442015103608755e-04,1.793501276151151329e-05,4.347169767321205677e-06,0.000000000000000000e+00,0.000000000000000000e+00,1.124235508609286536e-03,0.000000000000000000e+00,0.000000000000000000e+00,0.000000000000000000e+00,-3.362961128516862548e-04,0.000000000000000000e+00,-3.637482298877758088e-04,0.000000000000000000e+00
nan,nan,nan,nan,nan,nan,nan,nan,nan,nan,nan,nan,nan,nan,nan,nan,nan,nan,nan,nan,nan,nan,nan,nan,nan,nan,nan,nan,nan,nan,nan,nan,nan,nan,nan,nan,nan,nan,nan,nan,nan,nan,nan,nan,nan,nan,nan,nan,nan,nan,nan,nan,nan,nan,nan,nan,nan,nan,nan,nan,nan,nan,nan,nan,nan,nan,nan,nan,nan,nan,nan,nan,nan,nan,nan,nan,nan,nan,nan,nan,nan,nan,nan,nan,nan,nan,nan,nan,nan,nan,nan,nan,nan,nan,nan,nan,nan,nan,nan,nan
nan,nan,nan,nan,nan,nan,nan,nan,nan,nan,nan,nan,nan,nan,nan,nan,nan,nan,nan,nan,nan,nan,nan,nan,nan,nan,nan,nan,nan,nan,nan,nan,nan,nan,nan,nan,nan,nan,nan,nan,nan,nan,nan,nan,nan,nan,nan,nan,nan,nan,nan,nan,nan,nan,nan,nan,nan,nan,nan,nan,nan,nan,nan,nan,nan,nan,nan,nan,nan,nan,nan,nan,nan,nan,nan,nan,nan,nan,nan,nan,nan,nan,nan,nan,nan,nan,nan,nan,nan,nan,nan,nan,nan,nan,nan,nan,nan,nan,nan,nan
0.000000000000000000e+00,-2.332304309289271946e-02,-4.226346290420830709e-02,-8.398018245844629526e-02,0.000000000000000000e+00,-1.281904721997798730e-02,0.000000000000000000e+00,7.218543480669338541e-03,1.922511006915499782e-02,-4.235614484524515694e-02,0.000000000000000000e+00,-1.743511743179909645e-02,2.683294788482605900e-02,0.000000000000000000e+00,-7.442275326143703296e-02,0.000000000000000000e+00,0.000000000000000000e+00,0.000000000000000000e+00,0.000000000000000000e+00,-1.732755789149777528e-02,0.000000000000000000e+00,0.000000000000000000e+00,-9.337541971300513527e-03,0.000000000000000000e+00,-1.618380312473667593e-02,0.000000000000000000e+00,0.000000000000000000e+00,-3.062003357285879301e-02,4.954719301833782064e-02,0.000000000000000000e+00,0.000000000000000000e+00,-5.788514722259592571e-02,-9.505659284138633092e-02,-8.036936207398752419e-03,5.226593838260669422e-02,0.000000000000000000e+00,0.000000000000000000e+00,0.000000000000000000e+00,0.000000000000000000e+00,-3.944196055896514314e-02,-6.725133924700381349e-02,0.000000000000000000e+00,0.000000000000000000e+00,9.942198487310514171e-03,0.000000000000000000e+00,3.178605069743772882e-02,0.000000000000000000e+00,0.000000000000000000e+00,-5.330308052423881823e-03,-1.418592065628532066e-02,3.135494609205664862e-02,-1.877914023753954331e-02,0.000000000000000000e+00,-3.494211963052389763e-02,0.000000000000000000e+00,-9.789285105579170407e-03,0.000000000000000000e+00,3.492799684173642644e-02,-2.301966839545122739e-02,-7.848615256655357142e-02,5.313383487494606483e-02,1.240162181361373697e-02,1.012114023925909587e-02,0.000000000000000000e+00,0.000000000000000000e+00,0.000000000000000000e+00,-1.906960045154345619e-03,0.000000000000000000e+00,0.000000000000000000e+00,0.000000000000000000e+00,-5.701363946389178400e-02,0.000000000000000000e+00,0.000000000000000000e+00,0.000000000000000000e+00,0.000000000000000000e+00,0.000000000000000000e+00,-9.258344291943572391e-02,-1.821584244610104444e-02,0.000000000000000000e+00,0.000000000000000000e+00,1.227257535193938473e-02,3.089446223055467705e-02,0.000000000000000000e+00,1.509476223900327839e-02,3.104958114441951078e-02,-5.741938176572650848e-02,0.000000000000000000e+00,-4.017365216594376981e-02,-8.714803617156905574e-03,3.738050174115131047e-02,-9.100100007596964580e-03,0.000000000000000000e+00,-2.878994431445290603e-02,-2.417277022651313431e-02,-6.334230923070311749e-03,0.000000000000000000e+00,1.475841478108429888e-02,0.000000000000000000e+00,4.068687098529194870e-03,0.000000000000000000e+00
nan,nan,nan,nan,nan,nan,nan,nan,nan,nan,nan,nan,nan,nan,nan,nan,nan,nan,nan,nan,nan,nan,nan,nan,nan,nan,nan,nan,nan,nan,nan,nan,nan,nan,nan,nan,nan,nan,nan,nan,nan,nan,nan,nan,nan,nan,nan,nan,nan,nan,nan,nan,nan,nan,nan,nan,nan,nan,nan,nan,nan,nan,nan,nan,nan,nan,nan,nan,nan,nan,nan,nan,nan,nan,nan,nan,nan,nan,nan,nan,nan,nan,nan,nan,nan,nan,nan,nan,nan,nan,nan,nan,nan,nan,nan,nan,nan,nan,nan,nan
nan,nan,nan,nan,nan,nan,nan,nan,nan,nan,nan,nan,nan,nan,nan,nan,nan,nan,nan,nan,nan,nan,nan,nan,nan,nan,nan,nan,nan,nan,nan,nan,nan,nan,nan,nan,nan,nan,nan,nan,nan,nan,nan,nan,nan,nan,nan,nan,nan,nan,nan,nan,nan,nan,nan,nan,nan,nan,nan,nan,nan,nan,nan,nan,nan,nan,nan,nan,nan,nan,nan,nan,nan,nan,nan,nan,nan,nan,nan,nan,nan,nan,nan,nan,nan,nan,nan,nan,nan,nan,nan,nan,nan,nan,nan,nan,nan,nan,nan,nan
nan,nan,nan,nan,nan,nan,nan,nan,nan,nan,nan,nan,nan,nan,nan,nan,nan,nan,nan,nan,nan,nan,nan,nan,nan,nan,nan,nan,nan,nan,nan,nan,nan,nan,nan,nan,nan,nan,nan,nan,nan,nan,nan,nan,nan,nan,nan,nan,nan,nan,nan,nan,nan,nan,nan,nan,nan,nan,nan,nan,nan,nan,nan,nan,nan,nan,nan,nan,nan,nan,nan,nan,nan,nan,nan,nan,nan,nan,nan,nan,nan,nan,nan,nan,nan,nan,nan,nan,nan,nan,nan,nan,nan,nan,nan,nan,nan,nan,nan,nan
0.000000000000000000e+00,3.742391883001826985e-02,-2.619351016708729510e-02,1.311986129778097872e-02,0.000000000000000000e+00,-7.199279190492332246e-03,0.000000000000000000e+00,-1.279038725619507239e-02,-1.437958101280241603e-02,6.540955409218973801e-04,0.000000000000000000e+00,1.086220979439146000e-02,-1.994945685406644340e-02,0.000000000000000000e+00,-7.632969244515293294e-03,0.000000000000000000e+00,0.000000000000000000e+00,0.000000000000000000e+00,0.000000000000000000e+00,-1.338766406158521487e-02,0.000000000000000000e+00,0.000000000000000000e+00,-1.730239756252063485e-02,0.000000000000000000e+00,2.116100379425570055e-02,0.000000000000000000e+00,0.000000000000000000e+00,5.419795175790107986e-03,0.000000000000000000e+00,0.000000000000000000e+00,0.000000000000000000e+00,2.527455200286785053e-03,0.000000000000000000e+00,-1.060455178513255992e-02,-4.069433946768749588e-02,0.000000000000000000e+00,0.000000000000000000e+00,0.000000000000000000e+00,0.000000000000000000e+00,0.000000000000000000e+00,1.719707011076936900e-03,0.000000000000000000e+00,0.000000000000000000e+00,-9.009425227882552831e-03,0.000000000000000000e+00,-7.995818499672336516e-03,0.000000000000000000e+00,0.000000000000000000e+00,4.773908317884153346e-03,-1.623752934241462845e-04,1.713890307856827042e-02,5.308466474963388464e-04,0.000000000000000000e+00,-1.367204661112351137e-02,0.000000000000000000e+00,-6.884311449865031241e-03,0.000000000000000000e+00,2.224222648354923226e-02,0.000000000000000000e+00,-6.816213238503853605e-03,3.554863917097306637e-03,3.535487474433812900e-03,2.722180225685670932e-03,0.000000000000000000e+00,0.000000000000000000e+00,0.000000000000000000e+00,-6.213665003395962491e-03,0.000000000000000000e+00,0.000000000000000000e+00,0.000000000000000000e+00,8.059685904350050167e-03,0.000000000000000000e+00,0.000000000000000000e+00,0.000000000000000000e+00,0.000000000000000000e+00,0.000000000000000000e+00,2.539197754502581488e-03,-3.333030878203283726e-02,0.000000000000000000e+00,0.000000000000000000e+00,-8.511495175424411974e-03,-1.045031343877433124e-03,0.000000000000000000e+00,-2.364889658445044548e-02,1.127800942761235208e-02,1.856174961872046614e-02,0.000000000000000000e+00,1.114899979146220799e-02,-1.035545441428494364e-03,-2.110151327112709963e-03,0.000000000000000000e+00,0.000000000000000000e+00,8.924287624830537502e-03,0.000000000000000000e+00,0.000000000000000000e+00,0.000000000000000000e+00,3.466931069793615511e-02,0.000000000000000000e+00,-4.036172607314809750e-03,0.000000000000000000e+00
0.000000000000000000e+00,-2.121231308237588042e-02,1.011220620413115154e-02,5.378146517980530311e-03,0.000000000000000000e+00,-3.398683072393439419e-02,0.000000000000000000e+00,3.944087609569216918e-02,4.635870938273729813e-02,-2.137032559680762320e-02,0.000000000000000000e+00,3.943967714619240478e-02,-5.337056327483165330e-02,0.000000000000000000e+00,2.392475260668828346e-03,0.000000000000000000e+00,0.000000000000000000e+00,0.000000000000000000e+00,0.000000000000000000e+00,-1.941517300464455642e-03,0.000000000000000000e+00,0.000000000000000000e+00,1.227201725296318824e-02,0.000000000000000000e+00,0.000000000000000000e+00,0.000000000000000000e+00,0.000000000000000000e+00,2.489655088569985714e-02,-1.623287614662852901e-02,0.000000000000000000e+00,0.000000000000000000e+00,0.000000000000000000e+00,1.240360423669338574e-04,-9.761199290218635499e-03,-9.021634350697815136e-03,0.000000000000000000e+00,0.000000000000000000e+00,0.000000000000000000e+00,0.000000000000000000e+00,5.196572392726818077e-03,4.834017911138247664e-02,0.000000000000000000e+00,0.000000000000000000e+00,-7.494731725278567375e-03,0.000000000000000000e+00,5.116989544214634034e-03,0.000000000000000000e+00,0.000000000000000000e+00,-3.010919318589323768e-02,-1.926879858068038243e-02,-4.573081951844368623e-03,2.650756781346179369e-03,0.000000000000000000e+00,-1.274022294574148062e-02,0.000000000000000000e+00,-1.327605164584787570e-02,0.000000000000000000e+00,1.330052196461171260e-02,0.000000000000000000e+00,-5.481839458697931877e-02,-5.620767895338575626e-02,0.000000000000000000e+00,-1.352496034442112784e-02,0.000000000000000000e+00,0.000000000000000000e+00,0.000000000000000000e+00,-8.281344717804645095e-03,0.000000000000000000e+00,0.000000000000000000e+00,0.000000000000000000e+00,3.199195151801226961e-02,0.000000000000000000e+00,0.000000000000000000e+00,0.000000000000000000e+00,0.000000000000000000e+00,0.000000000000000000e+00,-3.037861770639593492e-02,2.901893576724402443e-02,0.000000000000000000e+00,0.000000000000000000e+00,-4.044715054604297588e-02,-2.323119442144949351e-03,0.000000000000000000e+00,-4.156060156163069591e-02,-1.169437211117735007e-02,-5.216724208995685008e-02,0.000000000000000000e+00,-3.628591812775788794e-02,-6.873723232906566415e-03,2.148040774492147864e-02,-1.591268389116072546e-03,0.000000000000000000e+00,-4.969727026910619738e-02,0.000000000000000000e+00,0.000000000000000000e+00,0.000000000000000000e+00,5.192298581359501043e-03,0.000000000000000000e+00,1.082331699528831133e-02,0.000000000000000000e+00
0.000000000000000000e+00,2.821978695659647235e-02,-1.152466677033407993e-01,2.717479374295701799e-02,0.000000000000000000e+00,1.092903368922257673e-01,0.000000000000000000e+00,3.479818074586069065e-02,7.231524629941027404e-02,2.967570574367911843e-02,0.000000000000000000e+00,3.882409519948953197e-02,8.257529430480273214e-02,0.000000000000000000e+00,-6.486198918145627546e-02,0.000000000000000000e+00,0.000000000000000000e+00,0.000000000000000000e+00,0.000000000000000000e+00,-3.577045117334796270e-02,0.000000000000000000e+00,0.000000000000000000e+00,3.581047366219228256e-02,0.000000000000000000e+00,-4.742157093775532795e-03,0.000000000000000000e+00,0.000000000000000000e+00,2.263793339796743923e-02,1.511412979677920557e-02,0.000000000000000000e+00,0.000000000000000000e+00,4.560192256825377349e-02,-3.348533474333561469e-03,4.268423038550599874e-02,2.790587306326062361e-03,0.000000000000000000e+00,0.000000000000000000e+00,0.000000000000000000e+00,0.000000000000000000e+00,7.866490714786031433e-04,-7.217281087672995470e-03,0.000000000000000000e+00,0.000000000000000000e+00,-2.943547903107536848e-02,0.000000000000000000e+00,-9.195253284664851867e-02,0.000000000000000000e+00,0.000000000000000000e+00,1.925790988849009761e-02,-4.438696445638683208e-02,3.228384998570264612e-03,-2.291988488597508297e-02,0.000000000000000000e+00,-2.125139588096775639e-02,0.000000000000000000e+00,3.470946781731434894e-02,0.000000000000000000e+00,-6.876875883067797013e-03,-2.638515145716292115e-02,4.732212334354729544e-02,-4.996697571992679554e-02,2.066756657161928495e-02,-5.350866240754916653e-02,0.000000000000000000e+00,0.000000000000000000e+00,0.000000000000000000e+00,-1.027173787247010195e-01,0.000000000000000000e+00,0.000000000000000000e+00,0.000000000000000000e+00,-6.462330354150697120e-02,0.000000000000000000e+00,0.000000000000000000e+00,0.000000000000000000e+00,0.000000000000000000e+00,0.000000000000000000e+00,1.376643772454991949e-02,-8.670415796989859591e-02,0.000000000000000000e+00,0.000000000000000000e+00,1.730885474791706014e-02,7.304226716823036814e-02,0.000000000000000000e+00,-1.967459666932289131e-02,-2.148345150059497582e-02,1.707964933141604968e-03,0.000000000000000000e+00,2.531269530806684598e-02,-2.852513685350916220e-02,-4.300468449897987266e-02,-1.196778107046398282e-01,0.000000000000000000e+00,-1.291070223382764261e-02,-2.148074644940927563e-02,2.301256850784471827e-02,0.000000000000000000e+00,1.114660806551989042e-02,0.000000000000000000e+00,-4.326341783369116317e-02,0.000000000000000000e+00
0.000000000000000000e+00,-1.347188664090888909e-02,-1.646926524006600556e-02,-3.861021920916882753e-03,0.000000000000000000e+00,-2.252967221489126856e-02,0.000000000000000000e+00,7.171472306302040939e-03,-2.735311701677040725e-04,6.662029383197709542e-03,0.000000000000000000e+00,1.154997978261108546e-02,5.080946660235875767e-03,0.000000000000000000e+00,7.977216657585406781e-03,0.000000000000000000e+00,0.000000000000000000e+00,0.000000000000000000e+00,0.000000000000000000e+00,-2.290683521898881705e-02,0.000000000000000000e+00,0.000000000000000000e+00,2.777413286869517568e-03,0.000000000000000000e+00,2.339388676237544665e-03,0.000000000000000000e+00,0.000000000000000000e+00,-5.543572682737808212e-03,0.000000000000000000e+00,0.000000000000000000e+00,0.000000000000000000e+00,1.960961970457534079e-02,0.000000000000000000e+00,1.378898486184765119e-02,-5.307401959555614439e-03,0.000000000000000000e+00,0.000000000000000000e+00,0.000000000000000000e+00,0.000000000000000000e+00,0.000000000000000000e+00,-1.369451303004826613e-02,0.000000000000000000e+00,0.000000000000000000e+00,7.369481171059685505e-04,0.000000000000000000e+00,1.205828429544462781e-02,0.000000000000000000e+00,0.000000000000000000e+00,-2.959302564882525244e-02,-4.403270472929435124e-03,-7.323979761521524218e-03,7.969625289547270855e-03,0.000000000000000000e+00,3.003330600291515299e-04,0.000000000000000000e+00,8.075853393458324540e-04,0.000000000000000000e+00,1.385689134550916260e-02,-1.056303977084478186e-02,-1.648692573684502199e-02,-3.359243406880199709e-03,0.000000000000000000e+00,5.768404824658526775e-03,0.000000000000000000e+00,0.000000000000000000e+00,0.000000000000000000e+00,-6.450363856809732295e-03,0.000000000000000000e+00,0.000000000000000000e+00,0.000000000000000000e+00,-1.088958177650904691e-02,0.000000000000000000e+00,0.000000000000000000e+00,0.000000000000000000e+00,0.000000000000000000e+00,0.000000000000000000e+00,-3.100900425095122481e-02,2.240858437562804218e-03,0.000000000000000000e+00,0.000000000000000000e+00,6.764306835119545010e-03,-2.498913546935839242e-03,0.000000000000000000e+00,3.574472062798105237e-03,7.014749926164603154e-03,-1.488547810227620893e-03,0.000000000000000000e+00,9.423095114951105964e-04,-1.779994897416907126e-02,1.033170033948891710e-02,3.763584158792872563e-04,0.000000000000000000e+00,1.491289868765307419e-02,0.000000000000000000e+00,0.000000000000000000e+00,0.000000000000000000e+00,-8.916854155284467676e-03,0.000000000000000000e+00,-2.135885954436063730e-02,0.000000000000000000e+00
nan,nan,nan,nan,nan,nan,nan,nan,nan,nan,nan,nan,nan,nan,nan,nan,nan,nan,nan,nan,nan,nan,nan,nan,nan,nan,nan,nan,nan,nan,nan,nan,nan,nan,nan,nan,nan,nan,nan,nan,nan,nan,nan,nan,nan,nan,nan,nan,nan,nan,nan,nan,nan,nan,nan,nan,nan,nan,nan,nan,nan,nan,nan,nan,nan,nan,nan,nan,nan,nan,nan,nan,nan,nan,nan,nan,nan,nan,nan,nan,nan,nan,nan,nan,nan,nan,nan,nan,nan,nan,nan,nan,nan,nan,nan,nan,nan,nan,nan,nan
nan,nan,nan,nan,nan,nan,nan,nan,nan,nan,nan,nan,nan,nan,nan,nan,nan,nan,nan,nan,nan,nan,nan,nan,nan,nan,nan,nan,nan,nan,nan,nan,nan,nan,nan,nan,nan,nan,nan,nan,nan,nan,nan,nan,nan,nan,nan,nan,nan,nan,nan,nan,nan,nan,nan,nan,nan,nan,nan,nan,nan,nan,nan,nan,nan,nan,nan,nan,nan,nan,nan,nan,nan,nan,nan,nan,nan,nan,nan,nan,nan,nan,nan,nan,nan,nan,nan,nan,nan,nan,nan,nan,nan,nan,nan,nan,nan,nan,nan,nan
nan,nan,nan,nan,nan,nan,nan,nan,nan,nan,nan,nan,nan,nan,nan,nan,nan,nan,nan,nan,nan,nan,nan,nan,nan,nan,nan,nan,nan,nan,nan,nan,nan,nan,nan,nan,nan,nan,nan,nan,nan,nan,nan,nan,nan,nan,nan,nan,nan,nan,nan,nan,nan,nan,nan,nan,nan,nan,nan,nan,nan,nan,nan,nan,nan,nan,nan,nan,nan,nan,nan,nan,nan,nan,nan,nan,nan,nan,nan,nan,nan,nan,nan,nan,nan,nan,nan,nan,nan,nan,nan,nan,nan,nan,nan,nan,nan,nan,nan,nan
nan,nan,nan,nan,nan,nan,nan,nan,nan,nan,nan,nan,nan,nan,nan,nan,nan,nan,nan,nan,nan,nan,nan,nan,nan,nan,nan,nan,nan,nan,nan,nan,nan,nan,nan,nan,nan,nan,nan,nan,nan,nan,nan,nan,nan,nan,nan,nan,nan,nan,nan,nan,nan,nan,nan,nan,nan,nan,nan,nan,nan,nan,nan,nan,nan,nan,nan,nan,nan,nan,nan,nan,nan,nan,nan,nan,nan,nan,nan,nan,nan,nan,nan,nan,nan,nan,nan,nan,nan,nan,nan,nan,nan,nan,nan,nan,nan,nan,nan,nan
nan,nan,nan,nan,nan,nan,nan,nan,nan,nan,nan,nan,nan,nan,nan,nan,nan,nan,nan,nan,nan,nan,nan,nan,nan,nan,nan,nan,nan,nan,nan,nan,nan,nan,nan,nan,nan,nan,nan,nan,nan,nan,nan,nan,nan,nan,nan,nan,nan,nan,nan,nan,nan,nan,nan,nan,nan,nan,nan,nan,nan,nan,nan,nan,nan,nan,nan,nan,nan,nan,nan,nan,nan,nan,nan,nan,nan,nan,nan,nan,nan,nan,nan,nan,nan,nan,nan,nan,nan,nan,nan,nan,nan,nan,nan,nan,nan,nan,nan,nan
0.000000000000000000e+00,-4.975384373132958615e-02,1.713084155159265709e-01,1.539389289973221164e-02,0.000000000000000000e+00,2.122652350726450532e-02,0.000000000000000000e+00,2.666043425683608387e-02,-6.360148852327395658e-03,5.679369217050286855e-02,0.000000000000000000e+00,-2.439892173758250252e-02,-5.259595523092488317e-02,0.000000000000000000e+00,6.352894134407915949e-02,0.000000000000000000e+00,0.000000000000000000e+00,0.000000000000000000e+00,0.000000000000000000e+00,1.096046163790786662e-02,0.000000000000000000e+00,0.000000000000000000e+00,5.425241860819640660e-02,0.000000000000000000e+00,2.347638268601055442e-02,0.000000000000000000e+00,0.000000000000000000e+00,6.773832943430223297e-04,1.567977409461331767e-02,0.000000000000000000e+00,0.000000000000000000e+00,-7.983499070596778227e-03,-4.862574154153783551e-02,-9.815195618848731457e-03,1.351022501714656265e-03,0.000000000000000000e+00,0.000000000000000000e+00,0.000000000000000000e+00,0.000000000000000000e+00,3.466626136322399632e-02,6.031612647929339086e-03,0.000000000000000000e+00,0.000000000000000000e+00,3.077595440075556535e-03,0.000000000000000000e+00,-1.763002066429193021e-02,0.000000000000000000e+00,0.000000000000000000e+00,-6.182505435798323068e-02,-1.386411564600480845e-02,5.937100845475198896e-02,3.936494892168449639e-02,0.000000000000000000e+00,9.351757021243727735e-03,0.000000000000000000e+00,3.078600571563436944e-02,0.000000000000000000e+00,3.448258359675199919e-02,-2.158929849904395182e-02,-5.227769500265246755e-02,-8.010567644859289960e-02,-9.179676372934399836e-03,5.364589732447019171e-03,0.000000000000000000e+00,0.000000000000000000e+00,0.000000000000000000e+00,-1.919408761734135369e-02,0.000000000000000000e+00,0.000000000000000000e+00,0.000000000000000000e+00,3.646640164496167680e-02,0.000000000000000000e+00,0.000000000000000000e+00,0.000000000000000000e+00,0.000000000000000000e+00,0.000000000000000000e+00,4.909773287096866334e-03,4.944017051417546466e-02,0.000000000000000000e+00,0.000000000000000000e+00,5.194556994091795166e-02,1.762866386080622419e-03,0.000000000000000000e+00,1.552313820514654788e-02,-1.843593266463877146e-03,-6.373706459045440365e-03,0.000000000000000000e+00,-5.399123721374665674e-02,-2.796612296438199044e-02,5.780821892289710745e-02,2.570148503205361631e-02,0.000000000000000000e+00,-5.229651901630830851e-02,4.665882023077906615e-02,2.294900691884184038e-02,0.000000000000000000e+00,-1.466714037991796379e-03,0.000000000000000000e+00,2.536183259241253478e-03,0.000000000000000000e+00
nan,nan,nan,nan,nan,nan,nan,nan,nan,nan,nan,nan,nan,nan,nan,nan,nan,nan,nan,nan,nan,nan,nan,nan,nan,nan,nan,nan,nan,nan,nan,nan,nan,nan,nan,nan,nan,nan,nan,nan,nan,nan,nan,nan,nan,nan,nan,nan,nan,nan,nan,nan,nan,nan,nan,nan,nan,nan,nan,nan,nan,nan,nan,nan,nan,nan,nan,nan,nan,nan,nan,nan,nan,nan,nan,nan,nan,nan,nan,nan,nan,nan,nan,nan,nan,nan,nan,nan,nan,nan,nan,nan,nan,nan,nan,nan,nan,nan,nan,nan
nan,nan,nan,nan,nan,nan,nan,nan,nan,nan,nan,nan,nan,nan,nan,nan,nan,nan,nan,nan,nan,nan,nan,nan,nan,nan,nan,nan,nan,nan,nan,nan,nan,nan,nan,nan,nan,nan,nan,nan,nan,nan,nan,nan,nan,nan,nan,nan,nan,nan,nan,nan,nan,nan,nan,nan,nan,nan,nan,nan,nan,nan,nan,nan,nan,nan,nan,nan,nan,nan,nan,nan,nan,nan,nan,nan,nan,nan,nan,nan,nan,nan,nan,nan,nan,nan,nan,nan,nan,nan,nan,nan,nan,nan,nan,nan,nan,nan,nan,nan
0.000000000000000000e+00,-1.997755690507245496e-02,2.759622663704949450e-02,-5.839549402478786538e-02,0.000000000000000000e+00,-3.786615624164697824e-02,0.000000000000000000e+00,3.533761430249133390e-02,-4.327779962535960312e-02,-6.299223069653565876e-02,0.000000000000000000e+00,1.366627696624670429e-01,1.229473315891670485e-02,0.000000000000000000e+00,1.842006117207016513e-02,0.000000000000000000e+00,0.000000000000000000e+00,0.000000000000000000e+00,0.000000000000000000e+00,-5.957460805006701415e-02,0.000000000000000000e+00,0.000000000000000000e+00,3.736878823007235700e-02,0.000000000000000000e+00,-9.663895444234259224e-03,0.000000000000000000e+00,0.000000000000000000e+00,6.655318392846372444e-02,-3.209550655650708888e-03,0.000000000000000000e+00,0.000000000000000000e+00,5.661319019873101155e-02,4.133101311234883141e-02,7.712411716913795956e-02,2.678801890606334613e-02,0.000000000000000000e+00,0.000000000000000000e+00,0.000000000000000000e+00,0.000000000000000000e+00,-8.360499746980760635e-03,-2.464300229494572475e-02,0.000000000000000000e+00,0.000000000000000000e+00,-9.777920106443243817e-03,0.000000000000000000e+00,-5.837634840536153231e-03,0.000000000000000000e+00,0.000000000000000000e+00,-1.207166579431498930e-02,2.498426379833104671e-02,-2.147534538766743446e-03,3.528039491571617614e-02,0.000000000000000000e+00,5.135101061228904140e-02,0.000000000000000000e+00,-1.062603743414947816e-02,0.000000000000000000e+00,-1.929512261402160228e-02,5.304132949998327864e-03,-8.224114532344643791e-02,3.668197454526201523e-02,-5.678129322564677735e-03,3.825927017048554729e-02,0.000000000000000000e+00,0.000000000000000000e+00,0.000000000000000000e+00,-2.546897987371790281e-02,0.000000000000000000e+00,0.000000000000000000e+00,0.000000000000000000e+00,-2.813624593982359465e-02,0.000000000000000000e+00,0.000000000000000000e+00,0.000000000000000000e+00,0.000000000000000000e+00,0.000000000000000000e+00,-1.098174589131794415e-01,6.830307636281067463e-02,0.000000000000000000e+00,0.000000000000000000e+00,1.109818247268056640e-02,-6.343882709245496354e-02,0.000000000000000000e+00,4.278853402933536360e-04,-1.869948422016854891e-02,3.942937435125075385e-03,0.000000000000000000e+00,-6.715701978346051704e-02,-6.393604491508304843e-02,-3.062161433402128471e-02,-4.817197086633115410e-02,0.000000000000000000e+00,-3.455839471674523183e-02,1.527904026500347470e-02,8.748829312568597374e-03,0.000000000000000000e+00,-1.105467411204461015e-02,0.000000000000000000e+00,-3.094932404945446858e-02,0.000000000000000000e+00
nan,nan,nan,nan,nan,nan,nan,nan,nan,nan,nan,nan,nan,nan,nan,nan,nan,nan,nan,nan,nan,nan,nan,nan,nan,nan,nan,nan,nan,nan,nan,nan,nan,nan,nan,nan,nan,nan,nan,nan,nan,nan,nan,nan,nan,nan,nan,nan,nan,nan,nan,nan,nan,nan,nan,nan,nan,nan,nan,nan,nan,nan,nan,nan,nan,nan,nan,nan,nan,nan,nan,nan,nan,nan,nan,nan,nan,nan,nan,nan,nan,nan,nan,nan,nan,nan,nan,nan,nan,nan,nan,nan,nan,nan,nan,nan,nan,nan,nan,nan
0.000000000000000000e+00,1.167783446888440851e-02,2.578279721246101025e-02,-9.329031600915091774e-04,0.000000000000000000e+00,3.548659457058570693e-02,0.000000000000000000e+00,-3.593872921295824391e-02,-5.044427745843632627e-02,-5.319444070318659311e-03,0.000000000000000000e+00,4.521542621215695473e-02,-6.301615118408439298e-02,0.000000000000000000e+00,2.651461368490058701e-03,0.000000000000000000e+00,0.000000000000000000e+00,0.000000000000000000e+00,0.000000000000000000e+00,7.895201929761570814e-03,0.000000000000000000e+00,0.000000000000000000e+00,3.327294598019507610e-02,0.000000000000000000e+00,-7.122935750680230160e-03,0.000000000000000000e+00,0.000000000000000000e+00,4.170718525314774661e-02,1.874591391896594794e-02,0.000000000000000000e+00,0.000000000000000000e+00,2.400014036990616786e-02,2.484031496544666234e-02,8.642810177284229733e-02,4.365380261689169594e-02,0.000000000000000000e+00,0.000000000000000000e+00,0.000000000000000000e+00,0.000000000000000000e+00,3.031331658656614015e-04,-2.021990450576012510e-02,0.000000000000000000e+00,0.000000000000000000e+00,2.659079303659251867e-02,0.000000000000000000e+00,-4.444111892151911096e-03,0.000000000000000000e+00,0.000000000000000000e+00,2.370419813451707033e-02,-2.927656469298675276e-03,1.959466227101097288e-02,-6.797188568432139047e-03,0.000000000000000000e+00,-6.683970072837362893e-03,0.000000000000000000e+00,3.404360655742994998e-03,0.000000000000000000e+00,9.715644689764268982e-03,1.547126038989839192e-02,2.108681738457062263e-03,3.194337980890867013e-02,-8.528961444483116813e-03,1.043838622078950562e-02,0.000000000000000000e+00,0.000000000000000000e+00,0.000000000000000000e+00,-3.921215488214242068e-02,0.000000000000000000e+00,0.000000000000000000e+00,0.000000000000000000e+00,-2.692925297254468442e-02,0.000000000000000000e+00,0.000000000000000000e+00,0.000000000000000000e+00,0.000000000000000000e+00,0.000000000000000000e+00,1.524230336004685910e-02,2.840645745162798802e-03,0.000000000000000000e+00,0.000000000000000000e+00,-4.560851150809439036e-03,-7.025030397121239355e-03,0.000000000000000000e+00,-3.882063589389121022e-02,1.185366976069079058e-02,-2.110986417973973600e-02,0.000000000000000000e+00,1.223247732552974580e-02,4.820087314516921864e-03,2.477730716411845335e-02,-4.361034337530343002e-02,0.000000000000000000e+00,3.408479846285296030e-03,-5.025708228066388950e-02,-2.360271923075029157e-02,0.000000000000000000e+00,-2.784678559705460951e-02,0.000000000000000000e+00,2.222152071441066759e-02,0.000000000000000000e+00
nan,nan,nan,nan,nan,nan,nan,nan,nan,nan,nan,nan,nan,nan,nan,nan,nan,nan,nan,nan,nan,nan,nan,nan,nan,nan,nan,nan,nan,nan,nan,nan,nan,nan,nan,nan,nan,nan,nan,nan,nan,nan,nan,nan,nan,nan,nan,nan,nan,nan,nan,nan,nan,nan,nan,nan,nan,nan,nan,nan,nan,nan,nan,nan,nan,nan,nan,nan,nan,nan,nan,nan,nan,nan,nan,nan,nan,nan,nan,nan,nan,nan,nan,nan,nan,nan,nan,nan,nan,nan,nan,nan,nan,nan,nan,nan,nan,nan,nan,nan
nan,nan,nan,nan,nan,nan,nan,nan,nan,nan,nan,nan,nan,nan,nan,nan,nan,nan,nan,nan,nan,nan,nan,nan,nan,nan,nan,nan,nan,nan,nan,nan,nan,nan,nan,nan,nan,nan,nan,nan,nan,nan,nan,nan,nan,nan,nan,nan,nan,nan,nan,nan,nan,nan,nan,nan,nan,nan,nan,nan,nan,nan,nan,nan,nan,nan,nan,nan,nan,nan,nan,nan,nan,nan,nan,nan,nan,nan,nan,nan,nan,nan,nan,nan,nan,nan,nan,nan,nan,nan,nan,nan,nan,nan,nan,nan,nan,nan,nan,nan
0.000000000000000000e+00,5.403639362393367063e-02,8.126175698726507968e-02,6.388935481859424337e-02,0.000000000000000000e+00,-5.340480008613170820e-03,0.000000000000000000e+00,-5.463230058577314696e-02,9.115811496179669626e-02,5.841601885696341007e-04,0.000000000000000000e+00,7.665360564645025410e-02,4.586320845825856557e-02,0.000000000000000000e+00,6.194081415596288526e-02,0.000000000000000000e+00,0.000000000000000000e+00,0.000000000000000000e+00,0.000000000000000000e+00,-6.421344710405382794e-02,0.000000000000000000e+00,0.000000000000000000e+00,3.628346941805886405e-02,0.000000000000000000e+00,-1.617869656780231147e-02,0.000000000000000000e+00,0.000000000000000000e+00,3.859650253023023253e-02,-7.674620650688815382e-03,0.000000000000000000e+00,0.000000000000000000e+00,-3.782656491646416153e-02,-6.644961770468683915e-02,-3.079409508097278453e-02,2.769065792676738552e-02,0.000000000000000000e+00,0.000000000000000000e+00,0.000000000000000000e+00,0.000000000000000000e+00,-1.560622228218394233e-02,4.253881647061365234e-02,0.000000000000000000e+00,0.000000000000000000e+00,-3.107816372026716428e-02,0.000000000000000000e+00,-9.952657909250586798e-02,0.000000000000000000e+00,0.000000000000000000e+00,-4.627536353304023686e-02,-2.200799020681384194e-02,1.172046728947673117e-01,2.852633132007968697e-02,0.000000000000000000e+00,-6.017922268777699257e-02,0.000000000000000000e+00,9.919542433009294335e-02,0.000000000000000000e+00,-3.064315736846366656e-02,-4.517184610431469738e-02,-2.885440369985965009e-03,-6.898922978358833225e-03,-4.080938051805014372e-03,-1.192177679064110318e-02,0.000000000000000000e+00,0.000000000000000000e+00,0.000000000000000000e+00,-4.062562908633860631e-02,0.000000000000000000e+00,0.000000000000000000e+00,0.000000000000000000e+00,3.208131024509532081e-02,0.000000000000000000e+00,0.000000000000000000e+00,0.000000000000000000e+00,0.000000000000000000e+00,0.000000000000000000e+00,-6.146866765747467654e-02,-1.478831613631971520e-02,0.000000000000000000e+00,0.000000000000000000e+00,6.822875694420096893e-02,-2.534133293934315301e-03,0.000000000000000000e+00,-1.427761785582404297e-03,-1.965424277197385869e-02,2.789586738612086225e-02,0.000000000000000000e+00,2.890013640642979942e-02,-7.077491230213275863e-02,-1.878884707250410430e-02,-1.363004893859821876e-01,0.000000000000000000e+00,-2.303379675180231359e-02,3.878995412627751771e-02,6.165509350068903993e-02,0.000000000000000000e+00,-4.448979918412354628e-02,0.000000000000000000e+00,-4.721059733702854394e-02,0.000000000000000000e+00
0.000000000000000000e+00,-2.325313722271013170e-02,-4.270310531854801250e-02,5.075959354250345057e-02,0.000000000000000000e+00,1.195916226425850978e-02,0.000000000000000000e+00,-1.076009482405888666e-02,-3.680870588857446113e-02,9.246108953122143814e-02,0.000000000000000000e+00,-5.236693715623871176e-02,-4.044161660817120058e-02,0.000000000000000000e+00,3.209003220244106142e-02,0.000000000000000000e+00,0.000000000000000000e+00,0.000000000000000000e+00,0.000000000000000000e+00,7.707930885294430635e-03,0.000000000000000000e+00,0.000000000000000000e+00,-5.368834751574468739e-02,0.000000000000000000e+00,-5.950466220456807065e-02,0.000000000000000000e+00,0.000000000000000000e+00,-4.915241291447874222e-02,-1.559194752301501161e-02,0.000000000000000000e+00,0.000000000000000000e+00,-1.041965400179492053e-02,6.644701261905265610e-02,6.389698471270712637e-03,7.699840624634132769e-02,0.000000000000000000e+00,0.000000000000000000e+00,0.000000000000000000e+00,0.000000000000000000e+00,4.415413779166162123e-02,4.070866554872029641e-02,0.000000000000000000e+00,0.000000000000000000e+00,-3.338132079400152330e-02,0.000000000000000000e+00,4.200877069842441636e-02,0.000000000000000000e+00,0.000000000000000000e+00,-2.171657376857612926e-02,-7.361296773958221108e-03,-3.455684573537262660e-02,-6.340206499717776500e-02,0.000000000000000000e+00,-9.578141730816124716e-03,0.000000000000000000e+00,-4.469871943240535245e-02,0.000000000000000000e+00,-1.141805893962025698e-01,5.576968661358258639e-02,-1.148980719280769634e-02,-1.006861183022430932e-02,2.036040111766120736e-02,-6.674621614025702532e-02,0.000000000000000000e+00,0.000000000000000000e+00,0.000000000000000000e+00,1.991712070043496347e-02,0.000000000000000000e+00,0.000000000000000000e+00,0.000000000000000000e+00,9.383285039186279111e-03,0.000000000000000000e+00,0.000000000000000000e+00,0.000000000000000000e+00,0.000000000000000000e+00,0.000000000000000000e+00,-2.076052112144921927e-02,-2.703637454291843781e-03,0.000000000000000000e+00,0.000000000000000000e+00,-4.833765680368853901e-02,-7.275896310171543757e-02,0.000000000000000000e+00,9.465009157570691833e-02,-2.282378022685030428e-02,-1.577049685816839242e-02,0.000000000000000000e+00,1.183932953945091016e-02,-2.001380950732985220e-02,-2.169428504923916548e-02,-4.497867102939865844e-04,0.000000000000000000e+00,4.617958833417323133e-02,-3.024563452341425679e-02,-2.099282571964238009e-02,0.000000000000000000e+00,-2.269162608019262284e-02,0.000000000000000000e+00,-3.221201413476152547e-02,0.000000000000000000e+00
0.000000000000000000e+00,-6.254686137148163239e-02,1.083150990224682891e-02,3.642248863410754711e-02,0.000000000000000000e+00,-2.561464565803454538e-02,0.000000000000000000e+00,-2.208014223443778568e-04,1.750895769715248018e-02,3.751013199896045813e-02,0.000000000000000000e+00,3.912920338250827634e-02,3.998976389562011041e-02,0.000000000000000000e+00,6.387498093566376656e-02,0.000000000000000000e+00,0.000000000000000000e+00,0.000000000000000000e+00,0.000000000000000000e+00,-7.396244943399539473e-02,0.000000000000000000e+00,0.000000000000000000e+00,3.782748556401470397e-02,0.000000000000000000e+00,-4.458788878562138652e-02,0.000000000000000000e+00,0.000000000000000000e+00,-8.288590752316287585e-03,3.848390815908065213e-03,0.000000000000000000e+00,0.000000000000000000e+00,4.479509296641792648e-02,-4.048502646310058600e-02,-3.503497987261725011e-03,7.647179410186430437e-03,0.000000000000000000e+00,0.000000000000000000e+00,0.000000000000000000e+00,0.000000000000000000e+00,-1.144604577812873350e-02,-8.061964486554676346e-02,0.000000000000000000e+00,0.000000000000000000e+00,-2.920476278044954049e-02,0.000000000000000000e+00,-1.122195070610344653e-01,0.000000000000000000e+00,0.000000000000000000e+00,-1.503214081001421898e-01,2.537531952201699248e-02,-5.108505417175127072e-02,-3.521771250018456562e-02,0.000000000000000000e+00,-2.223446261870875088e-02,0.000000000000000000e+00,1.813895871639700091e-02,0.000000000000000000e+00,6.231964933610895097e-02,-2.627011368841490613e-02,-6.026417270491938455e-02,-8.398824879514271702e-02,4.778601653667149257e-02,-9.574416956505711618e-02,0.000000000000000000e+00,0.000000000000000000e+00,0.000000000000000000e+00,-1.728380152870680198e-02,0.000000000000000000e+00,0.000000000000000000e+00,0.000000000000000000e+00,3.461187507978005784e-02,0.000000000000000000e+00,0.000000000000000000e+00,0.000000000000000000e+00,0.000000000000000000e+00,0.000000000000000000e+00,-9.441359492706360990e-02,6.928986397864517199e-03,0.000000000000000000e+00,0.000000000000000000e+00,3.679241062608459151e-02,1.671007357577641156e-02,0.000000000000000000e+00,4.726653952610723741e-03,7.678997869439616562e-03,-9.540932767118819047e-02,0.000000000000000000e+00,-1.308917763397714727e-02,-6.406880653394841918e-02,5.929631445108227150e-02,4.442444842607112809e-02,0.000000000000000000e+00,-1.289263975545085900e-02,3.996793615804023619e-02,5.316683264278602300e-02,0.000000000000000000e+00,3.287822406703546849e-03,0.000000000000000000e+00,-2.377032949975399490e-02,0.000000000000000000e+00
0.000000000000000000e+00,2.920707281502878810e-02,4.327928182009377345e-02,3.806327164882004725e-03,0.000000000000000000e+00,-1.295473321620922540e-02,0.000000000000000000e+00,5.422204260063842596e-02,1.659995767618658094e-02,-1.516196450726579187e-02,0.000000000000000000e+00,8.783879512915217236e-02,-1.475617085770470835e-02,0.000000000000000000e+00,3.074947852508164159e-02,0.000000000000000000e+00,0.000000000000000000e+00,0.000000000000000000e+00,0.000000000000000000e+00,-9.433424494308574604e-02,0.000000000000000000e+00,0.000000000000000000e+00,-2.980230971820335695e-02,0.000000000000000000e+00,4.395555499716302661e-02,0.000000000000000000e+00,0.000000000000000000e+00,2.638000742038448462e-02,1.526337991874463992e-02,0.000000000000000000e+00,0.000000000000000000e+00,6.758330384420237202e-02,6.747510919210174263e-02,-4.444090592814612002e-03,-3.085705318045113207e-02,0.000000000000000000e+00,0.000000000000000000e+00,0.000000000000000000e+00,0.000000000000000000e+00,-1.260158032695425623e-04,-8.560229230996674321e-02,0.000000000000000000e+00,0.000000000000000000e+00,-4.243453779677497373e-02,0.000000000000000000e+00,-9.025287040096113822e-02,0.000000000000000000e+00,0.000000000000000000e+00,-1.665538707343077948e-02,9.418305550454357522e-02,8.104681881027871182e-02,-4.986975179127476135e-04,0.000000000000000000e+00,-4.222314488044924541e-02,0.000000000000000000e+00,4.804070835377825810e-02,0.000000000000000000e+00,8.536763794524025728e-02,1.575241873727060288e-02,4.555818844530237083e-02,-4.786616643536156790e-02,-5.836378410405532874e-02,7.236714465122100204e-02,0.000000000000000000e+00,0.000000000000000000e+00,0.000000000000000000e+00,1.878442508602553435e-02,0.000000000000000000e+00,0.000000000000000000e+00,0.000000000000000000e+00,3.711684073374080239e-02,0.000000000000000000e+00,0.000000000000000000e+00,0.000000000000000000e+00,0.000000000000000000e+00,0.000000000000000000e+00,-1.118154924549654428e-01,-2.473250373118625334e-02,0.000000000000000000e+00,0.000000000000000000e+00,7.415974092030327980e-02,-7.711486631920956569e-02,0.000000000000000000e+00,-1.513093192775280364e-02,5.527225612466825366e-02,-4.001136644892485522e-02,0.000000000000000000e+00,3.157099600840074238e-02,-1.065705151913267507e-02,-3.311866889050797073e-03,-1.452942649192428826e-01,0.000000000000000000e+00,-6.633302306588028177e-03,1.819019280829666657e-02,9.709526851489144392e-03,0.000000000000000000e+00,6.412754688993585472e-02,0.000000000000000000e+00,-2.611647112335039808e-02,0.000000000000000000e+00
nan,nan,nan,nan,nan,nan,nan,nan,nan,nan,nan,nan,nan,nan,nan,nan,nan,nan,nan,nan,nan,nan,nan,nan,nan,nan,nan,nan,nan,nan,nan,nan,nan,nan,nan,nan,nan,nan,nan,nan,nan,nan,nan,nan,nan,nan,nan,nan,nan,nan,nan,nan,nan,nan,nan,nan,nan,nan,nan,nan,nan,nan,nan,nan,nan,nan,nan,nan,nan,nan,nan,nan,nan,nan,nan,nan,nan,nan,nan,nan,nan,nan,nan,nan,nan,nan,nan,nan,nan,nan,nan,nan,nan,nan,nan,nan,nan,nan,nan,nan
0.000000000000000000e+00,-1.487225876182623509e-02,-2.200631345429945526e-02,7.806873722936749291e-03,0.000000000000000000e+00,4.087912494967716956e-03,0.000000000000000000e+00,7.315778885671642140e-03,4.895107910174829706e-03,-1.160586287802388254e-02,0.000000000000000000e+00,-5.417035098330816312e-02,-1.975258706201503747e-02,0.000000000000000000e+00,-1.545497071175888464e-02,0.000000000000000000e+00,0.000000000000000000e+00,0.000000000000000000e+00,0.000000000000000000e+00,3.063994536157597232e-02,0.000000000000000000e+00,0.000000000000000000e+00,-2.717051471726399797e-02,0.000000000000000000e+00,-2.058235852225945902e-03,0.000000000000000000e+00,0.000000000000000000e+00,1.426784599858002892e-02,0.000000000000000000e+00,0.000000000000000000e+00,0.000000000000000000e+00,-3.795118538963511423e-02,1.155559689545848645e-02,1.447490327832809398e-02,-1.198368678905391456e-02,0.000000000000000000e+00,0.000000000000000000e+00,0.000000000000000000e+00,0.000000000000000000e+00,0.000000000000000000e+00,-1.301447135781148433e-04,0.000000000000000000e+00,0.000000000000000000e+00,-9.860649919662126811e-03,0.000000000000000000e+00,-2.836319986587219552e-02,0.000000000000000000e+00,0.000000000000000000e+00,3.257458059471601830e-02,-1.197571259158037617e-02,1.818474573356263294e-02,6.339145306346184554e-03,0.000000000000000000e+00,1.215621382783801030e-03,0.000000000000000000e+00,-2.056460430538172707e-02,0.000000000000000000e+00,2.261048376870649149e-02,2.512274758065927149e-02,9.616096477128553005e-03,-9.310692481834619699e-03,-1.370373485091749572e-03,-3.316555136511886714e-02,0.000000000000000000e+00,0.000000000000000000e+00,0.000000000000000000e+00,-1.903010210680774810e-03,0.000000000000000000e+00,0.000000000000000000e+00,0.000000000000000000e+00,3.231079165090737504e-02,0.000000000000000000e+00,0.000000000000000000e+00,0.000000000000000000e+00,0.000000000000000000e+00,0.000000000000000000e+00,2.637417845637773234e-02,-8.883349969603056284e-03,0.000000000000000000e+00,0.000000000000000000e+00,3.583228591311796857e-02,-1.186745029555100021e-02,0.000000000000000000e+00,-4.242404602490128240e-02,-2.168436107140358712e-02,5.118812789946696612e-02,0.000000000000000000e+00,5.877214814666601068e-03,2.556809092818303902e-02,1.185393631510155490e-02,9.348723626402221515e-03,0.000000000000000000e+00,2.362341921987576310e-02,-1.926680775444670828e-04,0.000000000000000000e+00,0.000000000000000000e+00,3.746771790970330335e-02,0.000000000000000000e+00,8.491437107439027410e-03,0.000000000000000000e+00
nan,nan,nan,nan,nan,nan,nan,nan,nan,nan,nan,nan,nan,nan,nan,nan,nan,nan,nan,nan,nan,nan,nan,nan,nan,nan,nan,nan,nan,nan,nan,nan,nan,nan,nan,nan,nan,nan,nan,nan,nan,nan,nan,nan,nan,nan,nan,nan,nan,nan,nan,nan,nan,nan,nan,nan,nan,nan,nan,nan,nan,nan,nan,nan,nan,nan,nan,nan,nan,nan,nan,nan,nan,nan,nan,nan,nan,nan,nan,nan,nan,nan,nan,nan,nan,nan,nan,nan,nan,nan,nan,nan,nan,nan,nan,nan,nan,nan,nan,nan
0.000000000000000000e+00,-2.045651701398747829e-02,-3.871150013925397926e-02,4.125992953183514958e-03,0.000000000000000000e+00,-1.031152259250978365e-01,0.000000000000000000e+00,4.544302313806194288e-02,8.774058173824234030e-02,1.649828764825138350e-02,0.000000000000000000e+00,1.017539707529507842e-02,9.186391498961186952e-02,0.000000000000000000e+00,6.321584203557047144e-02,0.000000000000000000e+00,0.000000000000000000e+00,0.000000000000000000e+00,0.000000000000000000e+00,4.944823184060556653e-02,0.000000000000000000e+00,0.000000000000000000e+00,6.885451549917867217e-03,0.000000000000000000e+00,-1.127924935348798008e-02,0.000000000000000000e+00,0.000000000000000000e+00,3.498903416691029333e-02,-2.131556870819674779e-02,0.000000000000000000e+00,0.000000000000000000e+00,-3.080570953104400447e-03,5.131661156672441548e-02,3.744503748087473632e-03,4.518009768933463344e-02,0.000000000000000000e+00,0.000000000000000000e+00,0.000000000000000000e+00,0.000000000000000000e+00,-5.839572161303418878e-03,3.858241533124012052e-02,0.000000000000000000e+00,0.000000000000000000e+00,1.045887961793244125e-03,0.000000000000000000e+00,-2.781237136202367038e-02,0.000000000000000000e+00,0.000000000000000000e+00,-7.698583780414161581e-02,2.586403519104644652e-02,1.439607630181074724e-02,-3.530382969790151707e-03,0.000000000000000000e+00,5.943920726554619699e-02,0.000000000000000000e+00,1.984926243694603437e-02,0.000000000000000000e+00,-7.692852354705467799e-02,-2.451097171086813117e-02,-1.562202871422820570e-04,-9.463660553286036559e-02,-5.510003646700287194e-02,-6.767878233564710022e-02,0.000000000000000000e+00,0.000000000000000000e+00,0.000000000000000000e+00,-1.883051466554208977e-02,0.000000000000000000e+00,0.000000000000000000e+00,0.000000000000000000e+00,5.180058991340338176e-02,0.000000000000000000e+00,0.000000000000000000e+00,0.000000000000000000e+00,0.000000000000000000e+00,0.000000000000000000e+00,3.727453002089339829e-02,4.208646359106660989e-02,0.000000000000000000e+00,0.000000000000000000e+00,-1.327926698180089890e-02,9.590849629455283284e-03,0.000000000000000000e+00,2.953376545050452953e-02,-8.492159093593860952e-03,-2.524086518238920218e-02,0.000000000000000000e+00,1.338376339645144103e-02,4.324229498797645945e-04,5.798192103296071626e-02,-4.328199592888771347e-02,0.000000000000000000e+00,2.524949312467303711e-02,5.621950919377623201e-02,3.059748412392911641e-03,0.000000000000000000e+00,-7.704359303409737125e-02,0.000000000000000000e+00,-2.438080660366862722e-04,0.000000000000000000e+00
nan,nan,nan,nan,nan,nan,nan,nan,nan,nan,nan,nan,nan,nan,nan,nan,nan,nan,nan,nan,nan,nan,nan,nan,nan,nan,nan,nan,nan,nan,nan,nan,nan,nan,nan,nan,nan,nan,nan,nan,nan,nan,nan,nan,nan,nan,nan,nan,nan,nan,nan,nan,nan,nan,nan,nan,nan,nan,nan,nan,nan,nan,nan,nan,nan,nan,nan,nan,nan,nan,nan,nan,nan,nan,nan,nan,nan,nan,nan,nan,nan,nan,nan,nan,nan,nan,nan,nan,nan,nan,nan,nan,nan,nan,nan,nan,nan,nan,nan,nan
0.000000000000000000e+00,-6.436409003949955521e-03,1.210821647815171417e-02,-1.215577945042102537e-02,0.000000000000000000e+00,2.483646438811254638e-03,0.000000000000000000e+00,2.012879886581161321e-03,-5.947175273450001215e-03,-1.669753145606281408e-02,0.000000000000000000e+00,1.879376198417799862e-02,1.861702229008611875e-02,0.000000000000000000e+00,-8.450972580263485003e-04,0.000000000000000000e+00,0.000000000000000000e+00,0.000000000000000000e+00,0.000000000000000000e+00,5.519513796835578620e-03,0.000000000000000000e+00,0.000000000000000000e+00,3.664246924895579044e-02,0.000000000000000000e+00,-4.340248986979226842e-02,0.000000000000000000e+00,0.000000000000000000e+00,-1.003613933353886094e-02,0.000000000000000000e+00,0.000000000000000000e+00,0.000000000000000000e+00,-1.146297647434116850e-02,4.132116791759716731e-03,-5.696901690130477813e-04,1.379414558985879273e-02,0.000000000000000000e+00,0.000000000000000000e+00,0.000000000000000000e+00,0.000000000000000000e+00,-1.435193169310830952e-04,1.162715216106747877e-03,0.000000000000000000e+00,0.000000000000000000e+00,2.398805258705383539e-02,0.000000000000000000e+00,-3.774989525183210237e-02,0.000000000000000000e+00,0.000000000000000000e+00,2.171165402240057482e-02,1.053118124694569537e-02,2.013577055162967672e-02,-1.834745729062916761e-02,0.000000000000000000e+00,1.027585822520407643e-02,0.000000000000000000e+00,-6.807236010593142178e-03,0.000000000000000000e+00,-5.610220786547262181e-03,-1.730939065299501832e-03,1.060762811598112317e-03,3.137255220939279277e-04,1.107164550593239816e-02,-4.895014952812550696e-02,0.000000000000000000e+00,0.000000000000000000e+00,0.000000000000000000e+00,-1.285698758488135890e-02,0.000000000000000000e+00,0.000000000000000000e+00,0.000000000000000000e+00,1.959002948196304772e-02,0.000000000000000000e+00,0.000000000000000000e+00,0.000000000000000000e+00,0.000000000000000000e+00,0.000000000000000000e+00,-5.223625763664246913e-02,6.240947498952393452e-03,0.000000000000000000e+00,0.000000000000000000e+00,-3.895494274519688271e-02,1.361301973847701789e-03,0.000000000000000000e+00,2.077586467889153479e-02,3.402065486676398090e-03,-2.750431405304910176e-02,0.000000000000000000e+00,-1.515724139302174894e-02,9.386378540022929928e-03,1.994303861392671129e-02,4.905618566901109867e-03,0.000000000000000000e+00,1.878306136182005676e-02,-4.026890272463520826e-02,-1.991054003796183247e-02,0.000000000000000000e+00,-1.886146643416391350e-02,0.000000000000000000e+00,2.031020342478917495e-02,0.000000000000000000e+00
nan,nan,nan,nan,nan,nan,nan,nan,nan,nan,nan,nan,nan,nan,nan,nan,nan,nan,nan,nan,nan,nan,nan,nan,nan,nan,nan,nan,nan,nan,nan,nan,nan,nan,nan,nan,nan,nan,nan,nan,nan,nan,nan,nan,nan,nan,nan,nan,nan,nan,nan,nan,nan,nan,nan,nan,nan,nan,nan,nan,nan,nan,nan,nan,nan,nan,nan,nan,nan,nan,nan,nan,nan,nan,nan,nan,nan,nan,nan,nan,nan,nan,nan,nan,nan,nan,nan,nan,nan,nan,nan,nan,nan,nan,nan,nan,nan,nan,nan,nan
0.000000000000000000e+00,-5.626744058663600556e-02,1.109177957444008530e-02,-2.459950777153927653e-02,0.000000000000000000e+00,-4.946690450446111081e-03,0.000000000000000000e+00,4.618068614890136897e-02,-1.120592869861174352e-02,3.449713256779170928e-02,0.000000000000000000e+00,-4.865963549220049533e-02,-5.680323673189047184e-02,0.000000000000000000e+00,1.617554155132331500e-02,0.000000000000000000e+00,0.000000000000000000e+00,0.000000000000000000e+00,0.000000000000000000e+00,-4.468530874276750026e-03,0.000000000000000000e+00,0.000000000000000000e+00,-1.199205995258004198e-02,0.000000000000000000e+00,8.990144692806586665e-03,0.000000000000000000e+00,0.000000000000000000e+00,-6.057263004813457502e-02,-4.067056316225704793e-03,0.000000000000000000e+00,0.000000000000000000e+00,-5.047686495020332897e-02,7.815332567869157088e-02,-8.022361282459124221e-02,-2.451428921979159625e-02,0.000000000000000000e+00,0.000000000000000000e+00,0.000000000000000000e+00,0.000000000000000000e+00,-2.017590784904406062e-02,1.576248989325300734e-02,0.000000000000000000e+00,0.000000000000000000e+00,1.418584067153234526e-02,0.000000000000000000e+00,7.475843464756143364e-02,0.000000000000000000e+00,0.000000000000000000e+00,-1.621930437734041275e-02,-3.508086941553068688e-02,-4.609813132367644728e-02,2.008152045838465863e-02,0.000000000000000000e+00,8.553322465267698682e-02,0.000000000000000000e+00,-3.930775997914245229e-02,0.000000000000000000e+00,4.653323126482555860e-02,2.151746167293102502e-02,-4.936996979341880948e-02,-1.125292261050590131e-02,-5.153986627229727863e-02,8.058845185885871176e-02,0.000000000000000000e+00,0.000000000000000000e+00,0.000000000000000000e+00,1.828536383003928276e-02,0.000000000000000000e+00,0.000000000000000000e+00,0.000000000000000000e+00,2.373783764372958474e-02,0.000000000000000000e+00,0.000000000000000000e+00,0.000000000000000000e+00,0.000000000000000000e+00,0.000000000000000000e+00,3.375975216050531441e-02,8.921827418465746659e-04,0.000000000000000000e+00,0.000000000000000000e+00,3.832136982675328138e-03,-2.533767932114983079e-02,0.000000000000000000e+00,1.178932940927487905e-02,7.765225704988582001e-03,-4.147283330033111476e-02,0.000000000000000000e+00,-3.877107420514180631e-03,-1.722056176875615477e-02,3.420056059386565595e-02,8.599387656372658052e-04,0.000000000000000000e+00,-5.166954666720775802e-02,8.575943638856322812e-04,-3.936307474549299162e-03,0.000000000000000000e+00,-1.449844983995804762e-02,0.000000000000000000e+00,-3.263785764136132358e-03,0.000000000000000000e+00
0.000000000000000000e+00,2.905217110152126872e-02,1.044857925295026788e-02,-1.317549186144415137e-02,0.000000000000000000e+00,5.691981852861739168e-03,0.000000000000000000e+00,2.544578730269798569e-02,-2.937844774409032605e-02,-1.802452711391979573e-03,0.000000000000000000e+00,1.793352412603531343e-02,2.435065750486057126e-03,0.000000000000000000e+00,1.329319461851606599e-02,0.000000000000000000e+00,0.000000000000000000e+00,0.000000000000000000e+00,0.000000000000000000e+00,-2.664360434395915411e-02,0.000000000000000000e+00,0.000000000000000000e+00,8.875501979978519390e-03,0.000000000000000000e+00,1.368213948513911579e-02,0.000000000000000000e+00,0.000000000000000000e+00,4.850040083119408832e-03,0.000000000000000000e+00,0.000000000000000000e+00,0.000000000000000000e+00,-1.091587478614257020e-02,2.258164502750143604e-02,-3.460456174971164589e-02,-2.967684191507565655e-02,0.000000000000000000e+00,0.000000000000000000e+00,0.000000000000000000e+00,0.000000000000000000e+00,0.000000000000000000e+00,6.320069844539708340e-03,0.000000000000000000e+00,0.000000000000000000e+00,8.212724333360434115e-03,0.000000000000000000e+00,5.335330308129528076e-03,0.000000000000000000e+00,0.000000000000000000e+00,2.159268930020485575e-02,-1.194208680739508067e-02,6.060057774285255994e-02,1.333611723729830403e-02,0.000000000000000000e+00,-1.455490540045740674e-02,0.000000000000000000e+00,-9.578653468893782649e-03,0.000000000000000000e+00,1.169746551315648322e-02,1.247825807435613311e-02,6.179108758485018713e-03,-7.241216786215197085e-03,-1.811581961499032084e-02,5.234590666213762011e-03,0.000000000000000000e+00,0.000000000000000000e+00,0.000000000000000000e+00,-2.772517842669183774e-02,0.000000000000000000e+00,0.000000000000000000e+00,0.000000000000000000e+00,1.615373385376871196e-02,0.000000000000000000e+00,0.000000000000000000e+00,0.000000000000000000e+00,0.000000000000000000e+00,0.000000000000000000e+00,-1.714683689623287821e-02,-3.146067450874761792e-03,0.000000000000000000e+00,0.000000000000000000e+00,-2.105195420387446364e-02,1.739345092601369755e-02,0.000000000000000000e+00,-4.795052967152856234e-03,4.905253323022345027e-03,-3.562945827206180638e-02,0.000000000000000000e+00,-4.795819062562825530e-02,-7.296415219756217235e-03,-1.269404794330053141e-03,-3.060918812872808273e-03,0.000000000000000000e+00,-1.936933473526205804e-02,0.000000000000000000e+00,0.000000000000000000e+00,0.000000000000000000e+00,1.829255102317742243e-02,0.000000000000000000e+00,-8.446680182850803756e-03,0.000000000000000000e+00
nan,nan,nan,nan,nan,nan,nan,nan,nan,nan,nan,nan,nan,nan,nan,nan,nan,nan,nan,nan,nan,nan,nan,nan,nan,nan,nan,nan,nan,nan,nan,nan,nan,nan,nan,nan,nan,nan,nan,nan,nan,nan,nan,nan,nan,nan,nan,nan,nan,nan,nan,nan,nan,nan,nan,nan,nan,nan,nan,nan,nan,nan,nan,nan,nan,nan,nan,nan,nan,nan,nan,nan,nan,nan,nan,nan,nan,nan,nan,nan,nan,nan,nan,nan,nan,nan,nan,nan,nan,nan,nan,nan,nan,nan,nan,nan,nan,nan,nan,nan
0.000000000000000000e+00,2.475931150985611479e-02,-3.572122825992150863e-02,5.954174741063955438e-03,0.000000000000000000e+00,-3.638306579001779686e-03,0.000000000000000000e+00,-6.862412017585446146e-03,-2.535217226149609482e-02,-3.193914690485922733e-03,0.000000000000000000e+00,-6.995459681855766172e-03,7.894801588762712097e-03,0.000000000000000000e+00,-8.018895913052465074e-03,0.000000000000000000e+00,0.000000000000000000e+00,0.000000000000000000e+00,0.000000000000000000e+00,-1.219671093855035672e-02,0.000000000000000000e+00,0.000000000000000000e+00,-8.415566236026020969e-03,0.000000000000000000e+00,9.244756328142360313e-03,0.000000000000000000e+00,0.000000000000000000e+00,-1.823549577551795281e-03,0.000000000000000000e+00,0.000000000000000000e+00,0.000000000000000000e+00,-5.638877459058586755e-03,1.373341855323316832e-02,-1.543852972076189926e-02,-2.088602093997648027e-02,0.000000000000000000e+00,0.000000000000000000e+00,0.000000000000000000e+00,0.000000000000000000e+00,0.000000000000000000e+00,-1.791627366479267222e-02,0.000000000000000000e+00,0.000000000000000000e+00,-6.106507257507795203e-03,0.000000000000000000e+00,-3.035007609055799874e-02,0.000000000000000000e+00,0.000000000000000000e+00,6.368672866557734992e-03,-4.312826119724107871e-03,1.391182478473073324e-02,-6.912082746436819421e-04,0.000000000000000000e+00,-2.315588899250955665e-02,0.000000000000000000e+00,-4.955032190034180939e-03,0.000000000000000000e+00,1.607553183669034255e-02,0.000000000000000000e+00,2.314220189497941116e-02,1.063561548640193713e-02,0.000000000000000000e+00,1.684331004090208490e-03,0.000000000000000000e+00,0.000000000000000000e+00,0.000000000000000000e+00,-1.898717164983521055e-02,0.000000000000000000e+00,0.000000000000000000e+00,0.000000000000000000e+00,6.914365371411981473e-03,0.000000000000000000e+00,0.000000000000000000e+00,0.000000000000000000e+00,0.000000000000000000e+00,0.000000000000000000e+00,-2.641892862447839385e-02,-2.220132305713691523e-02,0.000000000000000000e+00,0.000000000000000000e+00,-6.034736759090723185e-03,6.727694346402351457e-03,0.000000000000000000e+00,3.587816804011188104e-03,3.130657532254097365e-03,2.132651818425233825e-02,0.000000000000000000e+00,-2.621494361352755698e-03,2.480167828238423727e-03,-2.557858677409057761e-03,5.190680468455096362e-03,0.000000000000000000e+00,3.630428757590174055e-02,-5.745030824822181838e-03,-2.480838791080320575e-03,0.000000000000000000e+00,2.694440352865823743e-02,0.000000000000000000e+00,-5.182718130237358445e-04,0.000000000000000000e+00
nan,nan,nan,nan,nan,nan,nan,nan,nan,nan,nan,nan,nan,nan,nan,nan,nan,nan,nan,nan,nan,nan,nan,nan,nan,nan,nan,nan,nan,nan,nan,nan,nan,nan,nan,nan,nan,nan,nan,nan,nan,nan,nan,nan,nan,nan,nan,nan,nan,nan,nan,nan,nan,nan,nan,nan,nan,nan,nan,nan,nan,nan,nan,nan,nan,nan,nan,nan,nan,nan,nan,nan,nan,nan,nan,nan,nan,nan,nan,nan,nan,nan,nan,nan,nan,nan,nan,nan,nan,nan,nan,nan,nan,nan,nan,nan,nan,nan,nan,nan
nan,nan,nan,nan,nan,nan,nan,nan,nan,nan,nan,nan,nan,nan,nan,nan,nan,nan,nan,nan,nan,nan,nan,nan,nan,nan,nan,nan,nan,nan,nan,nan,nan,nan,nan,nan,nan,nan,nan,nan,nan,nan,nan,nan,nan,nan,nan,nan,nan,nan,nan,nan,nan,nan,nan,nan,nan,nan,nan,nan,nan,nan,nan,nan,nan,nan,nan,nan,nan,nan,nan,nan,nan,nan,nan,nan,nan,nan,nan,nan,nan,nan,nan,nan,nan,nan,nan,nan,nan,nan,nan,nan,nan,nan,nan,nan,nan,nan,nan,nan
nan,nan,nan,nan,nan,nan,nan,nan,nan,nan,nan,nan,nan,nan,nan,nan,nan,nan,nan,nan,nan,nan,nan,nan,nan,nan,nan,nan,nan,nan,nan,nan,nan,nan,nan,nan,nan,nan,nan,nan,nan,nan,nan,nan,nan,nan,nan,nan,nan,nan,nan,nan,nan,nan,nan,nan,nan,nan,nan,nan,nan,nan,nan,nan,nan,nan,nan,nan,nan,nan,nan,nan,nan,nan,nan,nan,nan,nan,nan,nan,nan,nan,nan,nan,nan,nan,nan,nan,nan,nan,nan,nan,nan,nan,nan,nan,nan,nan,nan,nan
0.000000000000000000e+00,7.133335374040315757e-02,-2.783553856396349391e-02,-4.274703427722881949e-02,0.000000000000000000e+00,2.853647426971056555e-02,0.000000000000000000e+00,-2.555473993841945665e-02,-1.028476660727879743e-02,4.686220550737244667e-02,0.000000000000000000e+00,-1.238090452063461341e-02,-2.055922816982060520e-03,0.000000000000000000e+00,-2.042566759019961292e-02,0.000000000000000000e+00,0.000000000000000000e+00,0.000000000000000000e+00,0.000000000000000000e+00,-3.842371462973276711e-03,0.000000000000000000e+00,0.000000000000000000e+00,3.230392559986879075e-02,0.000000000000000000e+00,-6.830739782695958995e-02,0.000000000000000000e+00,0.000000000000000000e+00,-2.471064998321227668e-02,8.509601943405768754e-03,0.000000000000000000e+00,0.000000000000000000e+00,-3.562800288821205141e-02,6.241684382056921637e-02,1.549654471384670218e-01,3.228202337219746726e-02,0.000000000000000000e+00,0.000000000000000000e+00,0.000000000000000000e+00,0.000000000000000000e+00,9.833932782692039742e-03,-2.490362761928041624e-02,0.000000000000000000e+00,0.000000000000000000e+00,2.849576294962739148e-02,0.000000000000000000e+00,7.513699368384763044e-02,0.000000000000000000e+00,0.000000000000000000e+00,-3.532366939412240336e-02,1.462666916558016950e-02,8.593587372565708940e-03,-2.795847348762975360e-02,0.000000000000000000e+00,4.903910119791864142e-02,0.000000000000000000e+00,-1.544474150557386544e-03,0.000000000000000000e+00,-2.344066898394823670e-02,-1.757325692038598855e-02,1.203217906162717954e-02,2.791480561551955980e-02,3.207846804187709094e-02,3.509803052585475786e-02,0.000000000000000000e+00,0.000000000000000000e+00,0.000000000000000000e+00,1.120254110576935150e-02,0.000000000000000000e+00,0.000000000000000000e+00,0.000000000000000000e+00,4.705892041122592545e-02,0.000000000000000000e+00,0.000000000000000000e+00,0.000000000000000000e+00,0.000000000000000000e+00,0.000000000000000000e+00,-1.089146688146633464e-02,4.060364433322913302e-02,0.000000000000000000e+00,0.000000000000000000e+00,7.754268072993002192e-02,-3.456046224233488146e-02,0.000000000000000000e+00,2.044734202452960781e-02,-1.696233347618799139e-02,3.414157541644215199e-02,0.000000000000000000e+00,-3.343039115885316874e-03,-3.598130079661213815e-02,1.036887106604104936e-02,-3.972650798564661412e-02,0.000000000000000000e+00,1.528272926810448490e-02,3.077121118128988558e-02,1.400339001456535164e-02,0.000000000000000000e+00,-9.090352385935349111e-02,0.000000000000000000e+00,2.350095919726997995e-02,0.000000000000000000e+00
nan,nan,nan,nan,nan,nan,nan,nan,nan,nan,nan,nan,nan,nan,nan,nan,nan,nan,nan,nan,nan,nan,nan,nan,nan,nan,nan,nan,nan,nan,nan,nan,nan,nan,nan,nan,nan,nan,nan,nan,nan,nan,nan,nan,nan,nan,nan,nan,nan,nan,nan,nan,nan,nan,nan,nan,nan,nan,nan,nan,nan,nan,nan,nan,nan,nan,nan,nan,nan,nan,nan,nan,nan,nan,nan,nan,nan,nan,nan,nan,nan,nan,nan,nan,nan,nan,nan,nan,nan,nan,nan,nan,nan,nan,nan,nan,nan,nan,nan,nan
nan,nan,nan,nan,nan,nan,nan,nan,nan,nan,nan,nan,nan,nan,nan,nan,nan,nan,nan,nan,nan,nan,nan,nan,nan,nan,nan,nan,nan,nan,nan,nan,nan,nan,nan,nan,nan,nan,nan,nan,nan,nan,nan,nan,nan,nan,nan,nan,nan,nan,nan,nan,nan,nan,nan,nan,nan,nan,nan,nan,nan,nan,nan,nan,nan,nan,nan,nan,nan,nan,nan,nan,nan,nan,nan,nan,nan,nan,nan,nan,nan,nan,nan,nan,nan,nan,nan,nan,nan,nan,nan,nan,nan,nan,nan,nan,nan,nan,nan,nan
nan,nan,nan,nan,nan,nan,nan,nan,nan,nan,nan,nan,nan,nan,nan,nan,nan,nan,nan,nan,nan,nan,nan,nan,nan,nan,nan,nan,nan,nan,nan,nan,nan,nan,nan,nan,nan,nan,nan,nan,nan,nan,nan,nan,nan,nan,nan,nan,nan,nan,nan,nan,nan,nan,nan,nan,nan,nan,nan,nan,nan,nan,nan,nan,nan,nan,nan,nan,nan,nan,nan,nan,nan,nan,nan,nan,nan,nan,nan,nan,nan,nan,nan,nan,nan,nan,nan,nan,nan,nan,nan,nan,nan,nan,nan,nan,nan,nan,nan,nan
0.000000000000000000e+00,7.480281260169672347e-03,-2.102199665975079679e-07,2.402061261011109033e-02,0.000000000000000000e+00,-4.967747483039669509e-02,0.000000000000000000e+00,9.413506145030638844e-03,-5.274628037627793198e-02,5.206013787798854930e-02,0.000000000000000000e+00,-4.722157675138884125e-02,-9.988901069229005891e-02,0.000000000000000000e+00,5.220214055080400761e-02,0.000000000000000000e+00,0.000000000000000000e+00,0.000000000000000000e+00,0.000000000000000000e+00,-4.021221519696276114e-02,0.000000000000000000e+00,0.000000000000000000e+00,-7.500060540645982210e-03,0.000000000000000000e+00,-3.598780411747856678e-02,0.000000000000000000e+00,0.000000000000000000e+00,1.066934411109904217e-02,2.075051685313952093e-02,0.000000000000000000e+00,0.000000000000000000e+00,-5.155389709183576252e-02,3.262346073417457526e-02,4.905387653220850963e-02,-1.223679126045833752e-02,0.000000000000000000e+00,0.000000000000000000e+00,0.000000000000000000e+00,0.000000000000000000e+00,2.290846912214207498e-02,-9.905346560462852112e-03,0.000000000000000000e+00,0.000000000000000000e+00,2.041975313380594431e-02,0.000000000000000000e+00,2.439364525606151426e-02,0.000000000000000000e+00,0.000000000000000000e+00,-4.563090955780689517e-02,-2.033252520855950360e-02,-6.368722102655147155e-02,-3.776979163162720587e-02,0.000000000000000000e+00,2.258962977745605089e-02,0.000000000000000000e+00,-6.971554738811779062e-02,0.000000000000000000e+00,-1.395469323956829988e-03,-2.369440463006956127e-02,-5.362107760498652231e-02,-6.453029059768392375e-03,-3.742651938184045693e-03,-4.519970326251699505e-02,0.000000000000000000e+00,0.000000000000000000e+00,0.000000000000000000e+00,-1.098004675660220995e-02,0.000000000000000000e+00,0.000000000000000000e+00,0.000000000000000000e+00,-1.101909237603733958e-02,0.000000000000000000e+00,0.000000000000000000e+00,0.000000000000000000e+00,0.000000000000000000e+00,0.000000000000000000e+00,-3.061395462297828232e-02,-1.690929208805098949e-02,0.000000000000000000e+00,0.000000000000000000e+00,1.802440814436157002e-02,2.130670662569882773e-02,0.000000000000000000e+00,2.762505561933679271e-02,-5.184495367515676648e-03,5.543384017735741853e-04,0.000000000000000000e+00,4.170926061944613648e-03,-6.484601867974978950e-02,9.605660130176785216e-02,2.913145622657712513e-02,0.000000000000000000e+00,-4.969297059212404721e-02,4.742415660085480544e-02,1.819129439817582586e-02,0.000000000000000000e+00,-2.325824729755633993e-02,0.000000000000000000e+00,1.778183570595509230e-02,0.000000000000000000e+00
nan,nan,nan,nan,nan,nan,nan,nan,nan,nan,nan,nan,nan,nan,nan,nan,nan,nan,nan,nan,nan,nan,nan,nan,nan,nan,nan,nan,nan,nan,nan,nan,nan,nan,nan,nan,nan,nan,nan,nan,nan,nan,nan,nan,nan,nan,nan,nan,nan,nan,nan,nan,nan,nan,nan,nan,nan,nan,nan,nan,nan,nan,nan,nan,nan,nan,nan,nan,nan,nan,nan,nan,nan,nan,nan,nan,nan,nan,nan,nan,nan,nan,nan,nan,nan,nan,nan,nan,nan,nan,nan,nan,nan,nan,nan,nan,nan,nan,nan,nan
nan,nan,nan,nan,nan,nan,nan,nan,nan,nan,nan,nan,nan,nan,nan,nan,nan,nan,nan,nan,nan,nan,nan,nan,nan,nan,nan,nan,nan,nan,nan,nan,nan,nan,nan,nan,nan,nan,nan,nan,nan,nan,nan,nan,nan,nan,nan,nan,nan,nan,nan,nan,nan,nan,nan,nan,nan,nan,nan,nan,nan,nan,nan,nan,nan,nan,nan,nan,nan,nan,nan,nan,nan,nan,nan,nan,nan,nan,nan,nan,nan,nan,nan,nan,nan,nan,nan,nan,nan,nan,nan,nan,nan,nan,nan,nan,nan,nan,nan,nan
nan,nan,nan,nan,nan,nan,nan,nan,nan,nan,nan,nan,nan,nan,nan,nan,nan,nan,nan,nan,nan,nan,nan,nan,nan,nan,nan,nan,nan,nan,nan,nan,nan,nan,nan,nan,nan,nan,nan,nan,nan,nan,nan,nan,nan,nan,nan,nan,nan,nan,nan,nan,nan,nan,nan,nan,nan,nan,nan,nan,nan,nan,nan,nan,nan,nan,nan,nan,nan,nan,nan,nan,nan,nan,nan,nan,nan,nan,nan,nan,nan,nan,nan,nan,nan,nan,nan,nan,nan,nan,nan,nan,nan,nan,nan,nan,nan,nan,nan,nan
nan,nan,nan,nan,nan,nan,nan,nan,nan,nan,nan,nan,nan,nan,nan,nan,nan,nan,nan,nan,nan,nan,nan,nan,nan,nan,nan,nan,nan,nan,nan,nan,nan,nan,nan,nan,nan,nan,nan,nan,nan,nan,nan,nan,nan,nan,nan,nan,nan,nan,nan,nan,nan,nan,nan,nan,nan,nan,nan,nan,nan,nan,nan,nan,nan,nan,nan,nan,nan,nan,nan,nan,nan,nan,nan,nan,nan,nan,nan,nan,nan,nan,nan,nan,nan,nan,nan,nan,nan,nan,nan,nan,nan,nan,nan,nan,nan,nan,nan,nan
nan,nan,nan,nan,nan,nan,nan,nan,nan,nan,nan,nan,nan,nan,nan,nan,nan,nan,nan,nan,nan,nan,nan,nan,nan,nan,nan,nan,nan,nan,nan,nan,nan,nan,nan,nan,nan,nan,nan,nan,nan,nan,nan,nan,nan,nan,nan,nan,nan,nan,nan,nan,nan,nan,nan,nan,nan,nan,nan,nan,nan,nan,nan,nan,nan,nan,nan,nan,nan,nan,nan,nan,nan,nan,nan,nan,nan,nan,nan,nan,nan,nan,nan,nan,nan,nan,nan,nan,nan,nan,nan,nan,nan,nan,nan,nan,nan,nan,nan,nan
0.000000000000000000e+00,5.519441337683809318e-02,-3.315846469626527321e-02,8.895091815093879306e-02,0.000000000000000000e+00,1.964065131793775107e-02,0.000000000000000000e+00,-2.794738705121553590e-02,-2.880584507072312880e-02,1.836605808432493700e-02,0.000000000000000000e+00,-4.232750832841025712e-04,5.191746014222511224e-02,0.000000000000000000e+00,2.227722224058785450e-02,0.000000000000000000e+00,0.000000000000000000e+00,0.000000000000000000e+00,0.000000000000000000e+00,-3.020263939038962675e-02,0.000000000000000000e+00,0.000000000000000000e+00,-5.178410545247182951e-03,0.000000000000000000e+00,2.820735366326634561e-02,0.000000000000000000e+00,0.000000000000000000e+00,2.165735958683925877e-02,4.979865506061260591e-03,0.000000000000000000e+00,0.000000000000000000e+00,2.974230112597446574e-02,-1.089015967108825783e-03,2.770396027542476602e-03,-8.417468440321280998e-02,0.000000000000000000e+00,0.000000000000000000e+00,0.000000000000000000e+00,0.000000000000000000e+00,2.919956631633467345e-02,-5.503872317186926655e-02,0.000000000000000000e+00,0.000000000000000000e+00,-8.136255548195480553e-04,0.000000000000000000e+00,3.622730522532563446e-02,0.000000000000000000e+00,0.000000000000000000e+00,-1.566227852563741724e-02,3.572880857214179307e-02,1.133098303847789382e-02,4.183931902763009247e-02,0.000000000000000000e+00,-6.931966200266920577e-03,0.000000000000000000e+00,-2.121877531901573619e-02,0.000000000000000000e+00,6.984345196095693986e-02,-1.289002789310109663e-02,-3.363806033423763497e-02,6.022348327269676921e-02,2.249617525840345161e-02,1.388903799124407978e-02,0.000000000000000000e+00,0.000000000000000000e+00,0.000000000000000000e+00,1.768921341613572534e-02,0.000000000000000000e+00,0.000000000000000000e+00,0.000000000000000000e+00,3.178371189595408097e-02,0.000000000000000000e+00,0.000000000000000000e+00,0.000000000000000000e+00,0.000000000000000000e+00,0.000000000000000000e+00,1.468539450224089910e-02,-3.352195195174055564e-02,0.000000000000000000e+00,0.000000000000000000e+00,1.393996211504590702e-02,1.401158469604734530e-02,0.000000000000000000e+00,8.821243394519721892e-03,1.192408292111040401e-02,-6.362447804316774536e-02,0.000000000000000000e+00,-1.259074444533319487e-02,5.249868064190402542e-03,5.893981217236746867e-02,-1.459096362078153401e-02,0.000000000000000000e+00,-2.667552597752056304e-02,-2.012444506755242321e-02,-1.344897329385044173e-02,0.000000000000000000e+00,4.185660683865598253e-02,0.000000000000000000e+00,-8.135840577907180529e-03,0.000000000000000000e+00
0.000000000000000000e+00,5.208731223732363663e-04,-1.423439475946080765e-02,1.085330985953188512e-02,0.000000000000000000e+00,1.429683153830635031e-03,0.000000000000000000e+00,-7.116891938412997498e-02,-4.487627078744515358e-02,-7.080618030108934424e-02,0.000000000000000000e+00,4.761431994664520884e-02,5.628422707369751254e-02,0.000000000000000000e+00,-6.153382016253564069e-02,0.000000000000000000e+00,0.000000000000000000e+00,0.000000000000000000e+00,0.000000000000000000e+00,-3.417998399837703094e-02,0.000000000000000000e+00,0.000000000000000000e+00,1.206435736227928768e-02,0.000000000000000000e+00,1.323585297313059628e-02,0.000000000000000000e+00,0.000000000000000000e+00,1.445900771186673511e-03,-2.508994491271587281e-03,0.000000000000000000e+00,0.000000000000000000e+00,6.259550601398584588e-03,-1.532299445417136322e-02,6.640452266903559830e-02,1.924304450804227226e-02,0.000000000000000000e+00,0.000000000000000000e+00,0.000000000000000000e+00,0.000000000000000000e+00,-2.156314188142561747e-03,-1.381626504477880546e-01,0.000000000000000000e+00,0.000000000000000000e+00,-2.057350848106165656e-02,0.000000000000000000e+00,1.021401108145030684e-02,0.000000000000000000e+00,0.000000000000000000e+00,-5.861330869547027450e-02,1.070085325431817946e-01,-2.570895926060039194e-02,9.055370634018442000e-04,0.000000000000000000e+00,4.670400542109296588e-02,0.000000000000000000e+00,-6.339582668904227003e-02,0.000000000000000000e+00,-4.685285555812306046e-02,2.013415258996089849e-02,2.040692302112722192e-02,1.119399720497392565e-02,1.035902636893401146e-01,1.167249473905118684e-03,0.000000000000000000e+00,0.000000000000000000e+00,0.000000000000000000e+00,1.189864628222760644e-02,0.000000000000000000e+00,0.000000000000000000e+00,0.000000000000000000e+00,1.992285326320617639e-02,0.000000000000000000e+00,0.000000000000000000e+00,0.000000000000000000e+00,0.000000000000000000e+00,0.000000000000000000e+00,-2.737430362679374451e-02,1.744954436087461230e-02,0.000000000000000000e+00,0.000000000000000000e+00,8.460106427580778299e-02,-7.207726645615888939e-02,0.000000000000000000e+00,-7.511719903056031378e-02,-1.420465849754028176e-02,-8.626139676340366380e-02,0.000000000000000000e+00,-4.279553777379999091e-02,1.091933702170899169e-02,-7.313298706633089910e-03,3.280927352586714141e-02,0.000000000000000000e+00,-2.160276540519060970e-02,5.665185414647420231e-03,-1.109629248617300876e-02,0.000000000000000000e+00,-1.274868819934844161e-03,0.000000000000000000e+00,4.019536642253007663e-02,0.000000000000000000e+00
nan,nan,nan,nan,nan,nan,nan,nan,nan,nan,nan,nan,nan,nan,nan,nan,nan,nan,nan,nan,nan,nan,nan,nan,nan,nan,nan,nan,nan,nan,nan,nan,nan,nan,nan,nan,nan,nan,nan,nan,nan,nan,nan,nan,nan,nan,nan,nan,nan,nan,nan,nan,nan,nan,nan,nan,nan,nan,nan,nan,nan,nan,nan,nan,nan,nan,nan,nan,nan,nan,nan,nan,nan,nan,nan,nan,nan,nan,nan,nan,nan,nan,nan,nan,nan,nan,nan,nan,nan,nan,nan,nan,nan,nan,nan,nan,nan,nan,nan,nan
nan,nan,nan,nan,nan,nan,nan,nan,nan,nan,nan,nan,nan,nan,nan,nan,nan,nan,nan,nan,nan,nan,nan,nan,nan,nan,nan,nan,nan,nan,nan,nan,nan,nan,nan,nan,nan,nan,nan,nan,nan,nan,nan,nan,nan,nan,nan,nan,nan,nan,nan,nan,nan,nan,nan,nan,nan,nan,nan,nan,nan,nan,nan,nan,nan,nan,nan,nan,nan,nan,nan,nan,nan,nan,nan,nan,nan,nan,nan,nan,nan,nan,nan,nan,nan,nan,nan,nan,nan,nan,nan,nan,nan,nan,nan,nan,nan,nan,nan,nan
0.000000000000000000e+00,-1.509781255155289922e-02,-2.548979705181585870e-02,2.090172014828561853e-02,0.000000000000000000e+00,-8.765905918319213258e-03,0.000000000000000000e+00,4.171680183482455451e-03,3.466838075876051140e-02,-1.733675421613515774e-02,0.000000000000000000e+00,2.337604156927944321e-02,-2.067201858228484568e-02,0.000000000000000000e+00,-6.836702329517558262e-03,0.000000000000000000e+00,0.000000000000000000e+00,0.000000000000000000e+00,0.000000000000000000e+00,-5.054679846952020959e-03,0.000000000000000000e+00,0.000000000000000000e+00,-1.265019327468539304e-02,0.000000000000000000e+00,3.593889647292695944e-02,0.000000000000000000e+00,0.000000000000000000e+00,1.962362164313468174e-02,0.000000000000000000e+00,0.000000000000000000e+00,0.000000000000000000e+00,4.927838972734871481e-02,-4.356875132196572076e-02,-4.788247419034195179e-03,-8.807260054531824284e-03,0.000000000000000000e+00,0.000000000000000000e+00,0.000000000000000000e+00,0.000000000000000000e+00,0.000000000000000000e+00,7.493787654110326685e-03,0.000000000000000000e+00,0.000000000000000000e+00,2.068031167943525962e-04,0.000000000000000000e+00,2.843123438558140328e-02,0.000000000000000000e+00,0.000000000000000000e+00,-2.206589147598257694e-02,-1.143495334871784050e-02,5.990020482869675214e-03,1.876346153000347725e-02,0.000000000000000000e+00,9.477553676639030936e-03,0.000000000000000000e+00,-4.324583324192053310e-03,0.000000000000000000e+00,8.259623155587085541e-03,1.032789111683234812e-02,4.385163247986719783e-03,-7.059178603939890440e-03,1.145205145027112896e-02,3.589726758500302872e-02,0.000000000000000000e+00,0.000000000000000000e+00,0.000000000000000000e+00,-9.900058866247776410e-03,0.000000000000000000e+00,0.000000000000000000e+00,0.000000000000000000e+00,1.253063273513151457e-02,0.000000000000000000e+00,0.000000000000000000e+00,0.000000000000000000e+00,0.000000000000000000e+00,0.000000000000000000e+00,6.909925545020116633e-03,1.071797820918041037e-02,0.000000000000000000e+00,0.000000000000000000e+00,-3.923485144000156410e-03,8.436503258108438846e-03,0.000000000000000000e+00,-3.322718929716324959e-02,-8.231002968780939434e-04,7.307791813722847030e-03,0.000000000000000000e+00,-1.357641549344163270e-02,-3.051001764306148119e-03,6.352394829299887365e-03,-1.696877670573579411e-02,0.000000000000000000e+00,1.250057186670532755e-02,0.000000000000000000e+00,0.000000000000000000e+00,0.000000000000000000e+00,-1.039790166676590223e-02,0.000000000000000000e+00,-1.748915184555943289e-02,0.000000000000000000e+00
0.000000000000000000e+00,-4.509669278621979138e-02,-4.589779415189007561e-02,-5.725608950443707157e-02,0.000000000000000000e+00,1.176937109840947918e-02,0.000000000000000000e+00,4.248595331589678087e-02,-1.133421749064611739e-01,-6.139159998513483291e-02,0.000000000000000000e+00,-7.730983475198416333e-02,-4.487575330771285953e-05,0.000000000000000000e+00,1.219750222473918282e-02,0.000000000000000000e+00,0.000000000000000000e+00,0.000000000000000000e+00,0.000000000000000000e+00,-3.152382919846348844e-03,0.000000000000000000e+00,0.000000000000000000e+00,-2.412036612983256556e-02,0.000000000000000000e+00,1.252525243252953016e-02,0.000000000000000000e+00,0.000000000000000000e+00,2.048774588173962741e-02,1.494311807196315595e-02,0.000000000000000000e+00,0.000000000000000000e+00,-8.836236250231635503e-02,-6.086001008652712485e-02,-2.228070997263770225e-02,3.078047310555372812e-02,0.000000000000000000e+00,0.000000000000000000e+00,0.000000000000000000e+00,0.000000000000000000e+00,-1.207930277336981360e-03,-1.020644432717817129e-01,0.000000000000000000e+00,0.000000000000000000e+00,1.928368478865900848e-02,0.000000000000000000e+00,3.176320399062122768e-02,0.000000000000000000e+00,0.000000000000000000e+00,-4.957487223447604174e-02,6.562491478006625412e-02,-7.626827927348608926e-02,2.910698809520070179e-02,0.000000000000000000e+00,-1.080540128357503592e-02,0.000000000000000000e+00,1.920763071519255433e-02,0.000000000000000000e+00,-2.841351806782496658e-02,-8.101583010150821898e-03,-3.762779944457816939e-02,-6.541644899219334341e-02,-4.266867404050551232e-02,-1.032484821890568283e-02,0.000000000000000000e+00,0.000000000000000000e+00,0.000000000000000000e+00,-2.428756998153885557e-02,0.000000000000000000e+00,0.000000000000000000e+00,0.000000000000000000e+00,-6.315209009934297235e-02,0.000000000000000000e+00,0.000000000000000000e+00,0.000000000000000000e+00,0.000000000000000000e+00,0.000000000000000000e+00,1.302075915250798348e-02,-1.019891221541215087e-02,0.000000000000000000e+00,0.000000000000000000e+00,5.271768730456878604e-03,1.482471985205048234e-02,0.000000000000000000e+00,-4.929562186786552724e-02,-4.052823619049167499e-03,7.619938765536536651e-03,0.000000000000000000e+00,-8.703124232169130725e-03,1.269854181252022193e-02,9.793990011831104486e-03,5.319097155278423861e-04,0.000000000000000000e+00,3.073314174525029405e-02,5.186568239608839448e-02,3.142278424384954000e-02,0.000000000000000000e+00,3.377537533334239173e-02,0.000000000000000000e+00,-2.246127668731584103e-03,0.000000000000000000e+00
nan,nan,nan,nan,nan,nan,nan,nan,nan,nan,nan,nan,nan,nan,nan,nan,nan,nan,nan,nan,nan,nan,nan,nan,nan,nan,nan,nan,nan,nan,nan,nan,nan,nan,nan,nan,nan,nan,nan,nan,nan,nan,nan,nan,nan,nan,nan,nan,nan,nan,nan,nan,nan,nan,nan,nan,nan,nan,nan,nan,nan,nan,nan,nan,nan,nan,nan,nan,nan,nan,nan,nan,nan,nan,nan,nan,nan,nan,nan,nan,nan,nan,nan,nan,nan,nan,nan,nan,nan,nan,nan,nan,nan,nan,nan,nan,nan,nan,nan,nan
0.000000000000000000e+00,2.128217774275651536e-02,-3.507837356488418840e-04,-3.135842346723121538e-02,0.000000000000000000e+00,4.546758055878305504e-02,0.000000000000000000e+00,1.173303076971248839e-02,8.148031379583002554e-02,2.338885485116308852e-02,0.000000000000000000e+00,-4.417000881975359852e-03,-2.235756022032844154e-02,0.000000000000000000e+00,-3.345754270413104497e-03,0.000000000000000000e+00,0.000000000000000000e+00,0.000000000000000000e+00,0.000000000000000000e+00,9.666360919422724296e-02,0.000000000000000000e+00,0.000000000000000000e+00,1.754324347428068420e-02,0.000000000000000000e+00,-1.999920232732720071e-02,0.000000000000000000e+00,0.000000000000000000e+00,-1.365836717562014108e-02,1.817822086535931039e-02,0.000000000000000000e+00,0.000000000000000000e+00,-4.162245624950729889e-02,5.491827883742915473e-02,8.213798229848699728e-02,9.290181519855330444e-03,0.000000000000000000e+00,0.000000000000000000e+00,0.000000000000000000e+00,0.000000000000000000e+00,7.703973511866404542e-03,4.868669015971181790e-02,0.000000000000000000e+00,0.000000000000000000e+00,3.254760382575814376e-02,0.000000000000000000e+00,1.019563862747521893e-01,0.000000000000000000e+00,0.000000000000000000e+00,3.577031378753238455e-02,-1.090753956300355570e-01,-4.132698583661743169e-02,4.209559962490428266e-04,0.000000000000000000e+00,5.463472220679269770e-02,0.000000000000000000e+00,-4.019316123661052960e-03,0.000000000000000000e+00,-9.778881692455172747e-03,6.921035877077092238e-03,-2.289334549993458923e-02,5.065017359304817973e-02,-9.070126658626024782e-03,1.424429200065378300e-02,0.000000000000000000e+00,0.000000000000000000e+00,0.000000000000000000e+00,-2.746743106235950693e-02,0.000000000000000000e+00,0.000000000000000000e+00,0.000000000000000000e+00,-2.757408812284722899e-02,0.000000000000000000e+00,0.000000000000000000e+00,0.000000000000000000e+00,0.000000000000000000e+00,0.000000000000000000e+00,4.070568305564550154e-02,9.265230263844551062e-02,0.000000000000000000e+00,0.000000000000000000e+00,-2.318819480104945992e-03,8.515948836098825858e-02,0.000000000000000000e+00,1.839513962001568942e-02,-6.371014635729130293e-02,5.000706944018825512e-02,0.000000000000000000e+00,-3.883170940261037457e-03,4.795924620358978790e-02,-1.305042436241542377e-02,-5.219322386021716526e-02,0.000000000000000000e+00,3.778237531111914432e-02,3.813804682202908553e-02,1.106984605792890987e-03,0.000000000000000000e+00,-3.486219446231947350e-02,0.000000000000000000e+00,-3.186722229629629366e-02,0.000000000000000000e+00
0.000000000000000000e+00,2.347823548949041356e-02,-6.837677416760527468e-03,-8.739528356868934977e-02,0.000000000000000000e+00,-1.498083931965177133e-02,0.000000000000000000e+00,-1.722659135711268694e-03,-3.022517079735814738e-02,8.620647202032954981e-03,0.000000000000000000e+00,-6.370812339224287552e-03,6.528760312990303238e-02,0.000000000000000000e+00,8.686528360674116225e-04,0.000000000000000000e+00,0.000000000000000000e+00,0.000000000000000000e+00,0.000000000000000000e+00,2.586374460906847375e-02,0.000000000000000000e+00,0.000000000000000000e+00,4.332302342423655084e-02,0.000000000000000000e+00,-8.592873806026815608e-02,0.000000000000000000e+00,0.000000000000000000e+00,3.656874832717327273e-02,-2.766561287679452849e-02,0.000000000000000000e+00,0.000000000000000000e+00,2.561263055740979969e-02,4.117832822878150084e-02,6.111547158933246238e-02,6.243846738863463586e-02,0.000000000000000000e+00,0.000000000000000000e+00,0.000000000000000000e+00,0.000000000000000000e+00,1.563964540587268678e-02,5.244720150283364163e-02,0.000000000000000000e+00,0.000000000000000000e+00,7.158354537967101874e-03,0.000000000000000000e+00,2.485582540794739267e-02,0.000000000000000000e+00,0.000000000000000000e+00,-2.531233000324624102e-02,7.964191873725823267e-02,-1.420738063949356436e-02,-7.649587645378461143e-02,0.000000000000000000e+00,7.906490535474774983e-02,0.000000000000000000e+00,-4.353819803042484338e-02,0.000000000000000000e+00,-5.311350670945666486e-02,3.751959109685863020e-02,-3.622040585798468743e-02,2.276859224446827271e-02,4.233904916872963109e-02,-7.088381884389660659e-02,0.000000000000000000e+00,0.000000000000000000e+00,0.000000000000000000e+00,1.995443332293302466e-02,0.000000000000000000e+00,0.000000000000000000e+00,0.000000000000000000e+00,3.014925728655037940e-02,0.000000000000000000e+00,0.000000000000000000e+00,0.000000000000000000e+00,0.000000000000000000e+00,0.000000000000000000e+00,-2.077011793360736269e-02,4.558673923184908272e-02,0.000000000000000000e+00,0.000000000000000000e+00,-9.487603450056583676e-02,5.119127090659684846e-03,0.000000000000000000e+00,5.188145861851243407e-02,-3.203037233660883769e-03,-9.753775247089962325e-03,0.000000000000000000e+00,-4.545439166595997837e-02,1.327459685318544119e-03,3.546897639032399289e-03,2.305684255857533976e-02,0.000000000000000000e+00,3.964870064067665956e-02,1.583146284603995438e-03,-8.007430243953833973e-03,0.000000000000000000e+00,-4.899461098187166130e-02,0.000000000000000000e+00,-9.108579370488781041e-04,0.000000000000000000e+00
0.000000000000000000e+00,-3.054363434011646544e-03,-4.764762702467983252e-02,-2.218707089448643255e-02,0.000000000000000000e+00,-4.145530176410113649e-02,0.000000000000000000e+00,2.756343766596972174e-03,-3.800077747902931569e-02,1.605736824283469227e-02,0.000000000000000000e+00,1.785391198440000257e-02,2.223845174027958005e-02,0.000000000000000000e+00,2.401479592925311046e-02,0.000000000000000000e+00,0.000000000000000000e+00,0.000000000000000000e+00,0.000000000000000000e+00,-4.998605647278391712e-02,0.000000000000000000e+00,0.000000000000000000e+00,-7.216901836594349744e-03,0.000000000000000000e+00,1.144652511634316680e-02,0.000000000000000000e+00,0.000000000000000000e+00,2.580355608694101174e-02,0.000000000000000000e+00,0.000000000000000000e+00,0.000000000000000000e+00,5.724446924156618988e-02,-1.912792762664949561e-02,5.457538745349371084e-02,-2.360366943453073157e-02,0.000000000000000000e+00,0.000000000000000000e+00,0.000000000000000000e+00,0.000000000000000000e+00,0.000000000000000000e+00,-3.803422092532252746e-02,0.000000000000000000e+00,0.000000000000000000e+00,-5.243629726246539120e-03,0.000000000000000000e+00,-2.496608084563511562e-03,0.000000000000000000e+00,0.000000000000000000e+00,-5.772072521964347058e-02,3.541063013614054872e-02,7.743615183895297994e-03,8.685963404801908677e-03,0.000000000000000000e+00,-1.028130468467830516e-02,0.000000000000000000e+00,8.154893970341709625e-03,0.000000000000000000e+00,1.197178066449703163e-02,-1.155050769803913323e-02,-3.974740324809104830e-02,9.593834693605951189e-03,1.524179301806431915e-02,3.300033118242683139e-02,0.000000000000000000e+00,0.000000000000000000e+00,0.000000000000000000e+00,-1.663230831188603105e-03,0.000000000000000000e+00,0.000000000000000000e+00,0.000000000000000000e+00,-1.929438703339826644e-02,0.000000000000000000e+00,0.000000000000000000e+00,0.000000000000000000e+00,0.000000000000000000e+00,0.000000000000000000e+00,-1.967458629745287915e-02,2.311049105326185016e-02,0.000000000000000000e+00,0.000000000000000000e+00,1.164100379076082100e-03,-9.100188846281175720e-03,0.000000000000000000e+00,-1.722313507080180592e-02,1.202109264995676607e-02,2.803000421491339596e-03,0.000000000000000000e+00,-6.867336731580321423e-03,-2.327502943898914975e-02,2.506004295003517665e-02,-5.262691906764992850e-03,0.000000000000000000e+00,1.632516113784846304e-02,1.685041418839681310e-02,3.228512323534308073e-03,0.000000000000000000e+00,7.681332197586451457e-03,0.000000000000000000e+00,-1.792169975326354109e-02,0.000000000000000000e+00
nan,nan,nan,nan,nan,nan,nan,nan,nan,nan,nan,nan,nan,nan,nan,nan,nan,nan,nan,nan,nan,nan,nan,nan,nan,nan,nan,nan,nan,nan,nan,nan,nan,nan,nan,nan,nan,nan,nan,nan,nan,nan,nan,nan,nan,nan,nan,nan,nan,nan,nan,nan,nan,nan,nan,nan,nan,nan,nan,nan,nan,nan,nan,nan,nan,nan,nan,nan,nan,nan,nan,nan,nan,nan,nan,nan,nan,nan,nan,nan,nan,nan,nan,nan,nan,nan,nan,nan,nan,nan,nan,nan,nan,nan,nan,nan,nan,nan,nan,nan
0.000000000000000000e+00,8.006709893217837937e-02,3.772171500017015150e-02,-8.474193450305743391e-02,0.000000000000000000e+00,3.179596086580734754e-02,0.000000000000000000e+00,-2.386023250901402395e-02,3.621963195787378936e-02,8.084557193167614397e-02,0.000000000000000000e+00,-5.368929838129044008e-02,1.955304015042376442e-02,0.000000000000000000e+00,-4.667005811593967490e-02,0.000000000000000000e+00,0.000000000000000000e+00,0.000000000000000000e+00,0.000000000000000000e+00,-1.237216452165353260e-02,0.000000000000000000e+00,0.000000000000000000e+00,1.523844288658884535e-02,0.000000000000000000e+00,-3.459178651728141152e-02,0.000000000000000000e+00,0.000000000000000000e+00,-2.033899328702263101e-02,2.083234928096271837e-02,0.000000000000000000e+00,0.000000000000000000e+00,-2.750103087716734493e-02,5.072358351146241673e-02,-5.302283727448416778e-02,1.553495570428062994e-02,0.000000000000000000e+00,0.000000000000000000e+00,0.000000000000000000e+00,0.000000000000000000e+00,-6.498213865728930463e-03,7.361540514674701219e-02,0.000000000000000000e+00,0.000000000000000000e+00,1.802102098531144225e-02,0.000000000000000000e+00,5.215933633209386688e-02,0.000000000000000000e+00,0.000000000000000000e+00,-4.657716980350530556e-02,-2.612667807482219745e-02,1.204958850544279002e-02,-5.161256573558224703e-02,0.000000000000000000e+00,2.852974149356107825e-02,0.000000000000000000e+00,-3.802628266317208128e-02,0.000000000000000000e+00,2.752363848566812682e-02,3.803867637637087934e-02,-1.946706187059418086e-02,6.997925920894813856e-02,3.457506221062849744e-02,8.403829958353326024e-02,0.000000000000000000e+00,0.000000000000000000e+00,0.000000000000000000e+00,9.083392644203994865e-03,0.000000000000000000e+00,0.000000000000000000e+00,0.000000000000000000e+00,-3.348902712382194335e-02,0.000000000000000000e+00,0.000000000000000000e+00,0.000000000000000000e+00,0.000000000000000000e+00,0.000000000000000000e+00,5.860506381474809429e-02,2.373580091026888245e-02,0.000000000000000000e+00,0.000000000000000000e+00,-4.666693374924145432e-02,2.371145794961827813e-02,0.000000000000000000e+00,7.171379542924146908e-03,3.882976678568568485e-02,1.874243854635858353e-02,0.000000000000000000e+00,9.380991379331566141e-04,-6.946433637270761630e-02,9.844999373350440952e-03,-3.805624354748867594e-02,0.000000000000000000e+00,8.434235101321364489e-04,-5.830228957516697674e-04,1.591460930625489267e-02,0.000000000000000000e+00,-2.859763680311864370e-02,0.000000000000000000e+00,-5.192931543002637235e-02,0.000000000000000000e+00
0.000000000000000000e+00,-3.531561578213484459e-02,-9.902534799787376940e-02,2.213072102400293062e-02,0.000000000000000000e+00,-3.763400841127858415e-02,0.000000000000000000e+00,6.726614294139510175e-03,-7.050024777560249915e-03,3.274198844999428367e-03,0.000000000000000000e+00,-4.547997901990738501e-02,-4.351175849196481024e-03,0.000000000000000000e+00,-6.190189823739762620e-03,0.000000000000000000e+00,0.000000000000000000e+00,0.000000000000000000e+00,0.000000000000000000e+00,1.136480827295156294e-02,0.000000000000000000e+00,0.000000000000000000e+00,-4.681842986738809359e-02,0.000000000000000000e+00,-3.395517976714874930e-02,0.000000000000000000e+00,0.000000000000000000e+00,-3.713134023803957295e-02,-2.249336659951276310e-02,0.000000000000000000e+00,0.000000000000000000e+00,-7.740865154932137504e-02,-1.622619344512443718e-02,-1.513420510370837302e-03,1.351254566678743163e-02,0.000000000000000000e+00,0.000000000000000000e+00,0.000000000000000000e+00,0.000000000000000000e+00,-1.071333451094616529e-02,-4.261573008839735638e-02,0.000000000000000000e+00,0.000000000000000000e+00,-5.904748775331820042e-03,0.000000000000000000e+00,-1.044088430477410276e-02,0.000000000000000000e+00,0.000000000000000000e+00,7.722578248976829512e-03,4.767193584662557382e-02,-2.312244625135313758e-02,7.255445504503584865e-03,0.000000000000000000e+00,2.222796289992763977e-02,0.000000000000000000e+00,5.191447719402206284e-03,0.000000000000000000e+00,-1.518258452691793534e-02,1.803547127663730071e-02,-3.556437589274738520e-02,-1.965830148870157876e-02,1.592615943090663899e-02,-5.251552632219491645e-02,0.000000000000000000e+00,0.000000000000000000e+00,0.000000000000000000e+00,6.760155123465717841e-02,0.000000000000000000e+00,0.000000000000000000e+00,0.000000000000000000e+00,5.797234510214610559e-02,0.000000000000000000e+00,0.000000000000000000e+00,0.000000000000000000e+00,0.000000000000000000e+00,0.000000000000000000e+00,-4.133270391440447417e-02,2.639186193513750125e-04,0.000000000000000000e+00,0.000000000000000000e+00,1.049403781154787177e-02,-2.624719545755737488e-02,0.000000000000000000e+00,-8.170211563681773273e-03,6.003054788688986371e-03,4.085446638310050171e-02,0.000000000000000000e+00,3.683114225178082263e-02,-5.742608949665501360e-04,-8.144288015499070305e-03,6.203022007301216972e-02,0.000000000000000000e+00,4.835890439101881572e-02,-2.216499839738924477e-02,-2.295525950400690088e-02,0.000000000000000000e+00,1.386579317173674674e-03,0.000000000000000000e+00,-1.963272930917994014e-02,0.000000000000000000e+00
0.000000000000000000e+00,-3.233943836785224679e-02,-1.479362487644242732e-02,-2.253110338174044765e-03,0.000000000000000000e+00,2.039355608682689655e-02,0.000000000000000000e+00,8.485843775397242106e-02,-2.889014031297943222e-02,-8.616699396289474733e-02,0.000000000000000000e+00,-7.540789456551666436e-02,8.616386136837828058e-02,0.000000000000000000e+00,-3.506847050345963251e-02,0.000000000000000000e+00,0.000000000000000000e+00,0.000000000000000000e+00,0.000000000000000000e+00,1.789562850661679042e-02,0.000000000000000000e+00,0.000000000000000000e+00,-1.724102645621082563e-02,0.000000000000000000e+00,1.564214807746527186e-02,0.000000000000000000e+00,0.000000000000000000e+00,5.605597480421100828e-03,4.377135452719347133e-03,0.000000000000000000e+00,0.000000000000000000e+00,3.102189031074823605e-02,2.652709958036986171e-03,5.101776070648676720e-02,6.250398571487986166e-03,0.000000000000000000e+00,0.000000000000000000e+00,0.000000000000000000e+00,0.000000000000000000e+00,1.424389268853253543e-03,-6.256151815790207682e-02,0.000000000000000000e+00,0.000000000000000000e+00,4.648756940148316558e-02,0.000000000000000000e+00,-4.109983776567437824e-02,0.000000000000000000e+00,0.000000000000000000e+00,4.850082189997047960e-02,5.731736031796148823e-02,-5.711816906631154295e-02,9.179722389744026517e-03,0.000000000000000000e+00,-1.473380621639805953e-02,0.000000000000000000e+00,-2.363517730856488572e-02,0.000000000000000000e+00,-2.145340669299091937e-02,3.417550132957659220e-02,-5.111206361355016131e-02,-4.465849353571072627e-02,1.751575260571655232e-02,-7.023466053793095409e-02,0.000000000000000000e+00,0.000000000000000000e+00,0.000000000000000000e+00,-1.199276414069781922e-03,0.000000000000000000e+00,0.000000000000000000e+00,0.000000000000000000e+00,-4.361393321913704241e-02,0.000000000000000000e+00,0.000000000000000000e+00,0.000000000000000000e+00,0.000000000000000000e+00,0.000000000000000000e+00,-3.576785413457977264e-02,-3.107553508251145909e-03,0.000000000000000000e+00,0.000000000000000000e+00,3.683385990143422939e-03,4.714448503701061666e-02,0.000000000000000000e+00,-5.411875800656038016e-03,1.913001068568650001e-02,5.063441540018707304e-02,0.000000000000000000e+00,-1.216321479316139105e-03,2.669615934025446058e-02,-2.256539136420362621e-02,6.318821087229010980e-02,0.000000000000000000e+00,3.165827693438592882e-02,-5.095322190658052586e-02,-1.606470778169937982e-02,0.000000000000000000e+00,2.422510263011969089e-02,0.000000000000000000e+00,-6.713562228137306097e-03,0.000000000000000000e+00
nan,nan,nan,nan,nan,nan,nan,nan,nan,nan,nan,nan,nan,nan,nan,nan,nan,nan,nan,nan,nan,nan,nan,nan,nan,nan,nan,nan,nan,nan,nan,nan,nan,nan,nan,nan,nan,nan,nan,nan,nan,nan,nan,nan,nan,nan,nan,nan,nan,nan,nan,nan,nan,nan,nan,nan,nan,nan,nan,nan,nan,nan,nan,nan,nan,nan,nan,nan,nan,nan,nan,nan,nan,nan,nan,nan,nan,nan,nan,nan,nan,nan,nan,nan,nan,nan,nan,nan,nan,nan,nan,nan,nan,nan,nan,nan,nan,nan,nan,nan
nan,nan,nan,nan,nan,nan,nan,nan,nan,nan,nan,nan,nan,nan,nan,nan,nan,nan,nan,nan,nan,nan,nan,nan,nan,nan,nan,nan,nan,nan,nan,nan,nan,nan,nan,nan,nan,nan,nan,nan,nan,nan,nan,nan,nan,nan,nan,nan,nan,nan,nan,nan,nan,nan,nan,nan,nan,nan,nan,nan,nan,nan,nan,nan,nan,nan,nan,nan,nan,nan,nan,nan,nan,nan,nan,nan,nan,nan,nan,nan,nan,nan,nan,nan,nan,nan,nan,nan,nan,nan,nan,nan,nan,nan,nan,nan,nan,nan,nan,nan
0.000000000000000000e+00,-3.191471071469347692e-02,1.435173679624043505e-02,3.027696439871576523e-02,0.000000000000000000e+00,2.917604881529027583e-02,0.000000000000000000e+00,3.220464272434185593e-03,-8.183273010679628645e-04,-8.240877245893021841e-03,0.000000000000000000e+00,-1.615123974205986274e-02,-2.266357230399795517e-02,0.000000000000000000e+00,-7.311348683060605105e-03,0.000000000000000000e+00,0.000000000000000000e+00,0.000000000000000000e+00,0.000000000000000000e+00,-1.111126917238691291e-03,0.000000000000000000e+00,0.000000000000000000e+00,-1.600740232120964265e-02,0.000000000000000000e+00,1.024406033604899346e-02,0.000000000000000000e+00,0.000000000000000000e+00,5.351819489860027389e-03,0.000000000000000000e+00,0.000000000000000000e+00,0.000000000000000000e+00,1.558806547938399595e-02,-6.532728632173526867e-03,1.233100097095737521e-02,-3.273513773670751192e-02,0.000000000000000000e+00,0.000000000000000000e+00,0.000000000000000000e+00,0.000000000000000000e+00,3.083100048805593324e-02,3.304446872973301232e-03,0.000000000000000000e+00,0.000000000000000000e+00,1.255537333969335666e-02,0.000000000000000000e+00,3.480855525022832214e-02,0.000000000000000000e+00,0.000000000000000000e+00,-1.550079791687763303e-02,-6.392642888958964195e-03,-1.988556419382170315e-03,3.355012731946475923e-02,0.000000000000000000e+00,-1.507680308136516781e-02,0.000000000000000000e+00,-6.081167167075786535e-03,0.000000000000000000e+00,2.292079403686914790e-02,0.000000000000000000e+00,5.896531780942884139e-03,-1.934477614576149765e-02,9.555368750409510420e-03,1.175130732081881846e-02,0.000000000000000000e+00,0.000000000000000000e+00,0.000000000000000000e+00,-2.080998726510683780e-03,0.000000000000000000e+00,0.000000000000000000e+00,0.000000000000000000e+00,2.127800437420230076e-02,0.000000000000000000e+00,0.000000000000000000e+00,0.000000000000000000e+00,0.000000000000000000e+00,0.000000000000000000e+00,3.007288038469928954e-03,1.281178562984959871e-02,0.000000000000000000e+00,0.000000000000000000e+00,-7.255689964577458767e-03,8.371683778893123165e-03,0.000000000000000000e+00,-1.783512539014403889e-02,-1.399191643914324962e-02,-2.344368327400615445e-02,0.000000000000000000e+00,-2.553874977320773690e-02,-2.618630219578603393e-03,1.536883487375901094e-02,-1.625917723142200622e-02,0.000000000000000000e+00,-1.158740696247145558e-03,0.000000000000000000e+00,0.000000000000000000e+00,0.000000000000000000e+00,-7.175544907287652839e-03,0.000000000000000000e+00,-5.502068636330927770e-03,0.000000000000000000e+00
nan,nan,nan,nan,nan,nan,nan,nan,nan,nan,nan,nan,nan,nan,nan,nan,nan,nan,nan,nan,nan,nan,nan,nan,nan,nan,nan,nan,nan,nan,nan,nan,nan,nan,nan,nan,nan,nan,nan,nan,nan,nan,nan,nan,nan,nan,nan,nan,nan,nan,nan,nan,nan,nan,nan,nan,nan,nan,nan,nan,nan,nan,nan,nan,nan,nan,nan,nan,nan,nan,nan,nan,nan,nan,nan,nan,nan,nan,nan,nan,nan,nan,nan,nan,nan,nan,nan,nan,nan,nan,nan,nan,nan,nan,nan,nan,nan,nan,nan,nan
nan,nan,nan,nan,nan,nan,nan,nan,nan,nan,nan,nan,nan,nan,nan,nan,nan,nan,nan,nan,nan,nan,nan,nan,nan,nan,nan,nan,nan,nan,nan,nan,nan,nan,nan,nan,nan,nan,nan,nan,nan,nan,nan,nan,nan,nan,nan,nan,nan,nan,nan,nan,nan,nan,nan,nan,nan,nan,nan,nan,nan,nan,nan,nan,nan,nan,nan,nan,nan,nan,nan,nan,nan,nan,nan,nan,nan,nan,nan,nan,nan,nan,nan,nan,nan,nan,nan,nan,nan,nan,nan,nan,nan,nan,nan,nan,nan,nan,nan,nan
nan,nan,nan,nan,nan,nan,nan,nan,nan,nan,nan,nan,nan,nan,nan,nan,nan,nan,nan,nan,nan,nan,nan,nan,nan,nan,nan,nan,nan,nan,nan,nan,nan,nan,nan,nan,nan,nan,nan,nan,nan,nan,nan,nan,nan,nan,nan,nan,nan,nan,nan,nan,nan,nan,nan,nan,nan,nan,nan,nan,nan,nan,nan,nan,nan,nan,nan,nan,nan,nan,nan,nan,nan,nan,nan,nan,nan,nan,nan,nan,nan,nan,nan,nan,nan,nan,nan,nan,nan,nan,nan,nan,nan,nan,nan,nan,nan,nan,nan,nan
0.000000000000000000e+00,1.040927140161624492e-01,4.419561894197621826e-02,1.500416086814678265e-02,0.000000000000000000e+00,-3.854533888635963690e-02,0.000000000000000000e+00,-8.361843056663444129e-02,3.828497798436032024e-02,-5.292902516615479586e-02,0.000000000000000000e+00,5.287655161038014306e-02,-9.479602164786264662e-03,0.000000000000000000e+00,-1.789159249058082726e-02,0.000000000000000000e+00,0.000000000000000000e+00,0.000000000000000000e+00,0.000000000000000000e+00,1.664621374163881978e-02,0.000000000000000000e+00,0.000000000000000000e+00,6.608154537880490953e-02,0.000000000000000000e+00,-2.186062171392330611e-02,0.000000000000000000e+00,0.000000000000000000e+00,5.736038945505002318e-02,1.333655185339781973e-02,0.000000000000000000e+00,0.000000000000000000e+00,-8.353241034730604642e-02,-4.454383669083395586e-02,-6.479118498608406329e-02,3.696025368707849326e-03,0.000000000000000000e+00,0.000000000000000000e+00,0.000000000000000000e+00,0.000000000000000000e+00,-3.742998631625245320e-02,-5.970977537523447509e-02,0.000000000000000000e+00,0.000000000000000000e+00,-1.470261418755983499e-02,0.000000000000000000e+00,-8.012355932919656976e-02,0.000000000000000000e+00,0.000000000000000000e+00,-2.998874028231931881e-04,4.030996725757443611e-02,8.061355184281740124e-03,-4.649285187812391557e-02,0.000000000000000000e+00,7.355213993277674722e-03,0.000000000000000000e+00,6.957714484218878448e-02,0.000000000000000000e+00,-1.075136525282334790e-02,-5.596206079294250429e-02,1.430385903516121493e-01,6.910417979365514329e-03,-1.659516106379019945e-03,1.179823123075297853e-02,0.000000000000000000e+00,0.000000000000000000e+00,0.000000000000000000e+00,4.588640657786764027e-02,0.000000000000000000e+00,0.000000000000000000e+00,0.000000000000000000e+00,4.657572911492710577e-02,0.000000000000000000e+00,0.000000000000000000e+00,0.000000000000000000e+00,0.000000000000000000e+00,0.000000000000000000e+00,-4.250555549929578569e-02,-3.559600126753068722e-02,0.000000000000000000e+00,0.000000000000000000e+00,-1.960387255268266141e-02,2.138365644974287230e-03,0.000000000000000000e+00,-2.254225045418052978e-02,3.039998845377420503e-02,5.269493665857186149e-02,0.000000000000000000e+00,5.236612612895542862e-02,1.658365400445325696e-02,4.155900248245351924e-05,2.422764259169063461e-02,0.000000000000000000e+00,-2.821775083106306189e-02,3.658185234364799698e-02,-1.001838815453048176e-02,0.000000000000000000e+00,-9.787057500934394708e-03,0.000000000000000000e+00,6.816751944180637901e-02,0.000000000000000000e+00
nan,nan,nan,nan,nan,nan,nan,nan,nan,nan,nan,nan,nan,nan,nan,nan,nan,nan,nan,nan,nan,nan,nan,nan,nan,nan,nan,nan,nan,nan,nan,nan,nan,nan,nan,nan,nan,nan,nan,nan,nan,nan,nan,nan,nan,nan,nan,nan,nan,nan,nan,nan,nan,nan,nan,nan,nan,nan,nan,nan,nan,nan,nan,nan,nan,nan,nan,nan,nan,nan,nan,nan,nan,nan,nan,nan,nan,nan,nan,nan,nan,nan,nan,nan,nan,nan,nan,nan,nan,nan,nan,nan,nan,nan,nan,nan,nan,nan,nan,nan
0.000000000000000000e+00,6.301618145322962494e-02,2.853682445508137072e-02,5.459765494112862882e-02,0.000000000000000000e+00,-4.087532170564289052e-02,0.000000000000000000e+00,1.201692455125775126e-02,5.170293109018855165e-02,-7.395302742473031099e-02,0.000000000000000000e+00,3.391226475602374807e-02,1.900414661974413888e-01,0.000000000000000000e+00,1.893718260092353001e-02,0.000000000000000000e+00,0.000000000000000000e+00,0.000000000000000000e+00,0.000000000000000000e+00,-6.382073539270141649e-02,0.000000000000000000e+00,0.000000000000000000e+00,2.034703963706207402e-02,0.000000000000000000e+00,-6.530409729629747806e-02,0.000000000000000000e+00,0.000000000000000000e+00,3.989645607106623998e-02,-3.788536174761548969e-02,0.000000000000000000e+00,0.000000000000000000e+00,-8.066662375429195508e-02,-1.298630633244214107e-02,6.723614059257057574e-02,1.133261903332294027e-02,0.000000000000000000e+00,0.000000000000000000e+00,0.000000000000000000e+00,0.000000000000000000e+00,2.172908623478535597e-02,-2.374665365529971678e-02,0.000000000000000000e+00,0.000000000000000000e+00,3.951370061336204054e-02,0.000000000000000000e+00,3.107631840906344145e-02,0.000000000000000000e+00,0.000000000000000000e+00,2.474319486312279853e-02,1.026037279899509255e-02,-8.438387209635663314e-03,4.530760767440566300e-02,0.000000000000000000e+00,-2.118854865219468864e-02,0.000000000000000000e+00,2.262052960063139218e-02,0.000000000000000000e+00,-1.982654057926882055e-02,-1.071121632806937840e-01,-5.947064297885346768e-02,2.264233600771199673e-02,6.789829217172096976e-03,-4.345272723646177726e-02,0.000000000000000000e+00,0.000000000000000000e+00,0.000000000000000000e+00,-1.147648047027024880e-03,0.000000000000000000e+00,0.000000000000000000e+00,0.000000000000000000e+00,1.249272114380290885e-02,0.000000000000000000e+00,0.000000000000000000e+00,0.000000000000000000e+00,0.000000000000000000e+00,0.000000000000000000e+00,-1.135249292683306599e-01,1.696204491087238350e-03,0.000000000000000000e+00,0.000000000000000000e+00,3.744523048445595748e-02,2.289683602735581580e-02,0.000000000000000000e+00,2.152029571359522636e-02,-2.091555582997835921e-02,9.846233474146970366e-02,0.000000000000000000e+00,-1.909844044084918827e-02,-7.131064361888253544e-02,1.837322113223614772e-02,-5.088412194042191139e-02,0.000000000000000000e+00,1.003969106359223033e-02,-3.463809171593529301e-02,-1.824972308473122445e-02,0.000000000000000000e+00,-5.116970137521986012e-02,0.000000000000000000e+00,-3.912711511648826745e-02,0.000000000000000000e+00
nan,nan,nan,nan,nan,nan,nan,nan,nan,nan,nan,nan,nan,nan,nan,nan,nan,nan,nan,nan,nan,nan,nan,nan,nan,nan,nan,nan,nan,nan,nan,nan,nan,nan,nan,nan,nan,nan,nan,nan,nan,nan,nan,nan,nan,nan,nan,nan,nan,nan,nan,nan,nan,nan,nan,nan,nan,nan,nan,nan,nan,nan,nan,nan,nan,nan,nan,nan,nan,nan,nan,nan,nan,nan,nan,nan,nan,nan,nan,nan,nan,nan,nan,nan,nan,nan,nan,nan,nan,nan,nan,nan,nan,nan,nan,nan,nan,nan,nan,nan
